% # columns="iteration, evaluation, sigma, max axis length,  min axis length, all principal axes lengths  (sorted square roots of eigenvalues of C)", seed=2567, Fri Aug 28 18:40:49 2026
1 9 0.9449729899729059 1.0000428580612375 1.0 1.0 1.0000071428826531 1.000014285816327 1.000021428801022 1.0000285718367385 1.0000357149234769 1.0000428580612375
1 9 0.9449729899729059 1.0000428580612375 1.0 1.0 1.0000071428826531 1.000014285816327 1.000021428801022 1.0000285718367385 1.0000357149234769 1.0000428580612375
1 9 0.9449729899729058 1.0000428580612375 1.0 1.0 1.0000071428826531 1.000014285816327 1.000021428801022 1.0000285718367385 1.0000357149234769 1.0000428580612375
1 9 0.944972989972906 1.0000428580612375 1.0 1.0 1.0000071428826531 1.000014285816327 1.000021428801022 1.0000285718367385 1.0000357149234769 1.0000428580612375
1 9 0.9449729899729059 1.0000428580612375 1.0 1.0 1.0000071428826531 1.000014285816327 1.000021428801022 1.0000285718367385 1.0000357149234769 1.0000428580612375
1 9 0.9449729899729059 1.0000428580612375 1.0 1.0 1.0000071428826531 1.000014285816327 1.000021428801022 1.0000285718367385 1.0000357149234769 1.0000428580612375
2 18 0.9087555735421704 1.126369205128034 0.8851708818606809 0.8851708818606809 0.9485617773418601 0.9868362317270263 0.9927785810819169 1.0063302658540096 1.0123976495569553 1.126369205128034
2 18 0.9087555735421707 1.1263692051280338 0.8851708818606808 0.8851708818606808 0.9485617773418604 0.9868362317270264 0.992778581081917 1.0063302658540096 1.0123976495569553 1.1263692051280338
2 18 0.9087555735421707 1.126369205128034 0.8851708818606809 0.8851708818606809 0.9485617773418603 0.9868362317270263 0.9927785810819171 1.0063302658540094 1.0123976495569553 1.126369205128034
2 18 0.9087555735421708 1.1263692051280343 0.885170881860681 0.885170881860681 0.9485617773418603 0.9868362317270264 0.9927785810819169 1.0063302658540096 1.0123976495569553 1.1263692051280343
2 18 0.908755573542171 1.126369205128034 0.8851708818606809 0.8851708818606809 0.9485617773418603 0.9868362317270265 0.9927785810819171 1.0063302658540096 1.0123976495569555 1.126369205128034
2 18 0.9087555735421712 1.126369205128034 0.8851708818606808 0.8851708818606808 0.9485617773418602 0.9868362317270265 0.9927785810819171 1.0063302658540099 1.0123976495569555 1.126369205128034
3 27 0.8929064494700618 1.1706296278479276 0.8166714491269306 0.8166714491269306 0.8880147572391089 0.9831097760766375 0.9899217784293427 1.0033655693124945 1.0387063046559808 1.1706296278479276
3 27 0.892906449470062 1.1706296278479273 0.8166714491269306 0.8166714491269306 0.8880147572391087 0.9831097760766374 0.9899217784293427 1.003365569312494 1.0387063046559808 1.1706296278479273
3 27 0.8929064494700624 1.1706296278479276 0.8166714491269306 0.8166714491269306 0.8880147572391089 0.9831097760766375 0.9899217784293427 1.003365569312494 1.038706304655981 1.1706296278479276
3 27 0.8929064494700621 1.1706296278479276 0.8166714491269303 0.8166714491269303 0.888014757239109 0.9831097760766376 0.9899217784293427 1.0033655693124943 1.0387063046559808 1.1706296278479276
3 27 0.8929064494700619 1.1706296278479273 0.8166714491269307 0.8166714491269307 0.888014757239109 0.9831097760766376 0.9899217784293427 1.003365569312494 1.0387063046559808 1.1706296278479273
3 27 0.8929064494700617 1.1706296278479273 0.8166714491269309 0.8166714491269309 0.8880147572391093 0.9831097760766376 0.989921778429343 1.0033655693124945 1.038706304655981 1.1706296278479273
4 36 0.9107936243491093 1.1906440337393627 0.8154822524085172 0.8154822524085172 0.8837576973858077 0.9445315569915063 0.9519965056339881 0.9955754487810599 1.0302083162154798 1.1906440337393627
4 36 0.9107936243491095 1.1906440337393627 0.8154822524085169 0.8154822524085169 0.8837576973858072 0.9445315569915061 0.951996505633988 0.9955754487810601 1.0302083162154798 1.1906440337393627
4 36 0.9107936243491096 1.1906440337393625 0.8154822524085169 0.8154822524085169 0.8837576973858075 0.9445315569915063 0.9519965056339881 0.9955754487810595 1.0302083162154798 1.1906440337393625
4 36 0.9107936243491087 1.1906440337393625 0.8154822524085172 0.8154822524085172 0.8837576973858072 0.9445315569915063 0.9519965056339877 0.9955754487810599 1.03020831621548 1.1906440337393625
4 36 0.9107936243491088 1.1906440337393627 0.8154822524085171 0.8154822524085171 0.883757697385807 0.9445315569915064 0.9519965056339882 0.9955754487810601 1.0302083162154798 1.1906440337393627
4 36 0.9107936243491089 1.1906440337393627 0.8154822524085171 0.8154822524085171 0.8837576973858072 0.9445315569915064 0.9519965056339877 0.99557544878106 1.0302083162154798 1.1906440337393627
5 45 0.9600110149980424 1.1935252032746055 0.8106942182965252 0.8106942182965252 0.8820989687645925 0.9164507323904313 0.9619029336221568 0.9949861693964077 1.0213411018890153 1.1935252032746055
5 45 0.9600110149980415 1.1935252032746058 0.8106942182965253 0.8106942182965253 0.8820989687645923 0.9164507323904312 0.9619029336221571 0.9949861693964077 1.021341101889015 1.1935252032746058
5 45 0.9600110149980426 1.193525203274606 0.8106942182965253 0.8106942182965253 0.8820989687645925 0.9164507323904314 0.9619029336221572 0.9949861693964078 1.0213411018890153 1.193525203274606
5 45 0.9600110149980414 1.1935252032746058 0.8106942182965254 0.8106942182965254 0.8820989687645924 0.9164507323904315 0.9619029336221567 0.9949861693964075 1.021341101889015 1.1935252032746058
5 45 0.9600110149980423 1.193525203274606 0.8106942182965255 0.8106942182965255 0.8820989687645923 0.9164507323904313 0.9619029336221571 0.9949861693964077 1.0213411018890153 1.193525203274606
5 45 0.9600110149980416 1.1935252032746058 0.8106942182965253 0.8106942182965253 0.882098968764592 0.9164507323904314 0.961902933622157 0.9949861693964076 1.021341101889015 1.1935252032746058
6 54 1.046901611262995 1.2278376670372628 0.7711898811207856 0.7711898811207856 0.8696179108195573 0.8992971894117069 0.9449977206790164 0.9888270749199961 1.0594283921591863 1.2278376670372628
6 54 1.0469016112629943 1.2278376670372626 0.7711898811207852 0.7711898811207852 0.8696179108195574 0.8992971894117068 0.9449977206790161 0.9888270749199961 1.0594283921591865 1.2278376670372626
6 54 1.0469016112629932 1.227837667037262 0.7711898811207853 0.7711898811207853 0.8696179108195567 0.8992971894117066 0.9449977206790162 0.9888270749199961 1.059428392159186 1.227837667037262
6 54 1.0469016112629939 1.2278376670372622 0.7711898811207856 0.7711898811207856 0.869617910819557 0.8992971894117069 0.9449977206790163 0.9888270749199963 1.0594283921591863 1.2278376670372622
6 54 1.0469016112629932 1.2278376670372624 0.7711898811207856 0.7711898811207856 0.8696179108195572 0.8992971894117067 0.9449977206790161 0.9888270749199961 1.0594283921591858 1.2278376670372624
6 54 1.0469016112629934 1.2278376670372628 0.7711898811207856 0.7711898811207856 0.869617910819557 0.8992971894117069 0.9449977206790166 0.988827074919996 1.0594283921591865 1.2278376670372628
7 63 0.9808150963897805 1.2657885140185687 0.7379546181306953 0.7379546181306953 0.8591527163261011 0.8901384854286094 0.9507345645006466 0.9753978019472536 1.0992692936399449 1.2657885140185687
7 63 0.9808150963897795 1.2657885140185685 0.737954618130695 0.737954618130695 0.8591527163261012 0.8901384854286092 0.9507345645006466 0.9753978019472535 1.0992692936399444 1.2657885140185685
7 63 0.9808150963897788 1.265788514018568 0.7379546181306949 0.7379546181306949 0.859152716326101 0.8901384854286088 0.950734564500646 0.9753978019472535 1.0992692936399446 1.265788514018568
7 63 0.9808150963897785 1.2657885140185683 0.7379546181306946 0.7379546181306946 0.859152716326101 0.890138485428609 0.9507345645006463 0.9753978019472532 1.099269293639944 1.2657885140185683
7 63 0.980815096389779 1.2657885140185685 0.7379546181306946 0.7379546181306946 0.8591527163261009 0.890138485428609 0.9507345645006462 0.9753978019472533 1.0992692936399442 1.2657885140185685
7 63 0.9808150963897795 1.2657885140185685 0.7379546181306945 0.7379546181306945 0.8591527163261008 0.890138485428609 0.9507345645006459 0.9753978019472531 1.0992692936399446 1.2657885140185685
8 72 0.9955610830343333 1.2898689637104317 0.7228033539344143 0.7228033539344143 0.814097283715179 0.8734066110308973 0.9223711154457753 0.9598699320998738 1.1112717806503705 1.2898689637104317
8 72 0.9439356079277104 1.2898689637104321 0.7228033539344142 0.7228033539344142 0.8140972837151792 0.8734066110308972 0.9223711154457755 0.9598699320998743 1.1112717806503707 1.2898689637104321
8 72 0.9439356079277089 1.2898689637104315 0.7228033539344139 0.7228033539344139 0.8140972837151793 0.8734066110308971 0.9223711154457753 0.9598699320998741 1.111271780650371 1.2898689637104315
8 72 0.9439356079277094 1.2898689637104317 0.7228033539344139 0.7228033539344139 0.8140972837151786 0.8734066110308971 0.9223711154457752 0.9598699320998739 1.1112717806503711 1.2898689637104317
8 72 0.943935607927708 1.2898689637104317 0.7228033539344138 0.7228033539344138 0.814097283715179 0.8734066110308971 0.9223711154457755 0.9598699320998739 1.1112717806503702 1.2898689637104317
8 72 0.9439356079277089 1.289868963710432 0.7228033539344139 0.7228033539344139 0.8140972837151792 0.8734066110308973 0.9223711154457752 0.9598699320998743 1.1112717806503707 1.289868963710432
9 81 0.965896639094801 1.247327529780676 0.737299469134599 0.737299469134599 0.7730973360761723 0.880725837780502 0.9258827939175626 0.9916133969058011 1.0797967938803634 1.247327529780676
9 81 0.8206293312726286 1.2664399659170198 0.7324498539075109 0.7324498539075109 0.7752825815097256 0.8752276830115867 0.9206154639145262 0.9566337857219561 1.083302373789331 1.2664399659170198
9 81 0.8513798812064012 1.277599408172532 0.7325985218548579 0.7325985218548579 0.7671978778625731 0.8747678338861807 0.9223233775415968 0.9558010902375237 1.0843200690877381 1.277599408172532
9 81 0.8206293312726274 1.26643996591702 0.7324498539075108 0.7324498539075108 0.7752825815097253 0.8752276830115872 0.9206154639145265 0.9566337857219561 1.083302373789331 1.26643996591702
9 81 0.8206293312726289 1.2664399659170198 0.7324498539075105 0.7324498539075105 0.7752825815097255 0.8752276830115868 0.9206154639145261 0.9566337857219561 1.083302373789331 1.2664399659170198
9 81 0.8206293312726286 1.26643996591702 0.7324498539075105 0.7324498539075105 0.7752825815097253 0.875227683011587 0.920615463914526 0.9566337857219561 1.083302373789331 1.26643996591702
10 90 0.7289711996298516 1.2255364932731065 0.7148785441479363 0.7148785441479363 0.7673902316751042 0.8486481045490498 0.9009211698653844 0.9600392491055082 1.0890508664392144 1.2255364932731065
10 90 0.8857070582603395 1.2349294344364872 0.731808168988028 0.731808168988028 0.7701691263556247 0.863342469461737 0.9188414399784117 0.9914127941732527 1.0441563101045401 1.2349294344364872
10 90 0.7289711996298504 1.2255364932731065 0.7148785441479362 0.7148785441479362 0.7673902316751045 0.8486481045490497 0.9009211698653845 0.9600392491055081 1.089050866439214 1.2255364932731065
10 90 0.7289711996298519 1.2255364932731072 0.7148785441479361 0.7148785441479361 0.7673902316751047 0.84864810454905 0.9009211698653845 0.9600392491055082 1.089050866439215 1.2255364932731072
10 90 0.8078747559212417 1.2481392992524392 0.723468007042387 0.723468007042387 0.7582564097692883 0.8637571243681542 0.9069236499021028 0.9467089397812519 1.0952835148057924 1.2481392992524392
10 90 0.7289711996298516 1.225536493273107 0.714878544147936 0.714878544147936 0.7673902316751041 0.8486481045490498 0.9009211698653846 0.9600392491055082 1.0890508664392142 1.225536493273107
11 99 0.8154028175505734 1.2308112802767028 0.6655812784303349 0.6655812784303349 0.7588802275059509 0.8546386684098262 0.922729105595945 0.9977658304392626 1.0415164806454815 1.2308112802767028
11 99 0.658182954566088 1.2322835265309395 0.6948897702989093 0.6948897702989093 0.7474488860764593 0.7939228755964652 0.8800255082520128 0.9639024086679162 1.1002798035383698 1.2322835265309395
11 99 0.6581829545660886 1.2322835265309395 0.6948897702989096 0.6948897702989096 0.7474488860764593 0.793922875596465 0.8800255082520129 0.9639024086679162 1.1002798035383703 1.2322835265309395
11 99 0.6581829545660882 1.2322835265309393 0.6948897702989097 0.6948897702989097 0.7474488860764592 0.7939228755964647 0.8800255082520128 0.9639024086679161 1.10027980353837 1.2322835265309393
11 99 0.6581829545660871 1.232283526530939 0.6948897702989092 0.6948897702989092 0.7474488860764593 0.7939228755964649 0.880025508252013 0.9639024086679161 1.1002798035383696 1.232283526530939
11 99 0.8331957561926445 1.244393137407945 0.678238789440413 0.678238789440413 0.7425746987227592 0.844759702584255 0.9268182885926758 0.9419431250576213 1.105643067511682 1.244393137407945
12 108 0.7587252535166238 1.2233922937342925 0.6668769370870616 0.6668769370870616 0.7185722809656799 0.7909903030590357 0.930542724357366 0.994358418896087 1.0402549672992654 1.2233922937342925
12 108 0.6545252902319133 1.2116877144865588 0.694391725220219 0.694391725220219 0.7033603402928381 0.8059033266435836 0.8593210984500983 0.9915529495238388 1.054680197271247 1.2116877144865588
12 108 0.654525290231914 1.2116877144865592 0.6943917252202189 0.6943917252202189 0.7033603402928381 0.8059033266435837 0.8593210984500983 0.9915529495238389 1.0546801972712474 1.2116877144865592
12 108 0.6545252902319124 1.2116877144865588 0.6943917252202184 0.6943917252202184 0.7033603402928381 0.8059033266435836 0.8593210984500983 0.9915529495238388 1.0546801972712467 1.2116877144865588
12 108 0.7805308994169261 1.251081570019136 0.6757172135944984 0.6757172135944984 0.6924131501474695 0.8087218604459244 0.9152489788922292 0.9753001915506907 1.159354315789878 1.251081570019136
12 108 0.6545252902319132 1.211687714486559 0.6943917252202185 0.6943917252202185 0.7033603402928381 0.8059033266435838 0.8593210984500984 0.9915529495238389 1.0546801972712467 1.211687714486559
13 117 0.6633481010970335 1.138457145529548 0.6535001551967574 0.6535001551967574 0.7039618073824292 0.786479114828134 0.9464770927917328 0.9873885346935894 1.031950082161324 1.138457145529548
13 117 0.602422371043557 1.3102608527877555 0.6567062701344429 0.6567062701344429 0.6839992183588885 0.8008784809212529 0.8316375216026974 1.0069107109716875 1.0557616592472543 1.3102608527877555
13 117 0.6024223710435581 1.310260852787756 0.6567062701344427 0.6567062701344427 0.6839992183588885 0.8008784809212526 0.8316375216026968 1.0069107109716877 1.0557616592472547 1.310260852787756
13 117 0.6024223710435577 1.3102608527877553 0.6567062701344426 0.6567062701344426 0.6839992183588889 0.8008784809212525 0.8316375216026971 1.0069107109716873 1.0557616592472545 1.3102608527877553
13 117 0.797176179331306 1.2903067719659829 0.6537596752081076 0.6537596752081076 0.6906362134142627 0.8059264401356829 0.8994161460368891 0.9493428373786563 1.142431872524325 1.2903067719659829
13 117 0.6024223710435577 1.3102608527877557 0.656706270134442 0.656706270134442 0.6839992183588884 0.8008784809212528 0.831637521602697 1.0069107109716877 1.0557616592472545 1.3102608527877557
14 126 0.6047168603697054 1.1095621882588365 0.6423960860527916 0.6423960860527916 0.6784470129633047 0.7765834131636247 0.9039932868142219 0.9830780445106512 1.0399377606503866 1.1095621882588365
14 126 0.5854219039113706 1.2424077558065942 0.6348133773097855 0.6348133773097855 0.6649425509063416 0.7944127249790481 0.8129527408152462 1.0161891185694023 1.0737419846006242 1.2424077558065942
14 126 0.9398803603999784 1.3282751051099069 0.6349751916559333 0.6349751916559333 0.6766651281806418 0.788983042132014 0.9082130282676678 1.0056568013560767 1.1327122579891598 1.3282751051099069
14 126 0.5854219039113713 1.242407755806594 0.6348133773097855 0.6348133773097855 0.6649425509063422 0.7944127249790477 0.8129527408152464 1.0161891185694023 1.0737419846006242 1.242407755806594
14 126 0.5854219039113713 1.2424077558065945 0.634813377309785 0.634813377309785 0.6649425509063419 0.7944127249790477 0.8129527408152466 1.0161891185694023 1.0737419846006238 1.2424077558065945
14 126 0.5854219039113716 1.242407755806595 0.6348133773097857 0.6348133773097857 0.6649425509063419 0.7944127249790475 0.8129527408152464 1.016189118569403 1.0737419846006244 1.242407755806595
15 135 0.6436897705386986 1.1061248750512709 0.5979787555138089 0.5979787555138089 0.6750272368136941 0.7782824908588747 0.8983066743683626 0.9933508096004038 1.029286119075848 1.1061248750512709
15 135 0.5797498023185446 1.2374376567435972 0.6111951004271892 0.6111951004271892 0.654235133349486 0.7565384805572439 0.8000526281270726 1.0295386264505992 1.1167539318536754 1.2374376567435972
15 135 0.8655317777034395 1.3979038382931745 0.5925413187444725 0.5925413187444725 0.6655271989786914 0.7940249023390452 0.9118373774520941 1.0464523459794994 1.1897084066154802 1.3979038382931745
15 135 0.5797498023185456 1.2374376567435974 0.6111951004271892 0.6111951004271892 0.654235133349486 0.756538480557244 0.8000526281270726 1.0295386264505997 1.1167539318536757 1.2374376567435974
15 135 0.5978422546143433 1.237437656743597 0.6111951004271896 0.6111951004271896 0.6542351333494862 0.7565384805572442 0.8000526281270727 1.0295386264505995 1.1167539318536754 1.237437656743597
15 135 0.5797498023185452 1.2374376567435972 0.6111951004271892 0.6111951004271892 0.6542351333494857 0.756538480557244 0.8000526281270725 1.0295386264505992 1.1167539318536757 1.2374376567435972
16 144 0.6421313468021472 1.2308310171633208 0.5692982042703852 0.5692982042703852 0.6534646066302142 0.7539483029454062 0.9197466788263988 0.9763198014230586 1.0246816009670288 1.2308310171633208
16 144 0.5140866459178055 1.2463433829108208 0.5966988876588025 0.5966988876588025 0.6067469969373573 0.7702048995596641 0.7909002245710012 1.0425583194571006 1.1102097760817813 1.2463433829108208
16 144 0.7710259698063476 1.3917381809904 0.5720685722293526 0.5720685722293526 0.6453936939484741 0.76706737746171 0.9362990131292269 1.058048321042921 1.1738093859792862 1.3917381809904
16 144 0.6264484526708747 1.2487955428346522 0.5967624003248002 0.5967624003248002 0.6072907964883232 0.7690883217029716 0.783583373548377 1.0453984955159328 1.1147475857292815 1.2487955428346522
16 144 0.5521830450072918 1.2521088893295866 0.5957950322835665 0.5957950322835665 0.6099070729609191 0.7732595502465528 0.7895136054107974 1.0435184060202465 1.1091353965418913 1.2521088893295866
16 144 0.6264484526708743 1.2487955428346518 0.5967624003248001 0.5967624003248001 0.6072907964883231 0.7690883217029717 0.7835833735483769 1.0453984955159321 1.1147475857292812 1.2487955428346518
17 153 0.6230433229227466 1.2626608027229045 0.5355374819293391 0.5355374819293391 0.6552143148450674 0.7480798936171059 0.9195956475058409 0.9436279463494818 1.0243023782481055 1.2626608027229045
17 153 0.47151680426088494 1.2505271679450656 0.5655843257908726 0.5655843257908726 0.5871040687321296 0.7712544645842602 0.7855015247749703 1.0283742146094548 1.0690305897295005 1.2505271679450656
17 153 0.7220366342288955 1.379477617299237 0.5507804244486796 0.5507804244486796 0.6228675368159327 0.7653969536837586 0.9154889034098777 1.0482798254953194 1.1283899113553153 1.379477617299237
17 153 0.5369191732041608 1.2540009588476677 0.5753812617286935 0.5753812617286935 0.5800931216647796 0.7616354194177745 0.7900334731243871 1.0041843211895525 1.0887577745280317 1.2540009588476677
17 153 0.6139845244575164 1.3068016137479688 0.563434074352005 0.563434074352005 0.6384378582614366 0.7626825207326439 0.7785605262045499 1.0277568223471412 1.1040096324846855 1.3068016137479688
17 153 0.6696284845836317 1.3057933444273253 0.5637444203570277 0.5637444203570277 0.6381976259165953 0.7576065604693973 0.7781541048361097 1.0218208371982014 1.1183912105586533 1.3057933444273253
18 162 0.6243787968221706 1.238059974625975 0.513309397105185 0.513309397105185 0.6381236578893248 0.7560096523495956 0.8969711659402856 0.9429234149288367 1.013167455835667 1.238059974625975
18 162 0.41621693052464653 1.2712957069236122 0.5479071199579375 0.5479071199579375 0.5866092112402902 0.7308975186105632 0.7894262960174931 1.004580547476012 1.0664059927037433 1.2712957069236122
18 162 0.6976467045659206 1.4224619268396825 0.5223059932614301 0.5223059932614301 0.6122389710235693 0.7508429628689887 0.9011858229441316 1.043405965972143 1.1148575039319495 1.4224619268396825
18 162 0.4982761895244113 1.2194401733179479 0.5155199759830384 0.5155199759830384 0.5829388824009019 0.7684087810267066 0.7974998793246271 1.025383149413539 1.0970170605148921 1.2194401733179479
18 162 0.5942389294110265 1.2676353795665605 0.5161983838901696 0.5161983838901696 0.6311553013683588 0.7644609920286628 0.7826717132615197 1.0304308622547447 1.1127597020818867 1.2676353795665605
18 162 0.6868723757389836 1.2893380282056537 0.5184352549046345 0.5184352549046345 0.6379635255677957 0.7314188540991786 0.8444806751051573 1.0325681552779513 1.1132797192588544 1.2893380282056537
19 171 0.6074906988173338 1.2297084537040706 0.4833668568825137 0.4833668568825137 0.6210453300698138 0.7441967175797278 0.8856083122835954 0.944139719817886 1.0540307664315787 1.2297084537040706
19 171 0.6330660002572167 1.4088217427370844 0.49294477683942 0.49294477683942 0.5942014991244202 0.736298524708423 0.8857683302762235 1.0503448458782134 1.1401971585419326 1.4088217427370844
19 171 0.3741746976439526 1.2600385994891945 0.5128865718393874 0.5128865718393874 0.5695352025232395 0.7210297809702161 0.7866228692459554 0.9837458199361294 1.0741040984646324 1.2600385994891945
19 171 0.45021616170917145 1.2156022951067202 0.49196479126928233 0.49196479126928233 0.5582824825633053 0.7487124331327785 0.7932579900000217 1.0425095037278724 1.080221995832969 1.2156022951067202
19 171 0.5461368350997862 1.268472594361923 0.4763316430867336 0.4763316430867336 0.6361938474504444 0.7381608585690865 0.7720945462970115 1.0489280363852083 1.1086133436465295 1.268472594361923
19 171 0.6095942569692011 1.298743104779916 0.509096059917684 0.509096059917684 0.6299930856435008 0.7099860253783609 0.8169512252964325 1.0372374579335633 1.1269875704883974 1.298743104779916
20 180 0.6296812576859657 1.193252095005116 0.4704743416795998 0.4704743416795998 0.6171086669165351 0.6898108588945211 0.8653134862012256 0.9388972966097952 1.1064073571056716 1.193252095005116
20 180 0.6254733855267897 1.3514632759909437 0.4911840617733493 0.4911840617733493 0.5870023240403593 0.7393533940720628 0.8640066962293781 1.023417181369448 1.153752779036101 1.3514632759909437
20 180 0.36974118678844775 1.2166861181033877 0.5154128025531585 0.5154128025531585 0.5480678151144438 0.6780777223909099 0.7818816207433451 0.9743573977982903 1.0663198970767618 1.2166861181033877
20 180 0.45359207212347213 1.1954938534354995 0.4869339398409117 0.4869339398409117 0.557150365065351 0.7079341366265985 0.7796438097945306 1.0311146301125578 1.0491796803305384 1.1954938534354995
20 180 0.4882110160348319 1.2185956160264382 0.4615211499567927 0.4615211499567927 0.6522804288894622 0.7052915260052102 0.7587035053345742 1.0500877831246072 1.1130670883476872 1.2185956160264382
20 180 0.6039100365958338 1.290159593620599 0.5050403081416718 0.5050403081416718 0.5930505877797101 0.6894616339691665 0.8233513971460084 1.0532296307335094 1.0903729812987943 1.290159593620599
21 189 0.5475754051153212 1.2361501389810678 0.44556980016332853 0.44556980016332853 0.5888518768238076 0.6866875476489096 0.8742047385008016 0.9846190686362494 1.1117012219438922 1.2361501389810678
21 189 0.6836512559374393 1.4106671706989822 0.4873483914725192 0.4873483914725192 0.5848736035177917 0.738064415679577 0.8549079547129168 0.9687244181340045 1.1202194778345278 1.4106671706989822
21 189 0.39341829319394 1.3065390996912214 0.4975151839697846 0.4975151839697846 0.5419645082262323 0.6809836618826421 0.7758687406308731 0.9406870375254419 1.0614641363878725 1.3065390996912214
21 189 0.4303680035547821 1.2203723026251683 0.4632591792125912 0.4632591792125912 0.5558090639536146 0.7094220425927854 0.7788815588581309 1.0055156356482886 1.0783720250042965 1.2203723026251683
21 189 0.4665559599185 1.235951940152548 0.4625791510421413 0.4625791510421413 0.6031491216117674 0.7060677608235743 0.7527112693475119 1.0204438495726396 1.1043137360281055 1.235951940152548
21 189 0.6367322375543087 1.3460435202641803 0.49706820918596345 0.49706820918596345 0.5517890563616857 0.6878049906408861 0.8179412345097483 1.0257862655914318 1.093695558873181 1.3460435202641803
22 198 0.514784593451536 1.2562292574250038 0.44127631231358116 0.44127631231358116 0.563510231531524 0.6916661730418671 0.8600490165568866 0.9277035013238748 1.120620215091261 1.2562292574250038
22 198 0.6842005050827217 1.4674832546593388 0.48557252977415094 0.48557252977415094 0.5422586398158524 0.7333814457025414 0.8662836499254855 0.9910998147460301 1.1208891911579029 1.4674832546593388
22 198 0.4138196382564465 1.3065985665826145 0.48925684577947315 0.48925684577947315 0.5320297538091304 0.7340631430465347 0.7633534353437017 0.9181689247785375 1.0564414563542865 1.3065985665826145
22 198 0.4071753701940064 1.2661519088665594 0.46073327308071316 0.46073327308071316 0.5214454888059848 0.6962182197996768 0.7692732486921858 1.023990257124576 1.0934825161993356 1.2661519088665594
22 198 0.45546272155283346 1.2337728581516487 0.4616259255688525 0.4616259255688525 0.548833823367676 0.704434995825064 0.7627035707017028 1.0061669141628435 1.0986761598119144 1.2337728581516487
22 198 0.6741311851189097 1.3973419256220672 0.5003751689014629 0.5003751689014629 0.5061080973429491 0.6672646378381755 0.838176615719416 1.032375949366963 1.1045325986758732 1.3973419256220672
23 207 0.4702680491441073 1.2150407403875316 0.4194117716959802 0.4194117716959802 0.5277353104359688 0.7115678932942562 0.8839379810719405 0.9286291126906594 1.1219275015242265 1.2150407403875316
23 207 0.6851377075581374 1.5220478538444464 0.458329016617978 0.458329016617978 0.5535631295457718 0.7232038310454335 0.8426836560300234 0.9858281427464674 1.0958255674635127 1.5220478538444464
23 207 0.42379119975842633 1.3011597161940263 0.45396116056197994 0.45396116056197994 0.5113462475227631 0.7471776967510912 0.7883770010649234 0.9160505148110791 1.0747422409775855 1.3011597161940263
23 207 0.38824183286713193 1.2542742614346198 0.42833817906341176 0.42833817906341176 0.5191152411908955 0.7115430912114088 0.7644967274385845 0.9935188235741593 1.0734027960839414 1.2542742614346198
23 207 0.463293371794997 1.2835785423238393 0.4320944316913223 0.4320944316913223 0.5126752605280921 0.7165943039834428 0.7702091357996552 0.9810239747431634 1.0873495811045435 1.2835785423238393
23 207 0.6192692822446367 1.4062167644386887 0.4718620416592886 0.4718620416592886 0.50152843253902 0.6728479329951639 0.8614247148396502 1.0094186262191953 1.0917093910716213 1.4062167644386887
24 216 0.4154752169588787 1.2004171959651966 0.4149257721203365 0.4149257721203365 0.5332543395784086 0.6911350861572779 0.8292244231682911 0.8993960785197488 1.095253280446759 1.2004171959651966
24 216 0.42010720905876914 1.2641998035848427 0.4634917206834812 0.4634917206834812 0.5139615219704885 0.7487878639927098 0.816846215551162 0.8366555734634112 1.0571610834963123 1.2641998035848427
24 216 0.6338199568976929 1.6045210503858014 0.45536803079352545 0.45536803079352545 0.5498763960191467 0.7055325135176271 0.8291502036877605 0.8973025305867419 1.0725291176351104 1.6045210503858014
24 216 0.345628140655928 1.1982913099088504 0.4259396967213701 0.4259396967213701 0.5166121961453972 0.7185407234904819 0.7559171650106051 0.9560944081949113 1.0524569373002624 1.1982913099088504
24 216 0.43546421002152635 1.3430291572614579 0.41134727145695826 0.41134727145695826 0.5182335143574162 0.6757325022693942 0.781847338324632 0.9566173900072683 1.0693345017609333 1.3430291572614579
24 216 0.6155512434007923 1.395621502258475 0.4529083404156049 0.4529083404156049 0.49449311430722936 0.6499091995148758 0.8335010975635581 1.0009661535906313 1.0763561316388073 1.395621502258475
25 225 0.42617131458673646 1.199839964746765 0.3897694458149534 0.3897694458149534 0.5241359229987756 0.70399214237933 0.8006980067110092 0.8856215618151304 1.0585404154227709 1.199839964746765
25 225 0.4160769148945917 1.3516662802647783 0.45105326799702683 0.45105326799702683 0.506135558859886 0.720022111849336 0.8047220828609819 0.8163093895606496 1.0528072243988005 1.3516662802647783
25 225 0.6058850237568504 1.5761980822816453 0.45139018988376156 0.45139018988376156 0.5360575587012594 0.6872517830047667 0.8174915948922156 0.8914587169120666 1.0533109968930066 1.5761980822816453
25 225 0.3244447664536252 1.1870557029811841 0.4165509240591476 0.4165509240591476 0.5132198277767928 0.6961375777654215 0.7551226863871082 0.915766163464939 1.010711286718963 1.1870557029811841
25 225 0.4218046595955844 1.3293972095777251 0.3990278990888536 0.3990278990888536 0.5012525956061233 0.6679475056032637 0.7847461528312293 0.9270586530054861 1.0478682809128272 1.3293972095777251
25 225 0.6631171179751647 1.3705634793957846 0.4363579956912143 0.4363579956912143 0.490808159916783 0.6590618318218886 0.8218765813018815 1.0045601406910547 1.0347601989134523 1.3705634793957846
26 234 0.4360495890553851 1.17760429151116 0.37927172162022216 0.37927172162022216 0.5365050517536788 0.7004564451106811 0.7932591019851575 0.8668454502798681 1.0519694928378478 1.17760429151116
26 234 0.5607844220686861 1.5521515064648546 0.4335823301243334 0.4335823301243334 0.5169501552223364 0.6663383353498031 0.8170428090863179 0.8638928923111341 1.1209912953716743 1.5521515064648546
26 234 0.4026412010974057 1.3601123630020187 0.4271377631437093 0.4271377631437093 0.4905016369851314 0.7159555350322238 0.818194735011348 0.8379802744434537 1.0074771334297057 1.3601123630020187
26 234 0.3051294344343841 1.1774712387752444 0.4104273929537007 0.4104273929537007 0.5215949424731259 0.7028300944858078 0.7552840679534003 0.9143072713139947 0.9188355449141921 1.1774712387752444
26 234 0.379158565059408 1.3051270206254126 0.39619576231609016 0.39619576231609016 0.5107373322680289 0.6544871417888966 0.7962987584515216 0.8951408644027593 0.9918576571018723 1.3051270206254126
26 234 0.6929473910854292 1.4243377626347922 0.40693215537471533 0.40693215537471533 0.48361892217676156 0.6781314022647289 0.8214270634672578 1.0118575144371418 1.0360402945490192 1.4243377626347922
27 243 0.3710548929994687 1.1623913099440775 0.37056382016600253 0.37056382016600253 0.5105358825066574 0.6649009061136814 0.8003423834605061 0.8613533059611097 1.13400758517892 1.1623913099440775
27 243 0.4976405661743336 1.5626728241959147 0.4167401310929428 0.4167401310929428 0.4913179847742086 0.6402087686185828 0.7968920676534313 0.8616025522527994 1.1228667556896739 1.5626728241959147
27 243 0.3766322084780538 1.3585668242668392 0.40617379735832126 0.40617379735832126 0.46102729585619934 0.7003854917293861 0.8051690349266284 0.8428743232865317 1.0285458278637203 1.3585668242668392
27 243 0.33377309627177154 1.1604786615078266 0.38805766451859114 0.38805766451859114 0.5064524293930582 0.6754738443476658 0.733960769090939 0.9026166454729901 0.9762384640388746 1.1604786615078266
27 243 0.37707383593291205 1.3399817815815254 0.39372528223575437 0.39372528223575437 0.48621652563840007 0.6462225142059228 0.7824092086877417 0.8717358021567772 0.9564082305594608 1.3399817815815254
27 243 0.7731083748870318 1.4354315419130979 0.38982563024327377 0.38982563024327377 0.46716916082165166 0.6516589037040604 0.8156713478498818 1.0213376304295412 1.0925672762956318 1.4354315419130979
28 252 0.3347241709817537 1.1589234960737826 0.36815979128062143 0.36815979128062143 0.4981263783624304 0.6441175297390522 0.7561989961826769 0.8143889809363206 1.126085042682324 1.1589234960737826
28 252 0.4445395018980845 1.5048350583541539 0.400100171822542 0.400100171822542 0.4912086263891384 0.6380601438909588 0.7728025976460957 0.8411012599676035 1.1175089346589966 1.5048350583541539
28 252 0.35438588007678945 1.337069660265792 0.4169413656261517 0.4169413656261517 0.43415266741276326 0.6978861832950474 0.794712697197597 0.8011197782305239 1.0445986399760603 1.337069660265792
28 252 0.3308741703443905 1.1490950981743768 0.3776091332823015 0.3776091332823015 0.49098635982623756 0.6712702165091898 0.7674250693768997 0.8905187694604503 1.0444353755729563 1.1490950981743768
28 252 0.39151585264485694 1.380652882263004 0.3828965826742929 0.3828965826742929 0.4800149076999165 0.6338470297130496 0.790507654740962 0.8522867079540388 0.9586446029104349 1.380652882263004
28 252 0.848698791712149 1.4328821364031339 0.37664867969719984 0.37664867969719984 0.48014221397125934 0.6525581011787034 0.7996140656721097 1.0871171259994583 1.1633026873034202 1.4328821364031339
29 261 0.3260041026966188 1.1792588802759132 0.36121295393703146 0.36121295393703146 0.4876792645003242 0.6451448167974422 0.7246968101428402 0.8089109732947649 1.0771575949835228 1.1792588802759132
29 261 0.35565670737641275 1.3904120315381057 0.398236898902586 0.398236898902586 0.45002780392769415 0.6974461603411355 0.7388277496812903 0.7947340984480731 1.0026402585157226 1.3904120315381057
29 261 0.4086604848666472 1.4206399087620962 0.3974176850142809 0.3974176850142809 0.4714437101754543 0.6260097572566898 0.7789218979950094 0.8223363173469235 1.1604870594259438 1.4206399087620962
29 261 0.31795382847510706 1.2105966678412632 0.34767992656469987 0.34767992656469987 0.4709351043870264 0.66691490968316 0.754466947231657 0.9252628153947356 1.0519630376835252 1.2105966678412632
29 261 0.3582279260588071 1.4725019357839715 0.3505210567555311 0.3505210567555311 0.4745939798401165 0.6327101742576174 0.7659707456442342 0.8797332177016465 0.9459852628226577 1.4725019357839715
29 261 0.8718500659500704 1.5783261208303743 0.3605455648285116 0.3605455648285116 0.44992656967797584 0.6520145110299284 0.7701684969371296 1.1132263134289335 1.1852657786688272 1.5783261208303743
30 270 0.32389178291319726 1.1636265831380648 0.35296404080798627 0.35296404080798627 0.4739847338472166 0.6053712217274757 0.7130564787646644 0.8544776378350767 1.1008261659172707 1.1636265831380648
30 270 0.3418285234322487 1.3884217259117873 0.386315203599211 0.386315203599211 0.44171610384729026 0.6913767210876252 0.7155644410680849 0.7940652801384134 1.0117858705094238 1.3884217259117873
30 270 0.3698676662315412 1.4046462784526204 0.3912394808874393 0.3912394808874393 0.45371042624389607 0.5972354281096436 0.7925256256008367 0.8691790740837121 1.0868016016740008 1.4046462784526204
30 270 0.30204092686905004 1.2354667017289869 0.3368104495794889 0.3368104495794889 0.460741385687551 0.6551640062292473 0.746652134147788 0.8913317010931571 1.0390599954811321 1.2354667017289869
30 270 0.33536794866812525 1.4669107759946163 0.34179033727406627 0.34179033727406627 0.4729828297133504 0.6127723337343254 0.76715715841989 0.857842363255248 0.9105449404448821 1.4669107759946163
30 270 0.8653991591484397 1.6277854505718854 0.3541052360567752 0.3541052360567752 0.4484122765423728 0.6596444346576805 0.7343032575212426 1.0565018119098557 1.1809312683541162 1.6277854505718854
31 279 0.33199740546511414 1.2205921381743996 0.34911635197838353 0.34911635197838353 0.4705908004315345 0.5912802056661999 0.6523487876329674 0.8880030105006184 1.1031861654716009 1.2205921381743996
31 279 0.3286288105873131 1.3963261566348415 0.3600661207908133 0.3600661207908133 0.43845906642736115 0.6730900125230548 0.7362391397808843 0.8093181916771688 0.9560448494875324 1.3963261566348415
31 279 0.32329452106108536 1.3796575019382276 0.373409367338105 0.373409367338105 0.4472872984331673 0.5786609918272198 0.783440771014049 0.8881654678665086 1.0601358082928638 1.3796575019382276
31 279 0.3084730207543038 1.264750801663262 0.31827373270674425 0.31827373270674425 0.4538465800117166 0.6395995791161896 0.7593285935903192 0.8973184954760302 0.9895350110915122 1.264750801663262
31 279 0.36413600278385183 1.4538192777174344 0.3258983334113654 0.3258983334113654 0.46495152991564404 0.5988173936033525 0.7602160360686251 0.8538018462037786 0.917809077513439 1.4538192777174344
31 279 0.9427957554970177 1.6211914287578668 0.3433042603312792 0.3433042603312792 0.44251074538995266 0.6621671735837957 0.744873648110637 1.0111334862979 1.1868388533389316 1.6211914287578668
32 288 0.30973062616202857 1.2473653998650518 0.32343946498060777 0.32343946498060777 0.4621310281780973 0.5930970879007829 0.6775725997638328 0.9004734588561853 1.1033733488492072 1.2473653998650518
32 288 0.3573109471897913 1.3772552245945568 0.342282935489981 0.342282935489981 0.44336539680868636 0.6627539431059392 0.7391967530594128 0.8378453300525811 0.9469718723212893 1.3772552245945568
32 288 0.2933000121919466 1.3570672931296925 0.368545366168091 0.368545366168091 0.44603547096969565 0.5536123506903442 0.7867434303655911 0.8712065685286352 1.0560149275848574 1.3570672931296925
32 288 0.3217190941455789 1.2470808736737768 0.3141090389342586 0.3141090389342586 0.46124170477046184 0.6059825281301131 0.7965063805708609 0.9240112457070199 0.9851337843379304 1.2470808736737768
32 288 0.9889521718222981 1.6997008795850912 0.33124837735280066 0.33124837735280066 0.44230109923105343 0.654665521271461 0.7563122139649525 1.0400022464082976 1.2243478618825017 1.6997008795850912
32 288 0.35057984618791965 1.4882599471403428 0.3093130228498451 0.3093130228498451 0.4598434410138317 0.5959647622624678 0.7481383541814904 0.8936196869294616 0.9707456644452066 1.4882599471403428
33 297 0.2890531393199794 1.281624834713269 0.3189761261064346 0.3189761261064346 0.46164324814307245 0.5648275256272268 0.6696794974813093 0.8967613986669966 1.0774440104565743 1.281624834713269
33 297 0.30229098682051825 1.2948069904551633 0.33272511589527276 0.33272511589527276 0.4559943931309557 0.6761702929686656 0.7439954415698499 0.8976656835707485 0.9320002003321285 1.2948069904551633
33 297 0.33037490477875286 1.2743427170307176 0.35656455627272843 0.35656455627272843 0.45552672991143506 0.5424258274235398 0.778817938384733 0.8799550773343738 1.0350474094349775 1.2743427170307176
33 297 0.3240637379545563 1.32290187758932 0.31376772691041666 0.31376772691041666 0.462726362170725 0.5689624871419893 0.8106787891813984 0.9111584421403328 0.9645747339389839 1.32290187758932
33 297 1.0282218764627893 1.7283061709494487 0.31960851774268617 0.31960851774268617 0.43757094371007754 0.6345789305104215 0.7653597365323199 1.0326805464989182 1.2295245931117442 1.7283061709494487
33 297 0.30822200382839987 1.4873377850532534 0.2963059567189355 0.2963059567189355 0.4603430186504498 0.5681458784521797 0.7523985055774712 0.8700511178594301 0.9912254299179206 1.4873377850532534
34 306 0.2653438353092922 1.2889184468910353 0.3118641861620623 0.3118641861620623 0.43123176041105804 0.5543516273198849 0.6542012961585785 0.9333385441478292 1.0308907498239295 1.2889184468910353
34 306 0.24789921835734083 1.3100622976783183 0.31527868726466857 0.31527868726466857 0.4343151366049314 0.6469970587379545 0.7308254808781978 0.8927126853528896 0.9348208765256124 1.3100622976783183
34 306 0.40621659096247037 1.285975352102481 0.33187693370970206 0.33187693370970206 0.45370433709035474 0.5551986199587242 0.8131153975526763 0.879803374474798 1.0920575824462717 1.285975352102481
34 306 0.32167097643068915 1.326011056834154 0.2998485523784045 0.2998485523784045 0.4527031317480736 0.5600883252784309 0.8434054603995752 0.893158061948079 0.9629572442787191 1.326011056834154
34 306 0.9594202508100318 1.7629188998356529 0.3001859175070201 0.3001859175070201 0.42838977474026885 0.6250056622193981 0.7713038355343159 1.01504846419012 1.2593773754859348 1.7629188998356529
34 306 0.3025725928681794 1.514465468819022 0.2825046114796898 0.2825046114796898 0.4324527077001765 0.5445266928407366 0.7380486492518509 0.862838594069 1.0076479950454431 1.514465468819022
35 315 0.2521308251961318 1.2657289761906483 0.2930315528969845 0.2930315528969845 0.41545226538527125 0.5516623100522206 0.6656634358546977 0.9573999644526154 1.036862576353829 1.2657289761906483
35 315 0.2466204980660445 1.2900806911282543 0.2902362391414729 0.2902362391414729 0.4217542601184458 0.6415166392847031 0.6992533438743644 0.8987559017070887 0.9406574350416806 1.2900806911282543
35 315 0.46188657652481474 1.2925481735306694 0.3225395123652483 0.3225395123652483 0.43228567777243126 0.5598058582489878 0.8221561139639119 0.9023042183520991 1.153969417343403 1.2925481735306694
35 315 0.31631720510462547 1.3089350984121024 0.28821169162110766 0.28821169162110766 0.45198002796109976 0.5315096311606462 0.8143113716707227 0.940740444018785 0.9640425522544063 1.3089350984121024
35 315 0.3084769926647043 1.4861577982248357 0.26577119548511297 0.26577119548511297 0.42299848544054436 0.5277213877372993 0.749764403392344 0.9008145452237173 1.0343075140189149 1.4861577982248357
35 315 0.8610923191131614 1.7663235078890278 0.2859535008404311 0.2859535008404311 0.39547938826244483 0.6353871826314786 0.7719069493357024 1.0210663725902738 1.2245815483261802 1.7663235078890278
36 324 0.24404009456557224 1.2242052572655193 0.28901443279654004 0.28901443279654004 0.4038084218472099 0.5378731908330062 0.6574299885305998 0.9650250962251761 1.0363857050221656 1.2242052572655193
36 324 0.25000539296050694 1.3215072053434256 0.29355554702866876 0.29355554702866876 0.3990740580242662 0.6373652616534974 0.6948464956192829 0.9085480803251798 0.917501670418141 1.3215072053434256
36 324 0.49113198208864833 1.3411239136454893 0.31266721403093684 0.31266721403093684 0.4142305276158641 0.5431036356562353 0.8015488956380515 0.9679504621489857 1.1675572619967711 1.3411239136454893
36 324 0.3039295503387727 1.2870387337143225 0.2869814909696142 0.2869814909696142 0.4388223406117916 0.5034878130723288 0.813569287418366 0.9487283252450942 0.9805778224705526 1.2870387337143225
37 333 0.22400372876414978 1.1976364541985767 0.2807126020626397 0.2807126020626397 0.4027072702662283 0.5438834847606012 0.6394225296272359 0.9739573232201446 1.0312014011369062 1.1976364541985767
36 324 0.3232542561828105 1.477022389020173 0.25377007056581136 0.25377007056581136 0.40261780638514605 0.5205675979524088 0.7443415627955199 0.9007643823434823 1.0931823497888271 1.477022389020173
36 324 0.8395785246092344 1.7978257392265768 0.28064121632562494 0.28064121632562494 0.37713505109270085 0.6542531601125423 0.7694690698356014 0.9528499751290672 1.2231174098462352 1.7978257392265768
37 333 0.2382622613501507 1.3124248464324826 0.2877619485288563 0.2877619485288563 0.38216094098952913 0.6358750245101704 0.688091493376963 0.9151124885932165 0.9389680128941742 1.3124248464324826
37 333 0.4480212309076789 1.3748498979186505 0.30441792755393027 0.30441792755393027 0.39401581050807905 0.5458206529268951 0.8146154688104097 0.9683423987621529 1.1943088049550974 1.3748498979186505
37 333 0.2888799777014076 1.2833637354988536 0.29043611177614215 0.29043611177614215 0.39080564764427406 0.49049824544272447 0.820552578145621 0.948364411647948 0.9974061627837879 1.2833637354988536
38 342 0.21824799302588424 1.1993242614829454 0.26871536365189697 0.26871536365189697 0.4046070327249722 0.5226248159193643 0.6352807734956002 0.9511641675194046 1.0137173656869913 1.1993242614829454
37 333 0.3119363047039405 1.4498491025063418 0.24174137022092232 0.24174137022092232 0.4202527296751789 0.5142278559690676 0.7639716041262926 0.8980840672570864 1.1133248664869286 1.4498491025063418
37 333 0.8063614695987246 1.7974990754815723 0.28523767200884326 0.28523767200884326 0.35874641156920667 0.6451077105744799 0.7717475023835803 0.9472089978138322 1.2255453142303083 1.7974990754815723
38 342 0.2428651764491632 1.320452089422212 0.28091357342063206 0.28091357342063206 0.3753206779434628 0.631642286991854 0.6550171890485007 0.9083732638940315 0.9328070879427623 1.320452089422212
38 342 0.4113126758272926 1.2864468533478768 0.2850060498998583 0.2850060498998583 0.3937446233209873 0.5641755629966619 0.8116375278528823 1.0221780943251824 1.2024442822483763 1.2864468533478768
39 351 0.22125929853880133 1.201252238566758 0.26313077947757574 0.26313077947757574 0.38934907150543774 0.5161240217128905 0.6178247110288473 0.9468514335185797 1.050019907505002 1.201252238566758
38 342 0.27268476589452206 1.2761583962611323 0.273201673525618 0.273201673525618 0.3825331622142191 0.505814903844362 0.8018408207609986 0.9478139453050748 0.9860100702263096 1.2761583962611323
38 342 0.2979951643955029 1.5018204026628732 0.23546434273880865 0.23546434273880865 0.4100867271534133 0.5171791740889198 0.7234843930657496 0.8922555711671483 1.071723338162165 1.5018204026628732
38 342 0.7471395057081825 1.8552456527035583 0.29488573320163697 0.29488573320163697 0.35286146488223874 0.6145327991943996 0.730192270089185 0.9383139774774657 1.2069050655799929 1.8552456527035583
39 351 0.23716466286013382 1.3264667253916576 0.25979110841882924 0.25979110841882924 0.37075382559857095 0.6374591696692411 0.6885468506970043 0.8988180174584716 0.925840236872236 1.3264667253916576
39 351 0.39356779990133883 1.2655356738727022 0.26743795073864735 0.26743795073864735 0.38323412182946043 0.581916696551562 0.7993989038874297 1.0598192496222614 1.1371182663312351 1.2655356738727022
40 360 0.21620272561272066 1.2305278437024885 0.23987928342361428 0.23987928342361428 0.3946388079179345 0.5173234757943339 0.5973836151490461 0.9328944132395018 1.065965114988271 1.2305278437024885
39 351 0.2855486540623861 1.219710210903013 0.26086655727006614 0.26086655727006614 0.36870017772597224 0.5142762565383195 0.8220205700649044 0.947973188998843 0.9632061208344002 1.219710210903013
39 351 0.2929426575155356 1.4874577699952753 0.22537721824015677 0.22537721824015677 0.39349008390858653 0.48398335735649045 0.7293785977050332 0.883534969569335 1.134867481586165 1.4874577699952753
39 351 0.6675862838846071 1.9491841630577675 0.28462208338984624 0.28462208338984624 0.3409508136717854 0.5660469264480572 0.7169173087443196 0.9305332109311859 1.2097831186281218 1.9491841630577675
40 360 0.22537674814984168 1.3711765801186089 0.22562287162205003 0.22562287162205003 0.3736852693232398 0.6354218677742829 0.6771346887415357 0.8868631712454789 0.9476221887886921 1.3711765801186089
40 360 0.4164688660305605 1.2385965086931727 0.2666636682592943 0.2666636682592943 0.366619261096616 0.5863867267395972 0.8155080591333701 1.0523344215168644 1.133758820752963 1.2385965086931727
41 369 0.18325988525234138 1.2191028532274482 0.23072081837505312 0.23072081837505312 0.380477193402677 0.49634787307547107 0.613040200051764 0.9443214411062398 1.0924967411130342 1.2191028532274482
40 360 0.2937396673357381 1.2377076471357602 0.24778522713670345 0.24778522713670345 0.36342538444726713 0.5285998983058975 0.7996713245957795 0.9292378857712573 0.9901325041261748 1.2377076471357602
40 360 0.33095214882596463 1.4885790353036976 0.21030459451999312 0.21030459451999312 0.375117552139832 0.4873906728762514 0.7101972716261294 0.8610757926724738 1.1972955691850302 1.4885790353036976
40 360 0.6894466911135535 1.9351234551849192 0.2706292688341437 0.2706292688341437 0.3440096117718698 0.5633480586424728 0.6947811342073074 0.8955641284706801 1.2063250638329688 1.9351234551849192
41 369 0.21493588260972155 1.3526023257555997 0.21556832150355187 0.21556832150355187 0.37389173657394253 0.6122356044075585 0.6791896412071731 0.9056324957387191 0.952245542192173 1.3526023257555997
41 369 0.4581313256719677 1.2523526709112414 0.2638285911123273 0.2638285911123273 0.36066122789780325 0.6052741658060328 0.8499331699994823 1.0004398359570157 1.1280371968555298 1.2523526709112414
42 378 0.15539379059123828 1.1957380641708606 0.22115939186723793 0.22115939186723793 0.3820479058049554 0.48592349971637494 0.6185188759403965 0.9339410962314698 1.017223072015347 1.1957380641708606
41 369 0.35332752097382875 1.4988978378642241 0.2037545052368487 0.2037545052368487 0.3681383689034918 0.48884738862798416 0.7175576214700021 0.8356024604014517 1.3127198550345693 1.4988978378642241
41 369 0.6253574755772595 1.979922820293147 0.2701781026435651 0.2701781026435651 0.34170093888018005 0.5755934220027416 0.6640621319732597 0.843705226425314 1.292836912691095 1.979922820293147
41 369 0.29117721655900886 1.259239327165316 0.24020450776004998 0.24020450776004998 0.3489924355089722 0.5020233615763972 0.8075466479453545 0.9632191809095407 1.0368288929575367 1.259239327165316
42 378 0.1952573878106843 1.3368389709999948 0.20783429447753915 0.20783429447753915 0.3738576042632372 0.6034168726825588 0.6608261587829297 0.8899291044452011 0.9669873074748546 1.3368389709999948
42 378 0.5345614585785528 1.3379181222955192 0.2532331286915068 0.2532331286915068 0.36173202156663764 0.5917673093224798 0.880316823177536 0.9763014369288328 1.075114507667459 1.3379181222955192
43 387 0.1375951467690204 1.1876073810454444 0.21149635131515362 0.21149635131515362 0.3612225720503778 0.4812153143549412 0.6152656401850104 0.8787768941232532 1.0129929389121322 1.1876073810454444
42 378 0.35723622856425996 1.529421890958942 0.19673885589935447 0.19673885589935447 0.3704976651172783 0.4829876119675294 0.7304420927684544 0.8137881949202861 1.2673343480177155 1.529421890958942
42 378 0.5970220849308864 1.932845817834605 0.2625316546833504 0.2625316546833504 0.34348655465738076 0.570408430074354 0.6398225474813292 0.8194230364207434 1.3019362316770766 1.932845817834605
42 378 0.2641671975941895 1.304055533819672 0.23087047520271373 0.23087047520271373 0.343836051395053 0.49607199670082247 0.7993563493565293 0.9179970745814805 1.0530501520836484 1.304055533819672
43 387 0.1669960614180004 1.3379477296228688 0.19526322247454767 0.19526322247454767 0.3678088829574922 0.5921032322151071 0.6472035545367232 0.8723768820065164 0.9692348406806617 1.3379477296228688
43 387 0.5750866891158122 1.4698219299912427 0.2521563312405724 0.2521563312405724 0.3543520483051133 0.5864953352149315 0.8585354093209648 0.9505565267002805 1.0650744508306766 1.4698219299912427
44 396 0.1327106750309431 1.2109268328364524 0.19733094935249695 0.19733094935249695 0.3563153234942573 0.47088466288420694 0.627271498218204 0.8434806081906524 1.0118356294596744 1.2109268328364524
43 387 0.5438246312721786 1.919647243416524 0.2513593544780771 0.2513593544780771 0.32747749317968017 0.5596598713549225 0.645789679765975 0.7958780811114861 1.3099299180725574 1.919647243416524
43 387 0.2619122762751143 1.3071417874157105 0.21839772207326938 0.21839772207326938 0.3265956707096413 0.4876785389300628 0.7912804450888521 0.8877848703936324 1.0488926348073941 1.3071417874157105
43 387 0.35677235114066963 1.5604132321549244 0.19331279758411535 0.19331279758411535 0.35849786075275825 0.4805786285772177 0.7004456640921444 0.7868773169123738 1.2524572313182194 1.5604132321549244
44 396 0.14634571691466203 1.350674794581 0.19032164232943358 0.19032164232943358 0.3594695008075236 0.5737774605758571 0.6543739241976991 0.8344417544531123 0.9392324797613214 1.350674794581
44 396 0.5984063135864144 1.5133285282275404 0.247640352611449 0.247640352611449 0.34008487626559963 0.5856048165204474 0.8670518406517256 0.9564504510008385 1.0494578907026728 1.5133285282275404
45 405 0.12138165529160452 1.2491250189402587 0.18752129143928598 0.18752129143928598 0.3404502021655398 0.46495988701101343 0.6275125862612039 0.7919559641694017 1.0459009358063105 1.2491250189402587
44 396 0.3471040777524447 1.610707174699845 0.19227848619536764 0.19227848619536764 0.3595968757269916 0.4595514208425305 0.644837703383587 0.7738865558993663 1.2901244079839203 1.610707174699845
44 396 0.24829261511855658 1.3136824635677464 0.21030385110380057 0.21030385110380057 0.32504591646825454 0.47413767374604165 0.8159561715585032 0.906531651764896 1.0286086251171904 1.3136824635677464
44 396 0.5307820646365554 1.9219519931382525 0.2405766993973195 0.2405766993973195 0.32603873202266587 0.5380867736422914 0.635171139232502 0.7720657213799449 1.3530766241029084 1.9219519931382525
45 405 0.15052078738797448 1.3834814705133127 0.1808851551465969 0.1808851551465969 0.3530954797053875 0.5494253586990536 0.6535345358956219 0.7895535376721685 0.9433621227072251 1.3834814705133127
45 405 0.581390776429963 1.5134823724670727 0.24675549090608018 0.24675549090608018 0.34363972714974955 0.5890602816046367 0.8573391164997095 0.8838394542235601 1.0625395876640527 1.5134823724670727
46 414 0.12669299424047153 1.267227539538235 0.18439022884818684 0.18439022884818684 0.3246377246359228 0.4398018308036265 0.6189837316471074 0.7724902868407044 1.0678782730218452 1.267227539538235
45 405 0.3658582064709958 1.6333657548768061 0.1818758288393658 0.1818758288393658 0.34558753890007654 0.4521875725238451 0.6438453785356953 0.7274173642811284 1.362395662899959 1.6333657548768061
45 405 0.23191016480282878 1.3275553598862238 0.2062679383622763 0.2062679383622763 0.3147197903707142 0.4665465848576332 0.8063596140125883 0.8317680636918818 1.0605961638267767 1.3275553598862238
45 405 0.5397706648172415 1.9039089786872838 0.23590279671234352 0.23590279671234352 0.3410990579575244 0.5224747193482314 0.6347064213559919 0.7468683751621058 1.3255990794116477 1.9039089786872838
46 414 0.16769323125862284 1.3557999365914286 0.1808093656433596 0.1808093656433596 0.34038007157135625 0.5670295146583624 0.6502585786934061 0.804752877932867 0.9638197371003738 1.3557999365914286
46 414 0.5649442859178107 1.4892498782136103 0.24109481432543714 0.24109481432543714 0.3347308959882671 0.5834056546548209 0.8446944279339671 0.8732769669697428 1.0789193077018508 1.4892498782136103
47 423 0.11683575594545528 1.2266363426224693 0.18107256389941273 0.18107256389941273 0.3198996293662008 0.4566968369663433 0.6307959249581679 0.7558057610433663 1.1316741571421656 1.2266363426224693
46 414 0.3600887477906368 1.619471204068367 0.1783129909789257 0.1783129909789257 0.35398614797398453 0.4413790460433945 0.6332700340046243 0.7107355090178283 1.4443962831694022 1.619471204068367
46 414 0.20769848012887973 1.3102403019853976 0.20979462689024692 0.20979462689024692 0.29945759461516314 0.446222468622841 0.7935228868094638 0.8206092770572759 1.0871631247533144 1.3102403019853976
46 414 0.5121555525832066 1.9091452592781157 0.23602183135546434 0.23602183135546434 0.33960831823557114 0.5189010956167075 0.6387627511642916 0.7291298551364136 1.3482189076729603 1.9091452592781157
47 423 0.18310298624453805 1.3984754522434943 0.1770148669470907 0.1770148669470907 0.3369651480196523 0.5685389784914769 0.64294949036817 0.8185859668453587 1.0048610883206153 1.3984754522434943
47 423 0.527156056119766 1.4831002196106422 0.23428179803361954 0.23428179803361954 0.33158446779066125 0.568500699366419 0.8582377008801445 0.8823638414067827 1.0957674604891907 1.4831002196106422
48 432 0.1080801602220178 1.2069621402907824 0.16943116444647083 0.16943116444647083 0.3120058010488018 0.4498010622617031 0.6414842295477656 0.7473189103915681 1.113765548679653 1.2069621402907824
47 423 0.35043396813535727 1.5923129830912397 0.1743276451342017 0.1743276451342017 0.35270615753773266 0.41397484334673174 0.6522583925912656 0.7069178262641226 1.4747250903277371 1.5923129830912397
47 423 0.1874766449855635 1.264198093275925 0.20610421279192898 0.20610421279192898 0.2901821837940072 0.41969986412555704 0.808844029215575 0.8252759642061478 1.106518947694891 1.264198093275925
48 432 0.18721312353223188 1.4288315923835493 0.16798414897655217 0.16798414897655217 0.33772114080172616 0.5596453593085425 0.6410958034899212 0.8187036360948309 1.0134150898338252 1.4288315923835493
47 423 0.47959487400254663 1.8860086094017308 0.23809216367988112 0.23809216367988112 0.33582759887716024 0.5094908777538044 0.6422802070519164 0.7055143738509678 1.322267579244124 1.8860086094017308
48 432 0.4772233623898363 1.4417826045512014 0.21931550343672382 0.21931550343672382 0.3282437182625141 0.564336382123285 0.8555646351044583 0.891303878619942 1.120730029139604 1.4417826045512014
49 441 0.09657728736995777 1.1885568831625335 0.16722990515176153 0.16722990515176153 0.3026335712192114 0.4586820035701357 0.6278942319838436 0.760499957686255 1.074479938991978 1.1885568831625335
48 432 0.3238668873757163 1.6668575472728815 0.16241709776014313 0.16241709776014313 0.3531886560575061 0.4098929441836112 0.6453040561799073 0.7056183045332864 1.4291092141927242 1.6668575472728815
48 432 0.1835069707810383 1.1575826592351997 0.19751131542949907 0.19751131542949907 0.2895506224028735 0.42529998215241127 0.8015558585915533 0.8186659559637598 1.1378311074948844 1.1575826592351997
49 441 0.18818037892533584 1.395478049411796 0.1665730869680213 0.1665730869680213 0.32954236879211934 0.5580818019554573 0.6789788269443082 0.8014016672292473 1.00823409814698 1.395478049411796
49 441 0.45309017495835474 1.3700078779385714 0.21318944197457917 0.21318944197457917 0.3278306007146761 0.5453398599734437 0.8433545454475972 0.9069689067699335 1.1153774441270612 1.3700078779385714
48 432 0.5436060240182619 1.8950617979879605 0.2244401402204619 0.2244401402204619 0.34273521033469356 0.4775105569847217 0.6404273688188596 0.7048631444693159 1.3064949082633799 1.8950617979879605
50 450 0.0939131652766756 1.2085729453748888 0.15193483496367793 0.15193483496367793 0.3007880924435336 0.43751206174058993 0.6296039853801972 0.7564675769932856 1.0642648748190968 1.2085729453748888
49 441 0.2955427938771583 1.6622001326192464 0.1604526925202579 0.1604526925202579 0.35176316275589953 0.4146005147707896 0.5961998179331818 0.7142698889241481 1.4288441851139975 1.6622001326192464
49 441 0.16437691631274937 1.1210428507974501 0.19780236394430117 0.19780236394430117 0.27802448928192613 0.44051594950587036 0.7787777404054151 0.8304033641434024 1.1000053659207425 1.1210428507974501
50 450 0.19647697960063204 1.3266250712013035 0.15836252719019267 0.15836252719019267 0.3243864994929389 0.5609323338418831 0.6861578349472387 0.8204093602233393 0.9880232622002528 1.3266250712013035
50 450 0.4069101923027599 1.3610275619523795 0.20313787117903104 0.20313787117903104 0.3236948066720398 0.5700353380224221 0.836312187137682 0.8928334533158325 1.0679620100781952 1.3610275619523795
49 441 0.5392135134018828 1.9685636706466434 0.22264265523998172 0.22264265523998172 0.3421339411639883 0.4659045974746162 0.6054108742502186 0.7111719471180554 1.4455217535171463 1.9685636706466434
51 459 0.08915525934940968 1.185704670280497 0.14855449287000552 0.14855449287000552 0.29364228702812933 0.43403845930960605 0.6192234109984943 0.7533270551962074 1.0837786889504193 1.185704670280497
50 450 0.28318481965304837 1.627314006232734 0.15014924753373207 0.15014924753373207 0.3468586180844938 0.40736365570635263 0.5916717624634699 0.7042874719160436 1.4341801600023434 1.627314006232734
51 459 0.38444730372786456 1.3042645319532375 0.20061778152677315 0.20061778152677315 0.3081409999893314 0.5675812404894103 0.852141405459463 0.8792562810097391 1.047771885939721 1.3042645319532375
50 450 0.15422963352790878 1.1592158785611932 0.17929593037380767 0.17929593037380767 0.2745403451096425 0.4297502853925181 0.7812887723924227 0.8171036974931087 1.0893804977454355 1.1592158785611932
51 459 0.19251287557093588 1.2987419555921427 0.1539133927098606 0.1539133927098606 0.32727041107544136 0.5852608270164273 0.6511549095944618 0.8267974572305811 0.9887597541732236 1.2987419555921427
50 450 0.5155116839249542 1.9235614098957572 0.2204828460302317 0.2204828460302317 0.3402965968731391 0.46760316800411317 0.596933340068038 0.7302605234662785 1.3932055423796543 1.9235614098957572
52 468 0.08915842352572333 1.1885539615024152 0.15113229243263826 0.15113229243263826 0.2805637111766516 0.42601022277234096 0.6180524181788215 0.7186129471528797 1.092148401406764 1.1885539615024152
51 459 0.2794969084902884 1.5707449317277224 0.14694699601292516 0.14694699601292516 0.3359539213795667 0.41919572041554826 0.5803673056049504 0.7179539078329306 1.4037625920237817 1.5707449317277224
52 468 0.18504397463088468 1.307651818168733 0.15115929987536345 0.15115929987536345 0.32011210987441185 0.5474820536999797 0.6527615516287757 0.8200918439280556 0.9940357198044178 1.307651818168733
52 468 0.38834419849355367 1.3027280319433208 0.1959581105365881 0.1959581105365881 0.3027820272119773 0.5393524844836469 0.8350993621480103 0.8996455106053798 1.0214180519506224 1.3027280319433208
51 459 0.1486183290026176 1.1254667600377095 0.17396333671679426 0.17396333671679426 0.26816292964404836 0.43960376840614906 0.7655184741975873 0.8259442006245019 1.0416142671037765 1.1254667600377095
51 459 0.4739794497527188 1.9102123274082428 0.21653609055048512 0.21653609055048512 0.33315253533702816 0.45383859537789234 0.601470480497447 0.7119289004301301 1.4143061103777235 1.9102123274082428
53 477 0.08094642444231107 1.2205641955711888 0.14462831141593396 0.14462831141593396 0.2758718616446757 0.4073516761769916 0.627503216041248 0.7257159280200718 1.052476576787833 1.2205641955711888
52 468 0.2478903891756396 1.583046353838211 0.14676204363361497 0.14676204363361497 0.3276049451228105 0.4107405308119913 0.5748595580222281 0.6796776627875696 1.4088246449507549 1.583046353838211
53 477 0.18746654016572245 1.2902627599688714 0.14561637503542235 0.14561637503542235 0.31710097937951387 0.5350542944188912 0.637351816389678 0.8466449948680991 0.9558216009849732 1.2902627599688714
53 477 0.4059392982047645 1.268791437011607 0.19222435903069485 0.19222435903069485 0.3000345881352436 0.5397225546758582 0.8220570636933987 0.8957065556839633 1.0182216436727582 1.268791437011607
52 468 0.13189868848067582 1.140191833276064 0.1741381557236573 0.1741381557236573 0.24971665653711483 0.4286066956732837 0.7619267928507593 0.7993172015924882 1.0567408728701961 1.140191833276064
54 486 0.07544387375423517 1.229358256721446 0.14296641599169563 0.14296641599169563 0.25634365496778594 0.40545606777292825 0.626459689627071 0.70128366462896 1.0687317113323893 1.229358256721446
52 468 0.4696653450480334 1.8865701929292968 0.2079142348564708 0.2079142348564708 0.33212181696766846 0.4466720103345938 0.6007656024049627 0.7004040122307733 1.3860441933163825 1.8865701929292968
53 477 0.2286887442583446 1.5576083240543697 0.14506653778823192 0.14506653778823192 0.31876968627596997 0.40701895684556494 0.5711081629349212 0.6664417393591431 1.3448908241690163 1.5576083240543697
54 486 0.1666886230283381 1.2977634067099024 0.1435943828052665 0.1435943828052665 0.3227451259244038 0.528275748549884 0.5918663994924107 0.8828190996403632 0.9606053887329464 1.2977634067099024
54 486 0.40535870119990325 1.2638960330254403 0.1924341685858793 0.1924341685858793 0.2991090335060033 0.5339246692952481 0.7650607739774568 0.9076315339962382 1.038177037900929 1.2638960330254403
53 477 0.13319738545423274 1.1369972426528847 0.1691677827598458 0.1691677827598458 0.247448623063222 0.4183901745702989 0.7469297667448217 0.7953182367839199 1.0647139365846303 1.1369972426528847
55 495 0.07232887082286771 1.2004111440245058 0.13977141567666293 0.13977141567666293 0.25250743376994206 0.40777901937353606 0.5827958508340816 0.7185114637158412 1.071784150620909 1.2004111440245058
53 477 0.4309623903478673 1.8821334035009176 0.2010360226404105 0.2010360226404105 0.33180459086161845 0.44343163811118247 0.6057549800080958 0.7038889495947498 1.3250952407536492 1.8821334035009176
54 486 0.2675166146612667 1.5864100275222905 0.14392460601531265 0.14392460601531265 0.3275194743802936 0.4111517874632599 0.5346145895920215 0.6576252111884863 1.3050760382223903 1.5864100275222905
55 495 0.1569676550156202 1.3137289627891366 0.14374722144247412 0.14374722144247412 0.3268030695351046 0.5031862061630072 0.5654434820488451 0.8615560775583238 0.9575909703886556 1.3137289627891366
55 495 0.42739195478230596 1.2307611693749132 0.18876803978028187 0.18876803978028187 0.301860320986062 0.5493315735297992 0.7154678464238091 0.9157000317489852 1.0762983940203508 1.2307611693749132
54 486 0.14413584062353577 1.1669511409973918 0.1680219976756355 0.1680219976756355 0.25613684581994106 0.39658530492972605 0.7221842602398433 0.7863366633691212 1.0587430659333052 1.1669511409973918
56 504 0.06886934721422996 1.1637156716970536 0.13236170947571554 0.13236170947571554 0.2589059800923659 0.40435702599079415 0.606491509125611 0.7084339595077357 1.021853089146656 1.1637156716970536
54 486 0.4061102328429805 1.927416732936686 0.19913706968610514 0.19913706968610514 0.3232284623520758 0.43506135809454616 0.5760719956710553 0.6686584290039733 1.3464714160685072 1.927416732936686
55 495 0.2749977519579807 1.6682961789371193 0.14357562590480713 0.14357562590480713 0.3150687905776074 0.4437475907109008 0.5708584874702105 0.6713018853590274 1.3003200960165766 1.6682961789371193
56 504 0.15535743836369018 1.2707308204766177 0.14061769634802262 0.14061769634802262 0.3200997339233482 0.5113008268479851 0.5799567474554347 0.8482897382999117 0.9239338876790004 1.2707308204766177
56 504 0.3754648156673817 1.3409862163493265 0.18360078053084788 0.18360078053084788 0.300404467818205 0.5737345559909173 0.7116059874277272 0.8861457647182501 0.9961554710336997 1.3409862163493265
55 495 0.1674982467900062 1.1787735060928948 0.1703267850520157 0.1703267850520157 0.2629408985527074 0.3790300550074556 0.7265264560241348 0.7825825065814843 1.0828301510832454 1.1787735060928948
57 513 0.0676196982629769 1.1282966991754853 0.12559154722232643 0.12559154722232643 0.2609405993155949 0.4025842159831166 0.6223710528804398 0.6913995139228415 1.0139894008048647 1.1282966991754853
55 495 0.3664907334715793 1.925878617127577 0.19864398277056475 0.19864398277056475 0.3187914849201518 0.43305621606293737 0.5667363526001721 0.6412166099696417 1.3608597207597182 1.925878617127577
56 504 0.2694632310139367 1.6530729029873228 0.14058567740263597 0.14058567740263597 0.3099204028183928 0.46320921430395795 0.5669454841969396 0.6729595492242141 1.2305367237203997 1.6530729029873228
57 513 0.14266256712425815 1.276509614450245 0.1366452012207498 0.1366452012207498 0.30798485385441016 0.48038220672399323 0.6016028262033374 0.8571296848839323 0.9273239569497643 1.276509614450245
57 513 0.3498203833597675 1.3510911770261884 0.17721018530864197 0.17721018530864197 0.2924625845446583 0.5749799367587104 0.7181596264549039 0.8576802686767117 0.9740101675988093 1.3510911770261884
58 522 0.06540477724428687 1.089578806057647 0.12166512000518323 0.12166512000518323 0.2654909413531702 0.4203053780576932 0.6008930148027719 0.6666270963479376 1.0124159138260036 1.089578806057647
56 504 0.16250077756640155 1.2272728108657784 0.1643589460951737 0.1643589460951737 0.2657135546208613 0.3818493383649221 0.757053110101203 0.7612637758204986 1.0650335564484603 1.2272728108657784
56 504 0.3967703163422047 1.84057134423388 0.18981824410662934 0.18981824410662934 0.32391025203240337 0.4348319511742897 0.5729728393127741 0.6256149271490202 1.3136284775241025 1.84057134423388
57 513 0.2781039775952485 1.6537197664845553 0.13791388725291237 0.13791388725291237 0.3201073755820405 0.44400222454259086 0.5749100718668643 0.6609413254088259 1.1950081659767247 1.6537197664845553
58 522 0.1315701676506272 1.2410472763854437 0.13266348374984016 0.13266348374984016 0.3013466245277465 0.4701391639547521 0.5867620214586026 0.8572676050849214 0.9154032922318432 1.2410472763854437
58 522 0.3065777031543574 1.3042268744842642 0.17357031327926783 0.17357031327926783 0.29413954304242884 0.5926919396238932 0.6627935262965686 0.840249942524175 0.9847579855077109 1.3042268744842642
59 531 0.063578101137932 1.0963482409650056 0.11239810524170767 0.11239810524170767 0.26870198975243276 0.40624881415452635 0.6039842753081467 0.6706623384610005 0.9688220891144652 1.0963482409650056
57 513 0.16048182663805188 1.2708817726966235 0.1611614445716089 0.1611614445716089 0.26100215113289627 0.36249634734014535 0.7293697400652892 0.7768426284212309 1.0435659842549305 1.2708817726966235
57 513 0.4030886739831894 1.8819587780754665 0.18616576447895902 0.18616576447895902 0.32669228555363566 0.4588193874199375 0.5385470238938027 0.647334974626735 1.2678864415962139 1.8819587780754665
58 522 0.2691561569205638 1.5905807301915467 0.13648324600522424 0.13648324600522424 0.32201730842578524 0.4356526516640456 0.5554342916746352 0.6960359767255907 1.1988785765265477 1.5905807301915467
59 531 0.12065675470580234 1.229399427014729 0.12382854510733259 0.12382854510733259 0.29818346688986747 0.4688657514432109 0.5815030432402651 0.8263360250985105 0.9167906475282618 1.229399427014729
59 531 0.277542828504268 1.260678778125465 0.16019282824163336 0.16019282824163336 0.2968271752085272 0.5769677251217737 0.6560060693082852 0.8449475684406993 0.9547405379339089 1.260678778125465
60 540 0.06263606739265924 1.0946760228264911 0.10773346305506333 0.10773346305506333 0.26846652264012993 0.40371549987122574 0.5656227759727143 0.674984321691605 0.9819795660365072 1.0946760228264911
58 522 0.14928566771541554 1.2640314334164773 0.15760847609618306 0.15760847609618306 0.25898386941556406 0.3690250299159671 0.668231347114881 0.7724829674014788 1.03838864263602 1.2640314334164773
58 522 0.380170003193143 1.9404747666366309 0.18102147768353705 0.18102147768353705 0.33396397256624033 0.4715772660712683 0.507700440341823 0.6276351649925689 1.262970733033388 1.9404747666366309
59 531 0.23041538398807335 1.611954584698194 0.12672280477429942 0.12672280477429942 0.3289155102668163 0.4208377152148584 0.5495793821088324 0.7026687695958956 1.15502582777032 1.611954584698194
60 540 0.12266823436293506 1.2093588296509648 0.12163495085374465 0.12163495085374465 0.284355317319489 0.4694447381131807 0.5816847673034655 0.8122534737921053 0.9199315470438028 1.2093588296509648
60 540 0.2727909555744098 1.2460547412629248 0.1567787421069286 0.1567787421069286 0.2929120329644184 0.5734128322912335 0.6240004928000982 0.8192556440012211 0.9594418709338625 1.2460547412629248
61 549 0.06502018260711923 1.1087180712496756 0.10198425899746039 0.10198425899746039 0.2718299134592408 0.40364855453663945 0.5758783089095556 0.7021937971629058 0.9318580583125947 1.1087180712496756
59 531 0.13483607257075803 1.2745119237662188 0.15330228400589838 0.15330228400589838 0.25078908380675696 0.3477754818714724 0.6749911794627014 0.7746669757095456 0.9893962184325479 1.2745119237662188
59 531 0.320541012246476 1.9536930134123958 0.17548287841588198 0.17548287841588198 0.3191912187348744 0.46040962658041285 0.5013659306412076 0.6110969375807221 1.2486015960852832 1.9536930134123958
60 540 0.2472120221452092 1.5245673375857114 0.12406875879633551 0.12406875879633551 0.3153554916495465 0.419406680166707 0.5397741728755853 0.6943845750644831 1.1262922805461013 1.5245673375857114
61 549 0.12627570637484284 1.29405559404511 0.12185400305848207 0.12185400305848207 0.27457763228202564 0.4694915686334381 0.60551413122151 0.7646600821007268 0.9370915121950848 1.29405559404511
61 549 0.2798346566616013 1.2200428467830189 0.15103842007687593 0.15103842007687593 0.29200659643339844 0.5774083474491732 0.6680369429523507 0.7723136502135108 0.9690465623275119 1.2200428467830189
62 558 0.06649030841097163 1.1239976937665572 0.0980927311963607 0.0980927311963607 0.26609186075555763 0.4013148687849132 0.5919976662458758 0.691258298076825 0.9609252566478956 1.1239976937665572
60 540 0.1256509309926907 1.28370960459738 0.14745524396175716 0.14745524396175716 0.24790951260898547 0.3459515639669772 0.6236580742696533 0.7533266011194433 1.0030421489906476 1.28370960459738
60 540 0.3034877648886593 1.9252763653510794 0.16774651388298617 0.16774651388298617 0.31095622522582966 0.456815183931244 0.47317252654434866 0.6040163390586628 1.22706763661897 1.9252763653510794
61 549 0.2872123686298488 1.6793778248720137 0.1154848950112069 0.1154848950112069 0.3172141984166997 0.41830764926443764 0.5906402689621303 0.6815515233507181 1.0546640142197559 1.6793778248720137
62 558 0.12121491003118948 1.3610876438122081 0.12065177245934802 0.12065177245934802 0.27052013156048543 0.47302159224157664 0.595598662421484 0.7409307703183723 0.9456347897853654 1.3610876438122081
62 558 0.2806351191148598 1.2244948403234015 0.1497332478045836 0.1497332478045836 0.2922576496688395 0.562982452211511 0.6832260495095902 0.7362075212546588 0.9630681556744121 1.2244948403234015
63 567 0.07058590462260582 1.184533347848135 0.09036788562264009 0.09036788562264009 0.2735863719210938 0.405406864871098 0.5913788364520127 0.6726382693276125 0.9492819879878813 1.184533347848135
61 549 0.12477592837233797 1.325974305136419 0.13870963482882115 0.13870963482882115 0.2512200899710115 0.3385177331818466 0.6183465654285115 0.7749877266678107 0.9671559020548702 1.325974305136419
61 549 0.2983202160832211 1.9033795128739515 0.16773342047509246 0.16773342047509246 0.3037553507164585 0.45435193624754744 0.4616589545497187 0.6146934869678696 1.223004477546636 1.9033795128739515
62 558 0.266513175002424 1.9508636067226792 0.1148065787355613 0.1148065787355613 0.3121972993850234 0.41350869779610916 0.5779205668476912 0.6482154048365097 1.0433467256834967 1.9508636067226792
63 567 0.11658600272355057 1.3803318858789173 0.11649647807639893 0.11649647807639893 0.2729815086567665 0.4648570718113759 0.5897551100631742 0.744208186761438 0.9329558844355852 1.3803318858789173
63 567 0.24699504929694222 1.2172243577370347 0.1516378838326944 0.1516378838326944 0.28230598361102655 0.5494202438467022 0.6735876609015701 0.7296777636794445 0.9629290217692453 1.2172243577370347
64 576 0.07544218366637813 1.285492512094222 0.08474217659769281 0.08474217659769281 0.28809698345463175 0.3969971227409909 0.5538684057208367 0.6668545065179905 0.9449680683647345 1.285492512094222
62 558 0.11957594427740571 1.4329785360557146 0.13400685897054013 0.13400685897054013 0.2425794790998211 0.33666534020029676 0.6103908952900023 0.7822016518079882 0.948556788190022 1.4329785360557146
62 558 0.27467961465947166 1.935186557984327 0.1663093294214272 0.1663093294214272 0.3023321810004689 0.44955091314439694 0.4690766910193996 0.5914562027121454 1.2236633534668362 1.935186557984327
63 567 0.23841625044697778 1.9659010213899093 0.10699062309282556 0.10699062309282556 0.32734219372933054 0.4125803490372388 0.593748131677448 0.6365050777409597 1.0113066811702396 1.9659010213899093
64 576 0.10488908591812256 1.4058437175828544 0.10870890542049788 0.10870890542049788 0.2804909691117414 0.4544370087507513 0.5799479090102393 0.7404148837617778 0.9045359918512526 1.4058437175828544
65 585 0.07106416155744442 1.3732669661419017 0.07941801216569298 0.07941801216569298 0.28102857022286576 0.41514532994307085 0.5486044182535479 0.6573260114615483 0.9222874378211002 1.3732669661419017
64 576 0.24973661209696738 1.1875714106849453 0.14752686081564 0.14752686081564 0.27467749432256633 0.5521748225727878 0.6451963253719778 0.7257801754765356 0.9673300339831331 1.1875714106849453
63 567 0.11336199981958332 1.382422614100494 0.12327813704640148 0.12327813704640148 0.2530630473880224 0.32661467881028877 0.6334820676180866 0.7893539885503527 0.9533366658781203 1.382422614100494
63 567 0.2684129825598644 2.013946517525889 0.15773722390467784 0.15773722390467784 0.2942622708694362 0.4423650538597437 0.45942946455098216 0.5919981999562219 1.213399689393013 2.013946517525889
64 576 0.21212633677942438 1.9793549967411965 0.1043478642386544 0.1043478642386544 0.3158353554455808 0.40466696727233015 0.598575247000546 0.6443010174717696 0.9869923926934854 1.9793549967411965
65 585 0.10181962018575241 1.4106488483743118 0.10529349179800225 0.10529349179800225 0.27735556843719517 0.4380390994600553 0.5619791484167453 0.7209600071704992 0.9228878598747684 1.4106488483743118
66 594 0.07371885627825266 1.4103394355924261 0.0745087265238713 0.0745087265238713 0.27795761320303786 0.3922595435985202 0.5247659287213514 0.6632332036221782 0.916051901208796 1.4103394355924261
65 585 0.23910176497282198 1.195237745309611 0.1385352689345151 0.1385352689345151 0.2726465546185256 0.5775699129556913 0.6384500607140379 0.7073381082536042 0.9574810880579396 1.195237745309611
64 576 0.11513435786594708 1.3963908119492339 0.1189176154792198 0.1189176154792198 0.2565163009468941 0.31570644929998526 0.6219342173188802 0.7827167362172432 0.9354595907819839 1.3963908119492339
64 576 0.2539881797168403 2.005777350603527 0.1572264279441903 0.1572264279441903 0.2867222573754384 0.43698072312074676 0.45033117195141886 0.5920300036783473 1.2216967133056758 2.005777350603527
65 585 0.18471527174156943 1.9983166110742592 0.09506415202619496 0.09506415202619496 0.3129819243990269 0.4190749259162558 0.5790594932883202 0.6313949129205443 0.9682512419747583 1.9983166110742592
66 594 0.09821288267879387 1.441584240164417 0.09937492816207295 0.09937492816207295 0.2696462503513894 0.4256630610206986 0.5850902015489131 0.7097145046977353 0.9100621369463712 1.441584240164417
67 603 0.06912774109431466 1.4022256278748904 0.07050346035861588 0.07050346035861588 0.27521102064630015 0.4249766759347566 0.5486589622468615 0.6391257755815558 0.8938612871392754 1.4022256278748904
66 594 0.2381844768108782 1.2356128558130277 0.13162793481555934 0.13162793481555934 0.2666128106616941 0.5707386941373684 0.6071842603563468 0.7018660953925256 0.9528235050720427 1.2356128558130277
67 603 0.06912774109431466 1.4022256278748904 0.07050346035861588 0.07050346035861588 0.27521102064630015 0.4249766759347566 0.5486589622468615 0.6391257755815558 0.8938612871392754 1.4022256278748904
65 585 0.10543778261931083 1.4306946856454326 0.11116692261305522 0.11116692261305522 0.2481406519044766 0.3338003755687068 0.6406056259183438 0.7759239117831488 0.9034214473680007 1.4306946856454326
65 585 0.22793340385148472 2.0214251598298576 0.1478397527099484 0.1478397527099484 0.2808159998159911 0.43967418768853495 0.45448100664228686 0.5901918479667303 1.178394916776684 2.0214251598298576
66 594 0.18141780229645862 1.9889325533012052 0.09476235216790888 0.09476235216790888 0.30248529559473575 0.42363296592803873 0.5402448500487942 0.6189061595984711 0.9556550852428214 1.9889325533012052
67 603 0.09165760311779965 1.3966285441278274 0.09826540229547677 0.09826540229547677 0.2717374951734014 0.4312548420133777 0.561310842404321 0.7112988304876411 0.8919098453428496 1.3966285441278274
67 603 0.22689767036644398 1.1683390677333123 0.1343983835769792 0.1343983835769792 0.26319591549442595 0.5608776458254731 0.6125483959360304 0.6846467641804814 0.9652900154760233 1.1683390677333123
67 603 0.09165760311779965 1.3966285441278274 0.09826540229547677 0.09826540229547677 0.2717374951734014 0.4312548420133777 0.561310842404321 0.7112988304876411 0.8919098453428496 1.3966285441278274
66 594 0.10310155581791604 1.4579456487816502 0.10543843126274427 0.10543843126274427 0.24223625311815858 0.3264423092706046 0.6169767727966452 0.7649676697428542 0.8975751152741028 1.4579456487816502
67 603 0.22689767036644398 1.1683390677333123 0.1343983835769792 0.1343983835769792 0.26319591549442595 0.5608776458254731 0.6125483959360304 0.6846467641804814 0.9652900154760233 1.1683390677333123
66 594 0.23120724906551846 2.0463191821703464 0.13766586013571536 0.13766586013571536 0.2758865079346245 0.4147626957004718 0.45613421535403714 0.5886624671983763 1.1657256287570488 2.0463191821703464
67 603 0.18651215621350908 1.919635655000968 0.09357276563795928 0.09357276563795928 0.2993208320382966 0.43386114492793126 0.5368014603423542 0.5941401679714011 0.9541982448757694 1.919635655000968
67 603 0.18651215621350908 1.919635655000968 0.09357276563795928 0.09357276563795928 0.2993208320382966 0.43386114492793126 0.5368014603423542 0.5941401679714011 0.9541982448757694 1.919635655000968
67 603 0.10026639993076228 1.3726298948422826 0.1007467803956312 0.1007467803956312 0.23864281750532704 0.34466067510012266 0.6194621393561571 0.7579947094459767 0.8829896969054261 1.3726298948422826
67 603 0.10026639993076228 1.3726298948422826 0.1007467803956312 0.1007467803956312 0.23864281750532704 0.34466067510012266 0.6194621393561571 0.7579947094459767 0.8829896969054261 1.3726298948422826
67 603 0.2273809672628737 1.9636678851841196 0.13465010725734214 0.13465010725734214 0.27824525117381543 0.41040660647558314 0.4639739951676243 0.5865441817675273 1.152774440037838 1.9636678851841196
67 603 0.2273809672628737 1.9636678851841196 0.13465010725734214 0.13465010725734214 0.27824525117381543 0.41040660647558314 0.4639739951676243 0.5865441817675273 1.152774440037838 1.9636678851841196
