% # columns="iteration, evaluation, min 25%tile 75%tile max correlation, correlation matrix principal axes lengths  (sorted square roots of eigenvalues of correlation matrix)", seed=2567, Fri Aug 28 18:40:49 2026
1 9 -0.08276525193838165 -0.04412656649459378 0.0424020395360635 0.11366156773230116 0.9057391923836092 0.9562158155008142 0.9676186653241782 1.0031337521011456 1.0076478053167213 1.0226653163543875 1.123176822519193
1 9 -0.08276525193838163 -0.044126566494593816 0.04240203953606353 0.11366156773230116 0.9057391923836093 0.9562158155008141 0.967618665324178 1.0031337521011456 1.007647805316721 1.0226653163543875 1.123176822519193
1 9 -0.08276525193838163 -0.044126566494593775 0.04240203953606349 0.11366156773230116 0.9057391923836093 0.9562158155008141 0.9676186653241781 1.0031337521011456 1.007647805316721 1.0226653163543875 1.1231768225191927
1 9 -0.08276525193838165 -0.04412656649459379 0.04240203953606353 0.11366156773230116 0.9057391923836091 0.9562158155008141 0.9676186653241781 1.0031337521011456 1.007647805316721 1.0226653163543875 1.1231768225191925
1 9 -0.08276525193838165 -0.04412656649459378 0.0424020395360635 0.11366156773230116 0.905739192383609 0.9562158155008141 0.9676186653241778 1.0031337521011456 1.0076478053167206 1.0226653163543875 1.1231768225191927
1 9 -0.08276525193838165 -0.044126566494593816 0.04240203953606351 0.11366156773230114 0.9057391923836091 0.956215815500814 0.9676186653241778 1.0031337521011454 1.0076478053167208 1.0226653163543873 1.123176822519193
2 18 -0.10595843294576288 -0.06252323209108346 0.06885493570350501 0.16241180671691804 0.9057391923836092 0.9562158155008142 0.9676186653241782 1.0031337521011456 1.0076478053167213 1.0226653163543875 1.123176822519193
2 18 -0.10595843294576203 -0.06252323209108412 0.0688549357035046 0.1624118067169165 0.9057391923836091 0.956215815500814 0.9676186653241778 1.0031337521011454 1.0076478053167208 1.0226653163543873 1.123176822519193
2 18 -0.10595843294576232 -0.06252323209108379 0.06885493570350436 0.1624118067169174 0.9057391923836091 0.9562158155008141 0.9676186653241781 1.0031337521011456 1.007647805316721 1.0226653163543875 1.1231768225191925
2 18 -0.10595843294576196 -0.06252323209108379 0.06885493570350443 0.1624118067169174 0.9057391923836093 0.9562158155008141 0.9676186653241781 1.0031337521011456 1.007647805316721 1.0226653163543875 1.1231768225191927
2 18 -0.10595843294576349 -0.062523232091083 0.06885493570350544 0.16241180671691893 0.905739192383609 0.9562158155008141 0.9676186653241778 1.0031337521011456 1.0076478053167206 1.0226653163543875 1.1231768225191927
2 18 -0.10595843294576245 -0.06252323209108354 0.06885493570350495 0.1624118067169176 0.9057391923836093 0.9562158155008141 0.967618665324178 1.0031337521011456 1.007647805316721 1.0226653163543875 1.123176822519193
3 27 -0.15708015559850308 -0.04934405392933214 0.08482737884583767 0.1945494712402616 0.9057391923836092 0.9562158155008142 0.9676186653241782 1.0031337521011456 1.0076478053167213 1.0226653163543875 1.123176822519193
3 27 -0.15708015559850244 -0.0493440539293326 0.0848273788458372 0.1945494712402605 0.9057391923836091 0.9562158155008141 0.9676186653241781 1.0031337521011456 1.007647805316721 1.0226653163543875 1.1231768225191925
3 27 -0.15708015559850239 -0.04934405392933139 0.08482737884583778 0.19454947124026425 0.905739192383609 0.9562158155008141 0.9676186653241778 1.0031337521011456 1.0076478053167206 1.0226653163543875 1.1231768225191927
3 27 -0.15708015559850289 -0.049344053929331444 0.08482737884583733 0.19454947124026092 0.9057391923836093 0.9562158155008141 0.967618665324178 1.0031337521011456 1.007647805316721 1.0226653163543875 1.123176822519193
3 27 -0.1570801555985022 -0.04934405392933102 0.08482737884583694 0.19454947124026042 0.9057391923836093 0.9562158155008141 0.9676186653241781 1.0031337521011456 1.007647805316721 1.0226653163543875 1.1231768225191927
3 27 -0.15708015559850486 -0.049344053929332006 0.08482737884583781 0.19454947124025807 0.9057391923836091 0.956215815500814 0.9676186653241778 1.0031337521011454 1.0076478053167208 1.0226653163543873 1.123176822519193
4 36 -0.17996074762024566 -0.08738505254319398 0.07905033799647838 0.13190215867214528 0.9057391923836093 0.9562158155008141 0.967618665324178 1.0031337521011456 1.007647805316721 1.0226653163543875 1.123176822519193
4 36 -0.17996074762024417 -0.08738505254319466 0.07905033799647684 0.13190215867214278 0.9057391923836091 0.956215815500814 0.9676186653241778 1.0031337521011454 1.0076478053167208 1.0226653163543873 1.123176822519193
4 36 -0.17996074762024705 -0.08738505254319388 0.07905033799647944 0.13190215867214816 0.905739192383609 0.9562158155008141 0.9676186653241778 1.0031337521011456 1.0076478053167206 1.0226653163543875 1.1231768225191927
4 36 -0.1799607476202452 -0.08738505254319444 0.0790503379964784 0.131902158672145 0.9057391923836093 0.9562158155008141 0.9676186653241781 1.0031337521011456 1.007647805316721 1.0226653163543875 1.1231768225191927
4 36 -0.17996074762024258 -0.08738505254319512 0.07905033799648004 0.13190215867214383 0.9057391923836091 0.9562158155008141 0.9676186653241781 1.0031337521011456 1.007647805316721 1.0226653163543875 1.1231768225191925
4 36 -0.17996074762024528 -0.08738505254319393 0.07905033799647863 0.13190215867214558 0.9057391923836092 0.9562158155008142 0.9676186653241782 1.0031337521011456 1.0076478053167213 1.0226653163543875 1.123176822519193
5 45 -0.26005472143284325 -0.08839218810005442 0.06919495032263312 0.16429237606319105 0.905739192383609 0.9562158155008141 0.9676186653241778 1.0031337521011456 1.0076478053167206 1.0226653163543875 1.1231768225191927
5 45 -0.2600547214328418 -0.08839218810005825 0.06919495032263652 0.1642923760631893 0.9057391923836091 0.9562158155008141 0.9676186653241781 1.0031337521011456 1.007647805316721 1.0226653163543875 1.1231768225191925
5 45 -0.26005472143284164 -0.08839218810005797 0.06919495032263501 0.16429237606318983 0.9057391923836093 0.9562158155008141 0.967618665324178 1.0031337521011456 1.007647805316721 1.0226653163543875 1.123176822519193
5 45 -0.26005472143284025 -0.08839218810005925 0.06919495032263545 0.1642923760631905 0.9057391923836093 0.9562158155008141 0.9676186653241781 1.0031337521011456 1.007647805316721 1.0226653163543875 1.1231768225191927
5 45 -0.2600547214328425 -0.08839218810005678 0.06919495032263528 0.1642923760631902 0.9057391923836092 0.9562158155008142 0.9676186653241782 1.0031337521011456 1.0076478053167213 1.0226653163543875 1.123176822519193
5 45 -0.2600547214328402 -0.0883921881000595 0.06919495032263526 0.16429237606319078 0.9057391923836091 0.956215815500814 0.9676186653241778 1.0031337521011454 1.0076478053167208 1.0226653163543873 1.123176822519193
6 54 -0.2710106454976733 -0.08870380881005657 0.08614086228741166 0.18396915231136218 0.9057391923836093 0.9562158155008141 0.967618665324178 1.0031337521011456 1.007647805316721 1.0226653163543875 1.123176822519193
6 54 -0.2710106454976728 -0.0887038088100591 0.08614086228741538 0.18396915231136424 0.905739192383609 0.9562158155008141 0.9676186653241778 1.0031337521011456 1.0076478053167206 1.0226653163543875 1.1231768225191927
6 54 -0.271010645497674 -0.08870380881005116 0.08614086228740683 0.1839691523113598 0.9057391923836091 0.9562158155008141 0.9676186653241781 1.0031337521011456 1.007647805316721 1.0226653163543875 1.1231768225191925
6 54 -0.2710106454976749 -0.08870380881005686 0.086140862287405 0.183969152311354 0.9057391923836091 0.956215815500814 0.9676186653241778 1.0031337521011454 1.0076478053167208 1.0226653163543873 1.123176822519193
6 54 -0.27101064549767095 -0.0887038088100555 0.08614086228741238 0.18396915231136338 0.9057391923836093 0.9562158155008141 0.9676186653241781 1.0031337521011456 1.007647805316721 1.0226653163543875 1.1231768225191927
6 54 -0.2710106454976741 -0.08870380881005686 0.0861408622874106 0.18396915231136118 0.9057391923836092 0.9562158155008142 0.9676186653241782 1.0031337521011456 1.0076478053167213 1.0226653163543875 1.123176822519193
7 63 -0.2786862919695212 -0.10442923878925975 0.061416837007837274 0.21449081515075868 0.9057391923836093 0.9562158155008141 0.967618665324178 1.0031337521011456 1.007647805316721 1.0226653163543875 1.123176822519193
7 63 -0.27868629196952716 -0.1044292387892588 0.061416837007845074 0.214490815150752 0.9057391923836091 0.956215815500814 0.9676186653241778 1.0031337521011454 1.0076478053167208 1.0226653163543873 1.123176822519193
7 63 -0.2786862919695199 -0.10442923878925406 0.061416837007843436 0.214490815150755 0.9057391923836091 0.9562158155008141 0.9676186653241781 1.0031337521011456 1.007647805316721 1.0226653163543875 1.1231768225191925
7 63 -0.27868629196952005 -0.10442923878925822 0.06141683700783804 0.2144908151507607 0.9057391923836093 0.9562158155008141 0.9676186653241781 1.0031337521011456 1.007647805316721 1.0226653163543875 1.1231768225191927
7 63 -0.2786862919695207 -0.10442923878926033 0.06141683700783794 0.21449081515075696 0.9057391923836092 0.9562158155008142 0.9676186653241782 1.0031337521011456 1.0076478053167213 1.0226653163543875 1.123176822519193
7 63 -0.2786862919695177 -0.10442923878926352 0.06141683700783297 0.21449081515075993 0.905739192383609 0.9562158155008141 0.9676186653241778 1.0031337521011456 1.0076478053167206 1.0226653163543875 1.1231768225191927
8 72 -0.2679900186088314 -0.11396134886363607 0.06844479164733469 0.23756301381058056 0.7968023140398185 0.8198725715895242 0.917062327161693 0.9793294136499854 1.0361537336938718 1.0943991916217273 1.2733819049627988
8 72 -0.26566608045842577 -0.11325119584331396 0.07769223145993565 0.2552936030013872 0.7912605809237766 0.8199144831197781 0.9142304087116959 0.9371352937408106 1.0348948386106427 1.113946375579019 1.294497307764749
8 72 -0.2555894445560018 -0.10996368744467631 0.07333185249285304 0.24972587721578574 0.7976965411289293 0.8229729710663031 0.9123912001672099 0.9423290879150482 1.0347866483654768 1.1148979502258425 1.2853688412431012
8 72 -0.2555894445560011 -0.10996368744468454 0.07333185249284942 0.2497258772157838 0.7976965411289284 0.8229729710663042 0.9123912001672096 0.942329087915054 1.0347866483654782 1.1148979502258405 1.2853688412430984
8 72 -0.2555894445560034 -0.10996368744467763 0.07333185249285035 0.2497258772157865 0.797696541128929 0.822972971066304 0.9123912001672089 0.9423290879150513 1.034786648365478 1.114897950225842 1.2853688412430992
8 72 -0.2555894445560043 -0.10996368744468105 0.07333185249285035 0.24972587721578526 0.7976965411289287 0.8229729710663027 0.9123912001672106 0.9423290879150514 1.0347866483654777 1.1148979502258412 1.2853688412431001
9 81 -0.24172693560380015 -0.09607083710102568 0.04359006303051995 0.21446136145655423 0.7968023140398185 0.8198725715895242 0.917062327161693 0.9793294136499854 1.0361537336938718 1.0943991916217273 1.2733819049627988
9 81 -0.22087657537433064 -0.10091722154891955 0.08788904376326162 0.24987324100542396 0.7976965411289293 0.8229729710663031 0.9123912001672099 0.9423290879150482 1.0347866483654768 1.1148979502258425 1.2853688412431012
9 81 -0.25896722424726787 -0.09589525158100035 0.07537418907630933 0.26731290202953084 0.7912605809237766 0.8199144831197781 0.9142304087116959 0.9371352937408106 1.0348948386106427 1.113946375579019 1.294497307764749
9 81 -0.2208765753743159 -0.10091722154893035 0.0878890437632597 0.24987324100542602 0.797696541128929 0.822972971066304 0.9123912001672089 0.9423290879150513 1.034786648365478 1.114897950225842 1.2853688412430992
9 81 -0.22087657537431998 -0.1009172215489258 0.08788904376325872 0.24987324100542124 0.7976965411289284 0.8229729710663042 0.9123912001672096 0.942329087915054 1.0347866483654782 1.1148979502258405 1.2853688412430984
9 81 -0.22087657537432412 -0.10091722154892448 0.08788904376325918 0.24987324100542302 0.7976965411289287 0.8229729710663027 0.9123912001672106 0.9423290879150514 1.0347866483654777 1.1148979502258412 1.2853688412431001
10 90 -0.23977844251402494 -0.11966158530239651 0.0629984816817564 0.27050221565874344 0.7976965411289293 0.8229729710663031 0.9123912001672099 0.9423290879150482 1.0347866483654768 1.1148979502258425 1.2853688412431012
10 90 -0.2914935183092802 -0.10200454850651285 0.05698827285565817 0.2132427059631802 0.7968023140398185 0.8198725715895242 0.917062327161693 0.9793294136499854 1.0361537336938718 1.0943991916217273 1.2733819049627988
10 90 -0.2397784425140085 -0.1196615853023966 0.06299848168175687 0.2705022156587441 0.797696541128929 0.822972971066304 0.9123912001672089 0.9423290879150513 1.034786648365478 1.114897950225842 1.2853688412430992
10 90 -0.23977844251401162 -0.11966158530239501 0.06299848168175423 0.2705022156587369 0.7976965411289284 0.8229729710663042 0.9123912001672096 0.942329087915054 1.0347866483654782 1.1148979502258405 1.2853688412430984
10 90 -0.2814549719416421 -0.10857389355806157 0.0842900436568667 0.28888955956875284 0.7912605809237766 0.8199144831197781 0.9142304087116959 0.9371352937408106 1.0348948386106427 1.113946375579019 1.294497307764749
10 90 -0.23977844251401698 -0.1196615853023962 0.0629984816817542 0.27050221565874044 0.7976965411289287 0.8229729710663027 0.9123912001672106 0.9423290879150514 1.0347866483654777 1.1148979502258412 1.2853688412431001
11 99 -0.30069529506216786 -0.1299088053041266 0.05442733877004177 0.2507482026866453 0.7968023140398185 0.8198725715895242 0.917062327161693 0.9793294136499854 1.0361537336938718 1.0943991916217273 1.2733819049627988
11 99 -0.2377194604654118 -0.10214580266046902 0.0634164797313424 0.24886170809197056 0.7976965411289293 0.8229729710663031 0.9123912001672099 0.9423290879150482 1.0347866483654768 1.1148979502258425 1.2853688412431012
11 99 -0.23771946046540213 -0.10214580266047274 0.06341647973133985 0.2488617080919676 0.7976965411289287 0.8229729710663027 0.9123912001672106 0.9423290879150514 1.0347866483654777 1.1148979502258412 1.2853688412431001
11 99 -0.23771946046539721 -0.10214580266047259 0.06341647973133974 0.24886170809196423 0.7976965411289284 0.8229729710663042 0.9123912001672096 0.942329087915054 1.0347866483654782 1.1148979502258405 1.2853688412430984
11 99 -0.3242552482448116 -0.12217493169283858 0.02291283791875654 0.26432578376546195 0.7912605809237766 0.8199144831197781 0.9142304087116959 0.9371352937408106 1.0348948386106427 1.113946375579019 1.294497307764749
11 99 -0.2377194604653923 -0.10214580266047885 0.06341647973134173 0.24886170809197203 0.797696541128929 0.822972971066304 0.9123912001672089 0.9423290879150513 1.034786648365478 1.114897950225842 1.2853688412430992
12 108 -0.2852126775869545 -0.09860439409504676 0.059431978027297154 0.21990188372073424 0.7968023140398185 0.8198725715895242 0.917062327161693 0.9793294136499854 1.0361537336938718 1.0943991916217273 1.2733819049627988
12 108 -0.30899863313297604 -0.08381284749186838 0.061050200612982136 0.328080836242734 0.7976965411289293 0.8229729710663031 0.9123912001672099 0.9423290879150482 1.0347866483654768 1.1148979502258425 1.2853688412431012
12 108 -0.3089986331329591 -0.08381284749187828 0.06105020061298544 0.3280808362427251 0.7976965411289284 0.8229729710663042 0.9123912001672096 0.942329087915054 1.0347866483654782 1.1148979502258405 1.2853688412430984
12 108 -0.3089986331329537 -0.08381284749188228 0.06105020061298806 0.328080836242734 0.797696541128929 0.822972971066304 0.9123912001672089 0.9423290879150513 1.034786648365478 1.114897950225842 1.2853688412430992
12 108 -0.2516294385016015 -0.08400661410037841 0.0546514489222257 0.2806395358107506 0.7912605809237766 0.8199144831197781 0.9142304087116959 0.9371352937408106 1.0348948386106427 1.113946375579019 1.294497307764749
12 108 -0.3089986331329648 -0.0838128474918757 0.0610502006129826 0.32808083624272893 0.7976965411289287 0.8229729710663027 0.9123912001672106 0.9423290879150514 1.0347866483654777 1.1148979502258412 1.2853688412431001
13 117 -0.22346726225133184 -0.08499507942129897 0.08406605288503576 0.19683510097769086 0.7968023140398185 0.8198725715895242 0.917062327161693 0.9793294136499854 1.0361537336938718 1.0943991916217273 1.2733819049627988
13 117 -0.3121474919457509 -0.10034274796697543 0.06934833724482935 0.3198414463157223 0.797696541128929 0.822972971066304 0.9123912001672089 0.9423290879150513 1.034786648365478 1.114897950225842 1.2853688412430992
13 117 -0.3121474919457555 -0.10034274796698095 0.0693483372448224 0.3198414463157129 0.7976965411289284 0.8229729710663042 0.9123912001672096 0.942329087915054 1.0347866483654782 1.1148979502258405 1.2853688412430984
13 117 -0.2217367192026698 -0.12421620693971352 0.06512065667880305 0.21736384162421818 0.7912605809237766 0.8199144831197781 0.9142304087116959 0.9371352937408106 1.0348948386106427 1.113946375579019 1.294497307764749
13 117 -0.31214749194577496 -0.10034274796696385 0.06934833724482785 0.3198414463157225 0.7976965411289293 0.8229729710663031 0.9123912001672099 0.9423290879150482 1.0347866483654768 1.1148979502258425 1.2853688412431012
13 117 -0.3121474919457617 -0.10034274796697466 0.06934833724482631 0.3198414463157166 0.7976965411289287 0.8229729710663027 0.9123912001672106 0.9423290879150514 1.0347866483654777 1.1148979502258412 1.2853688412431001
14 126 -0.22719110452992497 -0.09916896420574439 0.09973573515277949 0.15478899982883734 0.7968023140398185 0.8198725715895242 0.917062327161693 0.9793294136499854 1.0361537336938718 1.0943991916217273 1.2733819049627988
14 126 -0.3156468538034769 -0.10470492003528585 0.06979260798666287 0.3121546235067349 0.797696541128929 0.822972971066304 0.9123912001672089 0.9423290879150513 1.034786648365478 1.114897950225842 1.2853688412430992
14 126 -0.2721295426099133 -0.12489539564149854 0.03944719860712398 0.21728204140559915 0.7912605809237766 0.8199144831197781 0.9142304087116959 0.9371352937408106 1.0348948386106427 1.113946375579019 1.294497307764749
14 126 -0.3156468538035027 -0.10470492003527171 0.06979260798667135 0.3121546235067348 0.7976965411289293 0.8229729710663031 0.9123912001672099 0.9423290879150482 1.0347866483654768 1.1148979502258425 1.2853688412431012
14 126 -0.3156468538034809 -0.10470492003529126 0.06979260798665758 0.3121546235067244 0.7976965411289284 0.8229729710663042 0.9123912001672096 0.942329087915054 1.0347866483654782 1.1148979502258405 1.2853688412430984
14 126 -0.31564685380348795 -0.10470492003528442 0.06979260798666549 0.3121546235067286 0.7976965411289287 0.8229729710663027 0.9123912001672106 0.9423290879150514 1.0347866483654777 1.1148979502258412 1.2853688412431001
15 135 -0.3212947450592239 -0.10488988920974904 0.09770831531720824 0.2390203843641923 0.7809110861972466 0.8044230351707659 0.8614492250861698 0.9695533612828997 1.0534840808412802 1.1260582897862577 1.297349986542572
15 135 -0.3026224013736452 -0.06871285497164145 0.09475250253808079 0.26621549636399294 0.7369581793092521 0.7861865861626011 0.8951314688380315 0.9690418419937833 1.1022393073176202 1.162604403886652 1.2377077058480672
15 135 -0.29431472339510195 -0.11430750122046857 0.035474000532059694 0.23182742360430084 0.7700020676576035 0.809400414030544 0.848853167244336 0.9431062902508933 1.0998877160635079 1.1093615912238797 1.3044272625518365
15 135 -0.29947403824880897 -0.06628094159410734 0.11139354231876805 0.2668977751066051 0.7343445506254908 0.7858441256939098 0.8844845580327398 0.9729974768733337 1.1113910908121398 1.1587417840876286 1.2394665742776592
15 135 -0.2922608783154135 -0.0713939696112813 0.10041980131590772 0.2736777926929159 0.7407421414133045 0.7844056532243467 0.8905699685201132 0.9710005020258424 1.1030573132754398 1.1664712752314181 1.2339616424546274
15 135 -0.2994740382488171 -0.06628094159410713 0.11139354231877636 0.2668977751065944 0.7343445506254914 0.785844125693908 0.884484558032741 0.9729974768733344 1.111391090812137 1.158741784087632 1.239466574277659
16 144 -0.307606806071928 -0.13060853015312232 0.11646709381109463 0.24411038143268582 0.7809110861972466 0.8044230351707659 0.8614492250861698 0.9695533612828997 1.0534840808412802 1.1260582897862577 1.297349986542572
16 144 -0.3366729517316323 -0.06509482567153071 0.09889417895544851 0.3401951553141685 0.7369581793092521 0.7861865861626011 0.8951314688380315 0.9690418419937833 1.1022393073176202 1.162604403886652 1.2377077058480672
16 144 -0.2747618166510325 -0.11381516454855672 0.06406084810917963 0.2317210591066729 0.7700020676576035 0.809400414030544 0.848853167244336 0.9431062902508933 1.0998877160635079 1.1093615912238797 1.3044272625518365
16 144 -0.2292590448085591 -0.05828353960060903 0.11326503296312192 0.30587374313541493 0.7343445506254908 0.7858441256939098 0.8844845580327398 0.9729974768733337 1.1113910908121398 1.1587417840876286 1.2394665742776592
16 144 -0.2406424745623021 -0.07408911248696812 0.13704534797860182 0.3372088334474965 0.7407421414133045 0.7844056532243467 0.8905699685201132 0.9710005020258424 1.1030573132754398 1.1664712752314181 1.2339616424546274
16 144 -0.225228560389476 -0.05111187260013543 0.11084183907158751 0.2923010161305898 0.7343445506254914 0.785844125693908 0.884484558032741 0.9729974768733344 1.111391090812137 1.158741784087632 1.239466574277659
17 153 -0.3101778070015268 -0.10972003102102841 0.1356909867808147 0.2600829585116488 0.7809110861972466 0.8044230351707659 0.8614492250861698 0.9695533612828997 1.0534840808412802 1.1260582897862577 1.297349986542572
17 153 -0.40644043196266655 -0.07099494232499085 0.1108389217941147 0.3112061264431505 0.7369581793092521 0.7861865861626011 0.8951314688380315 0.9690418419937833 1.1022393073176202 1.162604403886652 1.2377077058480672
17 153 -0.27983894850892493 -0.13131658384842387 0.044969668852606434 0.287780331140365 0.7700020676576035 0.809400414030544 0.848853167244336 0.9431062902508933 1.0998877160635079 1.1093615912238797 1.3044272625518365
17 153 -0.2727751085260265 -0.06998602841596219 0.12925175862482494 0.34800085377820256 0.7407421414133045 0.7844056532243467 0.8905699685201132 0.9710005020258424 1.1030573132754398 1.1664712752314181 1.2339616424546274
17 153 -0.21337521127125528 -0.08029745159624012 0.10282389874662765 0.293559578855755 0.7343445506254908 0.7858441256939098 0.8844845580327398 0.9729974768733337 1.1113910908121398 1.1587417840876286 1.2394665742776592
17 153 -0.31022246085851085 -0.06959468008746804 0.1155506536857068 0.24570104394437287 0.7343445506254914 0.785844125693908 0.884484558032741 0.9729974768733344 1.111391090812137 1.158741784087632 1.239466574277659
18 162 -0.3858052015374656 -0.07982157354940984 0.096278062834739 0.2571831095874443 0.7809110861972466 0.8044230351707659 0.8614492250861698 0.9695533612828997 1.0534840808412802 1.1260582897862577 1.297349986542572
18 162 -0.4596789243658455 -0.06332618209618315 0.1147083346963368 0.3073897648257747 0.7369581793092521 0.7861865861626011 0.8951314688380315 0.9690418419937833 1.1022393073176202 1.162604403886652 1.2377077058480672
18 162 -0.3215031945761776 -0.13890993967378362 0.02792319872003203 0.29250531230780513 0.7700020676576035 0.809400414030544 0.848853167244336 0.9431062902508933 1.0998877160635079 1.1093615912238797 1.3044272625518365
18 162 -0.3132524552142679 -0.05988160260557983 0.12192180161135015 0.3535264655667637 0.7407421414133045 0.7844056532243467 0.8905699685201132 0.9710005020258424 1.1030573132754398 1.1664712752314181 1.2339616424546274
18 162 -0.25802196423192975 -0.08822961344555649 0.09401336413228585 0.3040080603027602 0.7343445506254908 0.7858441256939098 0.8844845580327398 0.9729974768733337 1.1113910908121398 1.1587417840876286 1.2394665742776592
18 162 -0.32242792863566927 -0.07439958484433688 0.12070046740354834 0.2281686106639322 0.7343445506254914 0.785844125693908 0.884484558032741 0.9729974768733344 1.111391090812137 1.158741784087632 1.239466574277659
19 171 -0.3736500646948896 -0.07878880122059825 0.09732240794491728 0.26541833831643374 0.7809110861972466 0.8044230351707659 0.8614492250861698 0.9695533612828997 1.0534840808412802 1.1260582897862577 1.297349986542572
19 171 -0.32985328139516856 -0.11746494687135947 0.059395207916781205 0.28333595747170154 0.7700020676576035 0.809400414030544 0.848853167244336 0.9431062902508933 1.0998877160635079 1.1093615912238797 1.3044272625518365
19 171 -0.4414907561645031 -0.06728528564594088 0.15824674398697064 0.2931724594384116 0.7369581793092521 0.7861865861626011 0.8951314688380315 0.9690418419937833 1.1022393073176202 1.162604403886652 1.2377077058480672
19 171 -0.3466673391201524 -0.08997549365470459 0.12223900153423137 0.3130072404923181 0.7407421414133045 0.7844056532243467 0.8905699685201132 0.9710005020258424 1.1030573132754398 1.1664712752314181 1.2339616424546274
19 171 -0.2936647068599012 -0.07165536030417713 0.1096732212489985 0.3333342276201374 0.7343445506254908 0.7858441256939098 0.8844845580327398 0.9729974768733337 1.1113910908121398 1.1587417840876286 1.2394665742776592
19 171 -0.36245349606561567 -0.047875370143492815 0.13137440098866457 0.20880490003247557 0.7343445506254914 0.785844125693908 0.884484558032741 0.9729974768733344 1.111391090812137 1.158741784087632 1.239466574277659
20 180 -0.3724019736551962 -0.037395054986809645 0.14943694254318368 0.3127216752312108 0.7809110861972466 0.8044230351707659 0.8614492250861698 0.9695533612828997 1.0534840808412802 1.1260582897862577 1.297349986542572
20 180 -0.24658337979287048 -0.15404484900994964 0.05879322986888996 0.3768254348223295 0.7700020676576035 0.809400414030544 0.848853167244336 0.9431062902508933 1.0998877160635079 1.1093615912238797 1.3044272625518365
20 180 -0.4182578079840825 -0.019595088460642455 0.11187802178101942 0.2918766014826005 0.7369581793092521 0.7861865861626011 0.8951314688380315 0.9690418419937833 1.1022393073176202 1.162604403886652 1.2377077058480672
20 180 -0.3793485820275557 -0.08268312562631122 0.13259703324076602 0.3312546047295136 0.7407421414133045 0.7844056532243467 0.8905699685201132 0.9710005020258424 1.1030573132754398 1.1664712752314181 1.2339616424546274
20 180 -0.29374084937419354 -0.07404566261019625 0.09807192006145912 0.27362019648114466 0.7343445506254908 0.7858441256939098 0.8844845580327398 0.9729974768733337 1.1113910908121398 1.1587417840876286 1.2394665742776592
20 180 -0.35646640618024306 -0.04478677040569022 0.15458533383380532 0.26081528987106956 0.7343445506254914 0.785844125693908 0.884484558032741 0.9729974768733344 1.111391090812137 1.158741784087632 1.239466574277659
21 189 -0.33971148220423136 -0.02185335137419896 0.15885955049272354 0.3124499384832079 0.7809110861972466 0.8044230351707659 0.8614492250861698 0.9695533612828997 1.0534840808412802 1.1260582897862577 1.297349986542572
21 189 -0.30321116406184345 -0.15223799008291836 0.09529436992648502 0.3866117706410931 0.7700020676576035 0.809400414030544 0.848853167244336 0.9431062902508933 1.0998877160635079 1.1093615912238797 1.3044272625518365
21 189 -0.38244152607197324 -0.05944359124668183 0.11793558582531198 0.29845322772686184 0.7369581793092521 0.7861865861626011 0.8951314688380315 0.9690418419937833 1.1022393073176202 1.162604403886652 1.2377077058480672
21 189 -0.37257501994429393 -0.0978334164869009 0.12697064168786715 0.4054821951908745 0.7407421414133045 0.7844056532243467 0.8905699685201132 0.9710005020258424 1.1030573132754398 1.1664712752314181 1.2339616424546274
21 189 -0.3320055168493203 -0.060655934926107366 0.1367480735327183 0.24999884538655798 0.7343445506254908 0.7858441256939098 0.8844845580327398 0.9729974768733337 1.1113910908121398 1.1587417840876286 1.2394665742776592
21 189 -0.37487964208130103 -0.03932282679233445 0.12150644802134426 0.30527211108855007 0.7343445506254914 0.785844125693908 0.884484558032741 0.9729974768733344 1.111391090812137 1.158741784087632 1.239466574277659
22 198 -0.31370895706203955 -0.05334780375052779 0.1778795856764582 0.33243518723130966 0.7332563495334297 0.7492629614749475 0.8210132168994073 0.9647493574096089 1.0784777881846015 1.202455791280231 1.2988925459382763
22 198 -0.31785486737120094 -0.16209982167603754 0.081232602342966 0.41403383160408824 0.6573363696489597 0.8181162920690744 0.8485882510332127 0.9867146044382007 1.0301478551322525 1.0915839676219896 1.39718529106976
22 198 -0.37159129210212516 -0.04957719203315358 0.16616692440171932 0.3314322564065345 0.6052184664376976 0.8482784930688966 0.9257736191273157 0.9296247177315976 1.041443605063709 1.1601948374066287 1.3274857638094786
22 198 -0.3257173119844357 -0.06798511227189542 0.1407364420743115 0.39922792567703896 0.6701038795867333 0.7574772503307587 0.8512414617643463 0.9758937074961181 1.1092410569673963 1.1800352820510347 1.2951098261883167
22 198 -0.35124623036255137 -0.07390033473886198 0.15403737069436887 0.2673968635347817 0.6605065997833479 0.790925801951729 0.8994688783650528 0.965392047340807 1.1346289648608656 1.1646294971235993 1.2463533149801016
22 198 -0.34728142410649876 -0.07909892029773755 0.15962605962325252 0.2857670105598087 0.7124982326270398 0.7367162924468531 0.8846235046535461 0.9538225135095898 1.0516577996277374 1.1272762537751584 1.3713217568609573
23 207 -0.26257409163150847 -0.07309119894222703 0.1652104398722877 0.2931789385301225 0.7332563495334297 0.7492629614749475 0.8210132168994073 0.9647493574096089 1.0784777881846015 1.202455791280231 1.2988925459382763
23 207 -0.2975165939670824 -0.17961209261710737 0.08082074673543341 0.5231520175741242 0.6573363696489597 0.8181162920690744 0.8485882510332127 0.9867146044382007 1.0301478551322525 1.0915839676219896 1.39718529106976
23 207 -0.3453462221297652 -0.05461220305139303 0.1560558634208999 0.29761566840344955 0.6052184664376976 0.8482784930688966 0.9257736191273157 0.9296247177315976 1.041443605063709 1.1601948374066287 1.3274857638094786
23 207 -0.3022511788316658 -0.0845288786722103 0.1318585178176675 0.3897840805202455 0.6701038795867333 0.7574772503307587 0.8512414617643463 0.9758937074961181 1.1092410569673963 1.1800352820510347 1.2951098261883167
23 207 -0.3420471168326079 -0.07107380320415595 0.136916345141403 0.3227859526922042 0.6605065997833479 0.790925801951729 0.8994688783650528 0.965392047340807 1.1346289648608656 1.1646294971235993 1.2463533149801016
23 207 -0.3744158317296618 -0.11432743212216896 0.16141478267828838 0.2862131031553114 0.7124982326270398 0.7367162924468531 0.8846235046535461 0.9538225135095898 1.0516577996277374 1.1272762537751584 1.3713217568609573
24 216 -0.22898691903174404 -0.06878330520014084 0.16542310337353294 0.2811907482141766 0.7332563495334297 0.7492629614749475 0.8210132168994073 0.9647493574096089 1.0784777881846015 1.202455791280231 1.2988925459382763
24 216 -0.2962213768408018 -0.035793984832513975 0.16716537850720053 0.35739992145984295 0.6052184664376976 0.8482784930688966 0.9257736191273157 0.9296247177315976 1.041443605063709 1.1601948374066287 1.3274857638094786
24 216 -0.2918875139162562 -0.15483623034246574 0.05272403401448478 0.5588222594244902 0.6573363696489597 0.8181162920690744 0.8485882510332127 0.9867146044382007 1.0301478551322525 1.0915839676219896 1.39718529106976
24 216 -0.2541650220093257 -0.08521415953107693 0.13842548145686137 0.3798973481009056 0.6701038795867333 0.7574772503307587 0.8512414617643463 0.9758937074961181 1.1092410569673963 1.1800352820510347 1.2951098261883167
24 216 -0.33833810931869335 -0.1062677051930685 0.12469724031569429 0.3202451479297211 0.6605065997833479 0.790925801951729 0.8994688783650528 0.965392047340807 1.1346289648608656 1.1646294971235993 1.2463533149801016
24 216 -0.4076331869397248 -0.11366917612023562 0.13867290021119874 0.29367676998652814 0.7124982326270398 0.7367162924468531 0.8846235046535461 0.9538225135095898 1.0516577996277374 1.1272762537751584 1.3713217568609573
25 225 -0.28854269998911947 -0.05413147331813838 0.1766112801776804 0.26084702389100445 0.7332563495334297 0.7492629614749475 0.8210132168994073 0.9647493574096089 1.0784777881846015 1.202455791280231 1.2988925459382763
25 225 -0.2611542298687309 -0.0302133304311203 0.18238288550338083 0.32012616615830786 0.6052184664376976 0.8482784930688966 0.9257736191273157 0.9296247177315976 1.041443605063709 1.1601948374066287 1.3274857638094786
25 225 -0.29185494094231673 -0.16700499773788177 0.061821327491201866 0.5448867200344689 0.6573363696489597 0.8181162920690744 0.8485882510332127 0.9867146044382007 1.0301478551322525 1.0915839676219896 1.39718529106976
25 225 -0.2199403384782175 -0.08240385924143297 0.11965554207388904 0.40769022799285465 0.6701038795867333 0.7574772503307587 0.8512414617643463 0.9758937074961181 1.1092410569673963 1.1800352820510347 1.2951098261883167
25 225 -0.3066693327520359 -0.07846623004376488 0.1086647889543004 0.3082656105742791 0.6605065997833479 0.790925801951729 0.8994688783650528 0.965392047340807 1.1346289648608656 1.1646294971235993 1.2463533149801016
25 225 -0.4379036934542202 -0.13173362606285627 0.12711020031998727 0.2873452792305275 0.7124982326270398 0.7367162924468531 0.8846235046535461 0.9538225135095898 1.0516577996277374 1.1272762537751584 1.3713217568609573
26 234 -0.26654354308274497 -0.08813078023575444 0.17959198886380812 0.2123493014461378 0.7332563495334297 0.7492629614749475 0.8210132168994073 0.9647493574096089 1.0784777881846015 1.202455791280231 1.2988925459382763
26 234 -0.34677509440658083 -0.1583802610907026 0.07479321516454375 0.5575323418660979 0.6573363696489597 0.8181162920690744 0.8485882510332127 0.9867146044382007 1.0301478551322525 1.0915839676219896 1.39718529106976
26 234 -0.28357056942930225 -0.04351513483462601 0.17427689354767917 0.31406578185629747 0.6052184664376976 0.8482784930688966 0.9257736191273157 0.9296247177315976 1.041443605063709 1.1601948374066287 1.3274857638094786
26 234 -0.2406443038663502 -0.09137719397620214 0.12502634730021972 0.42435566512720246 0.6701038795867333 0.7574772503307587 0.8512414617643463 0.9758937074961181 1.1092410569673963 1.1800352820510347 1.2951098261883167
26 234 -0.2796600874400442 -0.08529770303754296 0.11645987691122384 0.35450372359924426 0.6605065997833479 0.790925801951729 0.8994688783650528 0.965392047340807 1.1346289648608656 1.1646294971235993 1.2463533149801016
26 234 -0.46055834618529573 -0.12828375507351447 0.1299732259488943 0.2852547406490586 0.7124982326270398 0.7367162924468531 0.8846235046535461 0.9538225135095898 1.0516577996277374 1.1272762537751584 1.3713217568609573
27 243 -0.32844689850762304 -0.08560798473012231 0.16216393802714518 0.22082569893706452 0.7332563495334297 0.7492629614749475 0.8210132168994073 0.9647493574096089 1.0784777881846015 1.202455791280231 1.2988925459382763
27 243 -0.36301817855324503 -0.16741844816677348 0.07060980669901182 0.549909940287441 0.6573363696489597 0.8181162920690744 0.8485882510332127 0.9867146044382007 1.0301478551322525 1.0915839676219896 1.39718529106976
27 243 -0.3161960857542337 -0.07210666884046081 0.18371561087459112 0.3133874691832614 0.6052184664376976 0.8482784930688966 0.9257736191273157 0.9296247177315976 1.041443605063709 1.1601948374066287 1.3274857638094786
27 243 -0.21412717690022673 -0.14701458507367973 0.18386185789945478 0.44253557971616786 0.6701038795867333 0.7574772503307587 0.8512414617643463 0.9758937074961181 1.1092410569673963 1.1800352820510347 1.2951098261883167
27 243 -0.276513067366518 -0.08200920382186408 0.10815466404324506 0.3927111389033147 0.6605065997833479 0.790925801951729 0.8994688783650528 0.965392047340807 1.1346289648608656 1.1646294971235993 1.2463533149801016
27 243 -0.4792294451802822 -0.13130296264183283 0.09211464667158653 0.28582594557291274 0.7124982326270398 0.7367162924468531 0.8846235046535461 0.9538225135095898 1.0516577996277374 1.1272762537751584 1.3713217568609573
28 252 -0.39050717496227116 -0.06938408152920233 0.18529322807210466 0.22520533283189667 0.7332563495334297 0.7492629614749475 0.8210132168994073 0.9647493574096089 1.0784777881846015 1.202455791280231 1.2988925459382763
28 252 -0.33719469506027483 -0.19160485752955864 0.033299431816360234 0.4914423995316605 0.6573363696489597 0.8181162920690744 0.8485882510332127 0.9867146044382007 1.0301478551322525 1.0915839676219896 1.39718529106976
28 252 -0.19501490142848946 -0.09138066875338556 0.1838697469308858 0.36648178113077895 0.6052184664376976 0.8482784930688966 0.9257736191273157 0.9296247177315976 1.041443605063709 1.1601948374066287 1.3274857638094786
28 252 -0.2334871950087411 -0.14815452989109207 0.22486780862278255 0.48258287648662923 0.6701038795867333 0.7574772503307587 0.8512414617643463 0.9758937074961181 1.1092410569673963 1.1800352820510347 1.2951098261883167
28 252 -0.28264947164074317 -0.07384759636150508 0.12609122941963313 0.3610196197532966 0.6605065997833479 0.790925801951729 0.8994688783650528 0.965392047340807 1.1346289648608656 1.1646294971235993 1.2463533149801016
28 252 -0.4533138725904737 -0.17566610829109602 0.11159953329794456 0.3847828556318845 0.7124982326270398 0.7367162924468531 0.8846235046535461 0.9538225135095898 1.0516577996277374 1.1272762537751584 1.3713217568609573
29 261 -0.4420563889678665 -0.09223837863494042 0.17759767175446384 0.2315697073887618 0.6692922133859377 0.7258989059781957 0.916490150554399 0.9620410831210596 1.0909852145828536 1.1879965330801936 1.2876556094995621
29 261 -0.18023986743605233 -0.06511657632978401 0.18820746152617993 0.4051359093553466 0.5819137137581346 0.8330542775579722 0.9158730920035005 0.9574568126192239 1.0022252277906631 1.2245167218763815 1.3068868819911839
29 261 -0.3549477702963956 -0.21512157133809068 0.03463308328863149 0.4738706463530089 0.6475869395767105 0.7385888225283651 0.7736385975271307 0.9640223893493457 1.1014639462768214 1.198784583548048 1.3627011988969153
29 261 -0.22327733485808496 -0.1565876894843382 0.19092060731989027 0.4954331907653382 0.6822787977825624 0.7459373540860795 0.7795532998312987 0.9281709549937662 1.0397992451567626 1.1960494641091932 1.4132061583785533
29 261 -0.24469321133916438 -0.09999442547917839 0.1240360993090762 0.35932100005652834 0.6500554233989867 0.7869512793062482 0.9242483757934543 0.9851174954147716 1.0323700125898452 1.1199254710871682 1.3466340211409118
29 261 -0.49438000342514704 -0.1608729162546562 0.15486998628045662 0.35456836901246 0.5631577243988242 0.6808762093879986 0.8487411687085042 0.990651810548726 1.0459558216692817 1.2010585963841078 1.4074597866025147
30 270 -0.5166047283999409 -0.08330085976726696 0.15693171758087907 0.2825606982836918 0.6692922133859377 0.7258989059781957 0.916490150554399 0.9620410831210596 1.0909852145828536 1.1879965330801936 1.2876556094995621
30 270 -0.19347115686917038 0.011450991691385484 0.17196441419976446 0.41059759867136414 0.5819137137581346 0.8330542775579722 0.9158730920035005 0.9574568126192239 1.0022252277906631 1.2245167218763815 1.3068868819911839
30 270 -0.3333330468588002 -0.2210993537473284 0.018652495422693892 0.4787265436045208 0.6475869395767105 0.7385888225283651 0.7736385975271307 0.9640223893493457 1.1014639462768214 1.198784583548048 1.3627011988969153
30 270 -0.24731728173974332 -0.14312510156924638 0.1974651545191876 0.45152880785973665 0.6822787977825624 0.7459373540860795 0.7795532998312987 0.9281709549937662 1.0397992451567626 1.1960494641091932 1.4132061583785533
30 270 -0.2486867771049961 -0.1154692557677637 0.12272846880638899 0.31064308905159066 0.6500554233989867 0.7869512793062482 0.9242483757934543 0.9851174954147716 1.0323700125898452 1.1199254710871682 1.3466340211409118
30 270 -0.525365360555445 -0.1517254119283148 0.14557019422604583 0.37535784346722323 0.5631577243988242 0.6808762093879986 0.8487411687085042 0.990651810548726 1.0459558216692817 1.2010585963841078 1.4074597866025147
31 279 -0.5273233758410911 -0.06994413917994541 0.19321153416753745 0.29403741770495184 0.6692922133859377 0.7258989059781957 0.916490150554399 0.9620410831210596 1.0909852145828536 1.1879965330801936 1.2876556094995621
31 279 -0.20466366364098745 0.011610979307480897 0.13922489102367988 0.39386208394479155 0.5819137137581346 0.8330542775579722 0.9158730920035005 0.9574568126192239 1.0022252277906631 1.2245167218763815 1.3068868819911839
31 279 -0.35284975450333167 -0.188520456472981 0.01699534103998919 0.4512642301383873 0.6475869395767105 0.7385888225283651 0.7736385975271307 0.9640223893493457 1.1014639462768214 1.198784583548048 1.3627011988969153
31 279 -0.26021279560433025 -0.10684157747422754 0.17161900338608255 0.4655180386039399 0.6822787977825624 0.7459373540860795 0.7795532998312987 0.9281709549937662 1.0397992451567626 1.1960494641091932 1.4132061583785533
31 279 -0.3079288018628638 -0.17167143195076315 0.10916587936858976 0.31877762213277744 0.6500554233989867 0.7869512793062482 0.9242483757934543 0.9851174954147716 1.0323700125898452 1.1199254710871682 1.3466340211409118
31 279 -0.5732136471929052 -0.14199279778752236 0.12134409192756637 0.416991091219834 0.5631577243988242 0.6808762093879986 0.8487411687085042 0.990651810548726 1.0459558216692817 1.2010585963841078 1.4074597866025147
32 288 -0.5618518275159091 -0.06832461999329417 0.14084662339168505 0.27572266589047606 0.6692922133859377 0.7258989059781957 0.916490150554399 0.9620410831210596 1.0909852145828536 1.1879965330801936 1.2876556094995621
32 288 -0.3224946912529395 -0.040336276928417236 0.1041268480166101 0.3098431107046949 0.5819137137581346 0.8330542775579722 0.9158730920035005 0.9574568126192239 1.0022252277906631 1.2245167218763815 1.3068868819911839
32 288 -0.3611423998945683 -0.17785955561772787 0.012813622696735664 0.3910209927742625 0.6475869395767105 0.7385888225283651 0.7736385975271307 0.9640223893493457 1.1014639462768214 1.198784583548048 1.3627011988969153
32 288 -0.2524280883299394 -0.10501018413206459 0.18859133278263776 0.4173524193380791 0.6822787977825624 0.7459373540860795 0.7795532998312987 0.9281709549937662 1.0397992451567626 1.1960494641091932 1.4132061583785533
32 288 -0.5889110492467762 -0.14141744678287554 0.07891778395478578 0.44286739014053395 0.5631577243988242 0.6808762093879986 0.8487411687085042 0.990651810548726 1.0459558216692817 1.2010585963841078 1.4074597866025147
32 288 -0.31394202401561544 -0.16351990230348964 0.11806716890930175 0.38503771145991833 0.6500554233989867 0.7869512793062482 0.9242483757934543 0.9851174954147716 1.0323700125898452 1.1199254710871682 1.3466340211409118
33 297 -0.6053510804256427 -0.05543620607492512 0.1451486953788589 0.2577181136809672 0.6692922133859377 0.7258989059781957 0.916490150554399 0.9620410831210596 1.0909852145828536 1.1879965330801936 1.2876556094995621
33 297 -0.32275253869103865 -0.03476817682664316 0.1499810149305454 0.3277509309153234 0.5819137137581346 0.8330542775579722 0.9158730920035005 0.9574568126192239 1.0022252277906631 1.2245167218763815 1.3068868819911839
33 297 -0.35750775247747396 -0.207811338857582 0.014566401946946316 0.33115764210346793 0.6475869395767105 0.7385888225283651 0.7736385975271307 0.9640223893493457 1.1014639462768214 1.198784583548048 1.3627011988969153
33 297 -0.26588263869691114 -0.10647738168009875 0.1540039970936742 0.3997076620335844 0.6822787977825624 0.7459373540860795 0.7795532998312987 0.9281709549937662 1.0397992451567626 1.1960494641091932 1.4132061583785533
33 297 -0.5879096221588835 -0.14405044921556287 0.10251843883661646 0.4513222367080328 0.5631577243988242 0.6808762093879986 0.8487411687085042 0.990651810548726 1.0459558216692817 1.2010585963841078 1.4074597866025147
33 297 -0.3340379063425721 -0.19712904934643008 0.15315852971825286 0.44227568900344816 0.6500554233989867 0.7869512793062482 0.9242483757934543 0.9851174954147716 1.0323700125898452 1.1199254710871682 1.3466340211409118
34 306 -0.5944628380676983 -0.025951668915435364 0.13477703085088655 0.28925408569804645 0.6692922133859377 0.7258989059781957 0.916490150554399 0.9620410831210596 1.0909852145828536 1.1879965330801936 1.2876556094995621
34 306 -0.3054875805694959 -0.06819051153534077 0.17511309860909735 0.3326984464800631 0.5819137137581346 0.8330542775579722 0.9158730920035005 0.9574568126192239 1.0022252277906631 1.2245167218763815 1.3068868819911839
34 306 -0.4194010741441311 -0.2397536004452662 0.03842841264676937 0.29931431032202555 0.6475869395767105 0.7385888225283651 0.7736385975271307 0.9640223893493457 1.1014639462768214 1.198784583548048 1.3627011988969153
34 306 -0.25830375492786656 -0.12280804660922334 0.15840165357207964 0.3897278434090531 0.6822787977825624 0.7459373540860795 0.7795532998312987 0.9281709549937662 1.0397992451567626 1.1960494641091932 1.4132061583785533
34 306 -0.5888422062299739 -0.13986179178605634 0.12025005657600613 0.452420168420767 0.5631577243988242 0.6808762093879986 0.8487411687085042 0.990651810548726 1.0459558216692817 1.2010585963841078 1.4074597866025147
34 306 -0.34015629511101414 -0.19186960479248202 0.20709444070168398 0.4438909446273624 0.6500554233989867 0.7869512793062482 0.9242483757934543 0.9851174954147716 1.0323700125898452 1.1199254710871682 1.3466340211409118
35 315 -0.5700150797228714 -0.017591905571408543 0.14001192274286572 0.34354096523675676 0.6692922133859377 0.7258989059781957 0.916490150554399 0.9620410831210596 1.0909852145828536 1.1879965330801936 1.2876556094995621
35 315 -0.3358252080947115 -0.059158907563538844 0.1469357671937172 0.29641547357963915 0.5819137137581346 0.8330542775579722 0.9158730920035005 0.9574568126192239 1.0022252277906631 1.2245167218763815 1.3068868819911839
35 315 -0.40802921875543535 -0.2774225124879933 0.028440886341669677 0.26686313762190134 0.6475869395767105 0.7385888225283651 0.7736385975271307 0.9640223893493457 1.1014639462768214 1.198784583548048 1.3627011988969153
35 315 -0.33800792726622275 -0.16111556663408144 0.14839859478308448 0.3776641813821745 0.6822787977825624 0.7459373540860795 0.7795532998312987 0.9281709549937662 1.0397992451567626 1.1960494641091932 1.4132061583785533
35 315 -0.39581204246437374 -0.18803219084130407 0.2086797963602673 0.45944679853647163 0.6500554233989867 0.7869512793062482 0.9242483757934543 0.9851174954147716 1.0323700125898452 1.1199254710871682 1.3466340211409118
35 315 -0.6006461296758717 -0.14711552212758158 0.12278809395023853 0.4317640924631483 0.5631577243988242 0.6808762093879986 0.8487411687085042 0.990651810548726 1.0459558216692817 1.2010585963841078 1.4074597866025147
36 324 -0.553719122926679 -0.04445812894540001 0.11240665979735996 0.3656282354936811 0.5633353732519228 0.7033801255891213 0.8826186784689355 1.0347730764710672 1.135150457896819 1.18096053557304 1.2864308205859272
36 324 -0.32568617473044303 -0.07891471329884328 0.13531953853186662 0.3015384188361658 0.5621817177635301 0.846680737134746 0.9074372870046498 0.9730549700013866 1.0596163669444243 1.2099867330622582 1.2688381700608924
36 324 -0.4882395031277424 -0.2911588729185489 0.0723034121914192 0.323339556831536 0.6262650606292063 0.7045814194296144 0.8275534269908345 0.8417828304981979 1.087572273346406 1.1176858208760387 1.511912380081796
36 324 -0.3485985311489796 -0.12496359333644658 0.18802404994605793 0.3925233989633008 0.608024507172077 0.675732036230553 0.8734367432174087 0.9205788063813783 1.1185720375142738 1.1655851995474698 1.397692051281726
37 333 -0.5534341960670455 -0.059595501199764915 0.14432332657513858 0.35604396583258396 0.5633353732519228 0.7033801255891213 0.8826186784689355 1.0347730764710672 1.135150457896819 1.18096053557304 1.2864308205859272
36 324 -0.36665370303776146 -0.13249565608512917 0.13865746501070592 0.4785673931006888 0.6120597853179358 0.6410991623669587 0.8943795513575075 0.9296280633295807 1.0523801180574053 1.2881972558136086 1.3354008695610289
36 324 -0.5904121948703519 -0.14909241119146643 0.09878759679857206 0.42864693634941126 0.5269679689649267 0.6847126931530543 0.9132132574281925 0.9571456652866377 1.0450707002228514 1.1116889023035754 1.4749108533844517
37 333 -0.3224163139816666 -0.06652380424777841 0.1371123172971468 0.30732300111583144 0.5621817177635301 0.846680737134746 0.9074372870046498 0.9730549700013866 1.0596163669444243 1.2099867330622582 1.2688381700608924
37 333 -0.48060154049065373 -0.27857563552241 0.05327153651396715 0.3540693603773918 0.6262650606292063 0.7045814194296144 0.8275534269908345 0.8417828304981979 1.087572273346406 1.1176858208760387 1.511912380081796
37 333 -0.3075246785204209 -0.13160448400884261 0.22336744007212483 0.38035997174475344 0.608024507172077 0.675732036230553 0.8734367432174087 0.9205788063813783 1.1185720375142738 1.1655851995474698 1.397692051281726
38 342 -0.5656953146470503 -0.05148878458142885 0.13959080888779093 0.3646705974843211 0.5633353732519228 0.7033801255891213 0.8826186784689355 1.0347730764710672 1.135150457896819 1.18096053557304 1.2864308205859272
37 333 -0.3453104927786948 -0.14249764666593742 0.16409355702955572 0.49106284969162245 0.6120597853179358 0.6410991623669587 0.8943795513575075 0.9296280633295807 1.0523801180574053 1.2881972558136086 1.3354008695610289
37 333 -0.6276067828508891 -0.13987690073012443 0.13180299975496138 0.44903337420682 0.5269679689649267 0.6847126931530543 0.9132132574281925 0.9571456652866377 1.0450707002228514 1.1116889023035754 1.4749108533844517
38 342 -0.32215341193420055 -0.037461765278457876 0.19234221359773415 0.30420636431393894 0.5621817177635301 0.846680737134746 0.9074372870046498 0.9730549700013866 1.0596163669444243 1.2099867330622582 1.2688381700608924
38 342 -0.41744589659120784 -0.29547542019186473 0.038829987321703556 0.23697885265598018 0.6262650606292063 0.7045814194296144 0.8275534269908345 0.8417828304981979 1.087572273346406 1.1176858208760387 1.511912380081796
39 351 -0.5466373822381881 -0.044859018019086226 0.1515622713710878 0.3486686438191288 0.5633353732519228 0.7033801255891213 0.8826186784689355 1.0347730764710672 1.135150457896819 1.18096053557304 1.2864308205859272
38 342 -0.25869041607946863 -0.1087563788678752 0.18503032545247367 0.3855603272390878 0.608024507172077 0.675732036230553 0.8734367432174087 0.9205788063813783 1.1185720375142738 1.1655851995474698 1.397692051281726
38 342 -0.3935196568819619 -0.15123344972510985 0.1691575253410127 0.5081572469734276 0.6120597853179358 0.6410991623669587 0.8943795513575075 0.9296280633295807 1.0523801180574053 1.2881972558136086 1.3354008695610289
38 342 -0.64636275230319 -0.15957152637415656 0.10796093220028513 0.49014919881181646 0.5269679689649267 0.6847126931530543 0.9132132574281925 0.9571456652866377 1.0450707002228514 1.1116889023035754 1.4749108533844517
39 351 -0.3600114102790528 -0.04023900669329877 0.16994370107275364 0.33844410237549644 0.5621817177635301 0.846680737134746 0.9074372870046498 0.9730549700013866 1.0596163669444243 1.2099867330622582 1.2688381700608924
39 351 -0.40682767250756363 -0.2569170048778232 0.08838052501209387 0.16751814477425542 0.6262650606292063 0.7045814194296144 0.8275534269908345 0.8417828304981979 1.087572273346406 1.1176858208760387 1.511912380081796
40 360 -0.5323152338522206 -0.08271530550225525 0.12169195158413218 0.33141910964945703 0.5633353732519228 0.7033801255891213 0.8826186784689355 1.0347730764710672 1.135150457896819 1.18096053557304 1.2864308205859272
39 351 -0.28936062506769755 -0.07975219237337605 0.20810304965078566 0.4143670929678522 0.608024507172077 0.675732036230553 0.8734367432174087 0.9205788063813783 1.1185720375142738 1.1655851995474698 1.397692051281726
39 351 -0.4377577875743312 -0.16856982456113406 0.13654205562446897 0.4683797175533976 0.6120597853179358 0.6410991623669587 0.8943795513575075 0.9296280633295807 1.0523801180574053 1.2881972558136086 1.3354008695610289
39 351 -0.6407531412661654 -0.14889341543972043 0.12160311212739623 0.5112138386303039 0.5269679689649267 0.6847126931530543 0.9132132574281925 0.9571456652866377 1.0450707002228514 1.1116889023035754 1.4749108533844517
40 360 -0.3233982938957968 -0.05289394669333575 0.1864715550928973 0.36517338985248865 0.5621817177635301 0.846680737134746 0.9074372870046498 0.9730549700013866 1.0596163669444243 1.2099867330622582 1.2688381700608924
40 360 -0.35608250498802196 -0.23807687294123048 0.06570412216847074 0.16147588074267882 0.6262650606292063 0.7045814194296144 0.8275534269908345 0.8417828304981979 1.087572273346406 1.1176858208760387 1.511912380081796
41 369 -0.4893736249565072 -0.11845613476940364 0.10166541203501553 0.29942312074694394 0.5633353732519228 0.7033801255891213 0.8826186784689355 1.0347730764710672 1.135150457896819 1.18096053557304 1.2864308205859272
40 360 -0.2724749812127515 -0.05597843000280717 0.23956650370505395 0.4522595316839679 0.608024507172077 0.675732036230553 0.8734367432174087 0.9205788063813783 1.1185720375142738 1.1655851995474698 1.397692051281726
40 360 -0.4216573184762588 -0.19143776945573474 0.1912662633126978 0.4878123274058945 0.6120597853179358 0.6410991623669587 0.8943795513575075 0.9296280633295807 1.0523801180574053 1.2881972558136086 1.3354008695610289
40 360 -0.6467886896352008 -0.10707396039681444 0.07354471678382205 0.49528757315811806 0.5269679689649267 0.6847126931530543 0.9132132574281925 0.9571456652866377 1.0450707002228514 1.1116889023035754 1.4749108533844517
41 369 -0.37874666377613425 -0.10063812261919075 0.17638997724301697 0.4183345402410725 0.5621817177635301 0.846680737134746 0.9074372870046498 0.9730549700013866 1.0596163669444243 1.2099867330622582 1.2688381700608924
41 369 -0.38582817011597403 -0.23058341815323924 0.06907692513527999 0.15030710180842688 0.6262650606292063 0.7045814194296144 0.8275534269908345 0.8417828304981979 1.087572273346406 1.1176858208760387 1.511912380081796
42 378 -0.5030079185257746 -0.11760051880330975 0.11354124971757895 0.2958436897640349 0.5633353732519228 0.7033801255891213 0.8826186784689355 1.0347730764710672 1.135150457896819 1.18096053557304 1.2864308205859272
41 369 -0.3846556519208509 -0.14770505337481452 0.14269826067616845 0.46587186002510805 0.6120597853179358 0.6410991623669587 0.8943795513575075 0.9296280633295807 1.0523801180574053 1.2881972558136086 1.3354008695610289
41 369 -0.2777595550925324 -0.07061192656723153 0.29353551270171646 0.4086703310261296 0.608024507172077 0.675732036230553 0.8734367432174087 0.9205788063813783 1.1185720375142738 1.1655851995474698 1.397692051281726
41 369 -0.6680337481715631 -0.08374117526544528 0.07636696170970991 0.480689588556212 0.5269679689649267 0.6847126931530543 0.9132132574281925 0.9571456652866377 1.0450707002228514 1.1116889023035754 1.4749108533844517
42 378 -0.37838964694858357 -0.10167583231965165 0.18089211784645123 0.44310135022902347 0.5621817177635301 0.846680737134746 0.9074372870046498 0.9730549700013866 1.0596163669444243 1.2099867330622582 1.2688381700608924
42 378 -0.3249685628199666 -0.26550172120495635 0.07730720873537196 0.16450041260623435 0.6262650606292063 0.7045814194296144 0.8275534269908345 0.8417828304981979 1.087572273346406 1.1176858208760387 1.511912380081796
43 387 -0.5303193789065429 -0.10937170432324295 0.1393823174913514 0.35503352101285407 0.5171145379451656 0.740186358041962 0.9276546670807998 0.965176981413233 1.0951417794026819 1.1981166005886092 1.3258159818045296
42 378 -0.3790142783218511 -0.17247304742865477 0.13169106676321823 0.48943083570400947 0.6120597853179358 0.6410991623669587 0.8943795513575075 0.9296280633295807 1.0523801180574053 1.2881972558136086 1.3354008695610289
42 378 -0.6776379651558341 -0.06878139848297016 0.08554075284989293 0.4623717404793017 0.5269679689649267 0.6847126931530543 0.9132132574281925 0.9571456652866377 1.0450707002228514 1.1116889023035754 1.4749108533844517
42 378 -0.30273721646100055 -0.07519938961550289 0.29677863949851474 0.39220894499873504 0.608024507172077 0.675732036230553 0.8734367432174087 0.9205788063813783 1.1185720375142738 1.1655851995474698 1.397692051281726
43 387 -0.39279527327054237 -0.10899599546970087 0.13443338164173063 0.4106320968479822 0.5744371019939286 0.6739496075916833 0.8264764210802852 1.0040282671297336 1.0901094016635013 1.2054947238077347 1.3722688766270164
43 387 -0.3700341197144125 -0.25895725272734516 0.07769619418181505 0.21827384496289443 0.6386420270232237 0.7821415403742134 0.8610562276392892 0.9617852038954592 1.008468110905909 1.1391842043719078 1.4139284933643204
44 396 -0.48820032808578195 -0.11767393324631444 0.11203851688798924 0.3874582038970324 0.5171145379451656 0.740186358041962 0.9276546670807998 0.965176981413233 1.0951417794026819 1.1981166005886092 1.3258159818045296
43 387 -0.6640871933407045 -0.07390037747012826 0.10109884698963376 0.47700514077432327 0.42442906125472285 0.6795200236610204 0.8973907389838797 0.9807085324877296 1.0575320534829886 1.1313409431116845 1.4807791096558287
43 387 -0.3190415841043892 -0.08956541337905327 0.29637449652806575 0.3860803591727839 0.5568699756361631 0.6306761534837562 0.7746537262974859 0.8820962364041016 1.2163855543791116 1.2550654939177532 1.3635167922661822
43 387 -0.3779060035783068 -0.1833127258120317 0.15011435618433522 0.4735603486807051 0.5903095720087919 0.6249478520391396 0.7576402342903026 0.9327663477879624 1.0845282247796828 1.2407451902238198 1.4495699051228925
44 396 -0.4281305721421405 -0.12802506920935264 0.11857435882823858 0.35945626652594925 0.5744371019939286 0.6739496075916833 0.8264764210802852 1.0040282671297336 1.0901094016635013 1.2054947238077347 1.3722688766270164
44 396 -0.3519430104104769 -0.24101157432177 0.056605570574226216 0.24161050556287741 0.6386420270232237 0.7821415403742134 0.8610562276392892 0.9617852038954592 1.008468110905909 1.1391842043719078 1.4139284933643204
45 405 -0.47423325975742986 -0.11989101274970171 0.15694895134045198 0.42492173696983015 0.5171145379451656 0.740186358041962 0.9276546670807998 0.965176981413233 1.0951417794026819 1.1981166005886092 1.3258159818045296
44 396 -0.4206534296588243 -0.20893529571606334 0.15236602251252232 0.4807215446105893 0.5903095720087919 0.6249478520391396 0.7576402342903026 0.9327663477879624 1.0845282247796828 1.2407451902238198 1.4495699051228925
44 396 -0.27013623826312827 -0.08251141554200914 0.30047697748401136 0.3782586750607491 0.5568699756361631 0.6306761534837562 0.7746537262974859 0.8820962364041016 1.2163855543791116 1.2550654939177532 1.3635167922661822
44 396 -0.6511943909802774 -0.10901283978180781 0.1037775460119743 0.4717676943663334 0.42442906125472285 0.6795200236610204 0.8973907389838797 0.9807085324877296 1.0575320534829886 1.1313409431116845 1.4807791096558287
45 405 -0.39932632352822284 -0.14413078804646867 0.11611789519636889 0.35701025626996924 0.5744371019939286 0.6739496075916833 0.8264764210802852 1.0040282671297336 1.0901094016635013 1.2054947238077347 1.3722688766270164
45 405 -0.33368382536206403 -0.227358235949991 0.047356422817953145 0.26191140702754456 0.6386420270232237 0.7821415403742134 0.8610562276392892 0.9617852038954592 1.008468110905909 1.1391842043719078 1.4139284933643204
46 414 -0.5286117533421255 -0.14016354602824754 0.16398200105914196 0.38505089391929 0.5171145379451656 0.740186358041962 0.9276546670807998 0.965176981413233 1.0951417794026819 1.1981166005886092 1.3258159818045296
45 405 -0.4659027798798724 -0.23153789954111773 0.15501811172160523 0.466408942906411 0.5903095720087919 0.6249478520391396 0.7576402342903026 0.9327663477879624 1.0845282247796828 1.2407451902238198 1.4495699051228925
45 405 -0.24930705877363646 -0.11288760514100571 0.2722188047721065 0.4046363795594092 0.5568699756361631 0.6306761534837562 0.7746537262974859 0.8820962364041016 1.2163855543791116 1.2550654939177532 1.3635167922661822
45 405 -0.6485653589401903 -0.13852977736773006 0.12765990939962119 0.4692358206556002 0.42442906125472285 0.6795200236610204 0.8973907389838797 0.9807085324877296 1.0575320534829886 1.1313409431116845 1.4807791096558287
46 414 -0.4653730698334559 -0.14961497801370588 0.11904220147227107 0.3155704059215401 0.5744371019939286 0.6739496075916833 0.8264764210802852 1.0040282671297336 1.0901094016635013 1.2054947238077347 1.3722688766270164
46 414 -0.34019338271104355 -0.21236140267063675 0.04892699264031335 0.2106232613083636 0.6386420270232237 0.7821415403742134 0.8610562276392892 0.9617852038954592 1.008468110905909 1.1391842043719078 1.4139284933643204
47 423 -0.5145454306628661 -0.14036704642995304 0.17940593598606827 0.36984338669609845 0.5171145379451656 0.740186358041962 0.9276546670807998 0.965176981413233 1.0951417794026819 1.1981166005886092 1.3258159818045296
46 414 -0.45431048339822067 -0.25100841090412845 0.15860908633596826 0.47526545965672434 0.5903095720087919 0.6249478520391396 0.7576402342903026 0.9327663477879624 1.0845282247796828 1.2407451902238198 1.4495699051228925
46 414 -0.3009836134576096 -0.1215711042701616 0.26848526921943905 0.42583214291331695 0.5568699756361631 0.6306761534837562 0.7746537262974859 0.8820962364041016 1.2163855543791116 1.2550654939177532 1.3635167922661822
46 414 -0.6460067164954878 -0.16500052214514577 0.13158072869614565 0.5288160099188753 0.42442906125472285 0.6795200236610204 0.8973907389838797 0.9807085324877296 1.0575320534829886 1.1313409431116845 1.4807791096558287
47 423 -0.5052095935574306 -0.16784290452633951 0.12555847604148135 0.25313239899294926 0.5744371019939286 0.6739496075916833 0.8264764210802852 1.0040282671297336 1.0901094016635013 1.2054947238077347 1.3722688766270164
47 423 -0.29284244776089063 -0.20163906827420308 0.051258943510894286 0.18707859130276694 0.6386420270232237 0.7821415403742134 0.8610562276392892 0.9617852038954592 1.008468110905909 1.1391842043719078 1.4139284933643204
48 432 -0.5119453100230689 -0.11685003669513241 0.14444960882514085 0.35435316832472735 0.5171145379451656 0.740186358041962 0.9276546670807998 0.965176981413233 1.0951417794026819 1.1981166005886092 1.3258159818045296
47 423 -0.4409578234774052 -0.22111002680716757 0.14605307640898504 0.45085553606880396 0.5903095720087919 0.6249478520391396 0.7576402342903026 0.9327663477879624 1.0845282247796828 1.2407451902238198 1.4495699051228925
47 423 -0.30700591316642684 -0.06792518186667712 0.23542573920018373 0.4828961953180825 0.5568699756361631 0.6306761534837562 0.7746537262974859 0.8820962364041016 1.2163855543791116 1.2550654939177532 1.3635167922661822
48 432 -0.4265668158328524 -0.17320483908435746 0.14542035971521683 0.2669952103777372 0.5744371019939286 0.6739496075916833 0.8264764210802852 1.0040282671297336 1.0901094016635013 1.2054947238077347 1.3722688766270164
47 423 -0.6399910370628347 -0.17271993077429043 0.13178754823289104 0.569294104466799 0.42442906125472285 0.6795200236610204 0.8973907389838797 0.9807085324877296 1.0575320534829886 1.1313409431116845 1.4807791096558287
48 432 -0.31049981652697645 -0.2008853821158155 0.07594217249796889 0.20271636140935126 0.6386420270232237 0.7821415403742134 0.8610562276392892 0.9617852038954592 1.008468110905909 1.1391842043719078 1.4139284933643204
49 441 -0.5388039250179207 -0.12534422281973007 0.1358922806042579 0.349296586725062 0.5171145379451656 0.740186358041962 0.9276546670807998 0.965176981413233 1.0951417794026819 1.1981166005886092 1.3258159818045296
48 432 -0.458775453042529 -0.2595273690780626 0.16321042658531584 0.42265797374994896 0.5903095720087919 0.6249478520391396 0.7576402342903026 0.9327663477879624 1.0845282247796828 1.2407451902238198 1.4495699051228925
48 432 -0.3005568976732851 -0.0777096880309572 0.21757969000571462 0.45589653035546174 0.5568699756361631 0.6306761534837562 0.7746537262974859 0.8820962364041016 1.2163855543791116 1.2550654939177532 1.3635167922661822
49 441 -0.36852343930069437 -0.16588136570529796 0.15437502337109016 0.33260719560755364 0.5744371019939286 0.6739496075916833 0.8264764210802852 1.0040282671297336 1.0901094016635013 1.2054947238077347 1.3722688766270164
49 441 -0.3093206650735344 -0.19362380973666132 0.07027755458876223 0.2001338016820233 0.6386420270232237 0.7821415403742134 0.8610562276392892 0.9617852038954592 1.008468110905909 1.1391842043719078 1.4139284933643204
48 432 -0.6355868955283178 -0.18995796114914354 0.08950282606730525 0.559151895186434 0.42442906125472285 0.6795200236610204 0.8973907389838797 0.9807085324877296 1.0575320534829886 1.1313409431116845 1.4807791096558287
50 450 -0.5333720701112163 -0.09856832649396789 0.12796188149111065 0.33989489189732136 0.49447550834693016 0.7016810644308026 0.8911281494959723 1.0006912320003825 1.0885487384263706 1.208296147471136 1.3500842191931988
49 441 -0.5049361587803378 -0.2845975376508737 0.19998356513208834 0.41670460636351464 0.5903095720087919 0.6249478520391396 0.7576402342903026 0.9327663477879624 1.0845282247796828 1.2407451902238198 1.4495699051228925
49 441 -0.3370014406763312 -0.08620952890700963 0.23860034690505932 0.4618151165636214 0.5568699756361631 0.6306761534837562 0.7746537262974859 0.8820962364041016 1.2163855543791116 1.2550654939177532 1.3635167922661822
50 450 -0.3597644748785864 -0.15283283003308745 0.16125836162770554 0.36174299855892555 0.5046157955850815 0.6673361776149683 0.8677188907691427 1.0240103041808961 1.1457885114527888 1.2285258915739523 1.2947528602714975
50 450 -0.32807013866604906 -0.1659573994893075 0.05674048645779882 0.19610502808935557 0.7141967692880137 0.7647953908295652 0.8171062819696969 1.0577445997731192 1.084958826235309 1.1259645424658171 1.2936741726589127
49 441 -0.6106215720941992 -0.177735651521584 0.07282098051780557 0.49037134478280847 0.42442906125472285 0.6795200236610204 0.8973907389838797 0.9807085324877296 1.0575320534829886 1.1313409431116845 1.4807791096558287
51 459 -0.5386796747561884 -0.10283118856629839 0.12752349411176833 0.39937988233360516 0.49447550834693016 0.7016810644308026 0.8911281494959723 1.0006912320003825 1.0885487384263706 1.208296147471136 1.3500842191931988
50 450 -0.5060150113734092 -0.2956292368495377 0.23312520885101032 0.46864501055735547 0.47951058134169844 0.6306479128925736 0.7936424868956619 0.8669691646766939 1.0145879588152888 1.239694383084583 1.557118490422297
51 459 -0.34030560405508953 -0.12595949225272687 0.03621962842037875 0.15972394703435822 0.7141967692880137 0.7647953908295652 0.8171062819696969 1.0577445997731192 1.084958826235309 1.1259645424658171 1.2936741726589127
51 459 -0.38720983209169446 -0.17459537507624825 0.16805540820214523 0.3398327907564354 0.5046157955850815 0.6673361776149683 0.8677188907691427 1.0240103041808961 1.1457885114527888 1.2285258915739523 1.2947528602714975
50 450 -0.3393306152803128 -0.029367096215716655 0.21809038074313472 0.41952551279346934 0.5505507454979417 0.6612991890567965 0.8618654313333826 0.9839799402691934 1.1212072717814898 1.2285064870911413 1.3349961720859476
50 450 -0.5809056961480511 -0.19467687787779064 0.09937323705519369 0.5031522070377084 0.4273383819321336 0.6837310749170908 0.8588457044061049 0.9209141756334275 1.0845279143228044 1.1120881081755238 1.533379960861021
52 468 -0.5204543886301498 -0.11951247333153109 0.12114536851899918 0.44126568736238053 0.49447550834693016 0.7016810644308026 0.8911281494959723 1.0006912320003825 1.0885487384263706 1.208296147471136 1.3500842191931988
51 459 -0.48542198742514914 -0.2802820231299456 0.25524903997488224 0.5004269677086476 0.47951058134169844 0.6306479128925736 0.7936424868956619 0.8669691646766939 1.0145879588152888 1.239694383084583 1.557118490422297
52 468 -0.3407274682206295 -0.18193294138362268 0.16491425951659394 0.31559131995365575 0.5046157955850815 0.6673361776149683 0.8677188907691427 1.0240103041808961 1.1457885114527888 1.2285258915739523 1.2947528602714975
52 468 -0.3661416786402663 -0.10438022730374155 0.040653137404639286 0.1622846439295441 0.7141967692880137 0.7647953908295652 0.8171062819696969 1.0577445997731192 1.084958826235309 1.1259645424658171 1.2936741726589127
51 459 -0.29304607607181976 0.009997225474496796 0.2516065648250053 0.4423752976348216 0.5505507454979417 0.6612991890567965 0.8618654313333826 0.9839799402691934 1.1212072717814898 1.2285064870911413 1.3349961720859476
51 459 -0.6149741443441553 -0.24651337644402022 0.11589125593399932 0.4950836573879824 0.4273383819321336 0.6837310749170908 0.8588457044061049 0.9209141756334275 1.0845279143228044 1.1120881081755238 1.533379960861021
53 477 -0.49660632685906037 -0.12458937549346956 0.14864282432599493 0.47125519103265395 0.49447550834693016 0.7016810644308026 0.8911281494959723 1.0006912320003825 1.0885487384263706 1.208296147471136 1.3500842191931988
52 468 -0.48496550464111626 -0.268214298048721 0.24107218876648992 0.5057788459880039 0.47951058134169844 0.6306479128925736 0.7936424868956619 0.8669691646766939 1.0145879588152888 1.239694383084583 1.557118490422297
53 477 -0.3667076478085969 -0.19093077579433204 0.1870394395993356 0.27295197853288633 0.5046157955850815 0.6673361776149683 0.8677188907691427 1.0240103041808961 1.1457885114527888 1.2285258915739523 1.2947528602714975
53 477 -0.38295644282058444 -0.0825708280333827 0.04101106355013978 0.12536661209673886 0.7141967692880137 0.7647953908295652 0.8171062819696969 1.0577445997731192 1.084958826235309 1.1259645424658171 1.2936741726589127
52 468 -0.31276125852215464 -0.014800779908576903 0.2019615115882452 0.4437723980825728 0.5505507454979417 0.6612991890567965 0.8618654313333826 0.9839799402691934 1.1212072717814898 1.2285064870911413 1.3349961720859476
54 486 -0.48470695835158206 -0.1160964999997569 0.17012263446576273 0.47919599204035923 0.49447550834693016 0.7016810644308026 0.8911281494959723 1.0006912320003825 1.0885487384263706 1.208296147471136 1.3500842191931988
52 468 -0.6176407584142144 -0.23354175533967003 0.11422887917099545 0.5345894353122612 0.4273383819321336 0.6837310749170908 0.8588457044061049 0.9209141756334275 1.0845279143228044 1.1120881081755238 1.533379960861021
53 477 -0.5012506839885769 -0.28806965459941325 0.23065815869216721 0.5188675123006409 0.47951058134169844 0.6306479128925736 0.7936424868956619 0.8669691646766939 1.0145879588152888 1.239694383084583 1.557118490422297
54 486 -0.35773977658001604 -0.20163161557129766 0.16753133676449966 0.27226604886422673 0.5046157955850815 0.6673361776149683 0.8677188907691427 1.0240103041808961 1.1457885114527888 1.2285258915739523 1.2947528602714975
54 486 -0.43010334637577274 -0.08426426894663233 0.04977305661847813 0.15147057665101224 0.7141967692880137 0.7647953908295652 0.8171062819696969 1.0577445997731192 1.084958826235309 1.1259645424658171 1.2936741726589127
53 477 -0.3730119501597934 -0.055868743653582645 0.20753553493327934 0.508055753051733 0.5505507454979417 0.6612991890567965 0.8618654313333826 0.9839799402691934 1.1212072717814898 1.2285064870911413 1.3349961720859476
55 495 -0.4908392775692702 -0.1109849458989686 0.14043962163050128 0.46077990684124387 0.49447550834693016 0.7016810644308026 0.8911281494959723 1.0006912320003825 1.0885487384263706 1.208296147471136 1.3500842191931988
53 477 -0.6518044749737163 -0.19511900088116868 0.1172556273538918 0.6039879183620522 0.4273383819321336 0.6837310749170908 0.8588457044061049 0.9209141756334275 1.0845279143228044 1.1120881081755238 1.533379960861021
54 486 -0.5362990408645631 -0.24954412093658207 0.14923099423847594 0.5602956002649445 0.47951058134169844 0.6306479128925736 0.7936424868956619 0.8669691646766939 1.0145879588152888 1.239694383084583 1.557118490422297
55 495 -0.348209597356267 -0.19803219806726388 0.1713188859224803 0.19959369747344458 0.5046157955850815 0.6673361776149683 0.8677188907691427 1.0240103041808961 1.1457885114527888 1.2285258915739523 1.2947528602714975
55 495 -0.3789639077771785 -0.061472320781968334 0.048143889549588245 0.16964141465516439 0.7141967692880137 0.7647953908295652 0.8171062819696969 1.0577445997731192 1.084958826235309 1.1259645424658171 1.2936741726589127
54 486 -0.3617017934625385 -0.054757643197266795 0.194763619168014 0.5029196505246059 0.5505507454979417 0.6612991890567965 0.8618654313333826 0.9839799402691934 1.1212072717814898 1.2285064870911413 1.3349961720859476
56 504 -0.4950266956133313 -0.1025960958483733 0.14733736703007688 0.4208820040343337 0.49447550834693016 0.7016810644308026 0.8911281494959723 1.0006912320003825 1.0885487384263706 1.208296147471136 1.3500842191931988
54 486 -0.6476901485235501 -0.20468305006503448 0.10224687698196494 0.5992407673184166 0.4273383819321336 0.6837310749170908 0.8588457044061049 0.9209141756334275 1.0845279143228044 1.1120881081755238 1.533379960861021
55 495 -0.5617629235931968 -0.2500766544822557 0.11160090670920779 0.5080906992503762 0.47951058134169844 0.6306479128925736 0.7936424868956619 0.8669691646766939 1.0145879588152888 1.239694383084583 1.557118490422297
56 504 -0.36236730292290725 -0.18547371727787226 0.1268409538373512 0.2549090450108892 0.5046157955850815 0.6673361776149683 0.8677188907691427 1.0240103041808961 1.1457885114527888 1.2285258915739523 1.2947528602714975
56 504 -0.34325474439155385 -0.061369293990876136 0.06799062897881503 0.1606283018366061 0.7141967692880137 0.7647953908295652 0.8171062819696969 1.0577445997731192 1.084958826235309 1.1259645424658171 1.2936741726589127
55 495 -0.3364665322018588 -0.11231299785068256 0.17580622404774557 0.46435041289616114 0.5505507454979417 0.6612991890567965 0.8618654313333826 0.9839799402691934 1.1212072717814898 1.2285064870911413 1.3349961720859476
57 513 -0.4537008136469831 -0.055756821792711644 0.13554262344580795 0.45677883565762456 0.5148033264945244 0.7122894451848216 0.8780389748428239 0.9884840714310448 1.0726789137723798 1.2343204893086004 1.3436446547036256
55 495 -0.6302349840608448 -0.20587693894142317 0.08103978251542587 0.5819002288881265 0.4273383819321336 0.6837310749170908 0.8588457044061049 0.9209141756334275 1.0845279143228044 1.1120881081755238 1.533379960861021
56 504 -0.5187253979929584 -0.2206474413933951 0.07983702887506813 0.5287694210224658 0.47951058134169844 0.6306479128925736 0.7936424868956619 0.8669691646766939 1.0145879588152888 1.239694383084583 1.557118490422297
57 513 -0.37931022557093486 -0.14479839971785663 0.12633686975056793 0.2505572725072492 0.5481314351896925 0.6730830532312575 0.8744530250542213 1.0622469809142967 1.1292193965570794 1.194999760664121 1.2846452888535878
57 513 -0.30187380484162063 -0.09862365969955338 0.09898357045333411 0.18608268235458994 0.7385777644171921 0.826735046657272 0.9086938961005556 0.9495178774149717 1.0697994537084785 1.1759524817821478 1.231409006638943
58 522 -0.38740434640740135 -0.04114330616412255 0.13552818545874584 0.44558163415642665 0.5148033264945244 0.7122894451848216 0.8780389748428239 0.9884840714310448 1.0726789137723798 1.2343204893086004 1.3436446547036256
56 504 -0.3184271386466584 -0.07964142490644445 0.23013388727196046 0.5030739664072662 0.5505507454979417 0.6612991890567965 0.8618654313333826 0.9839799402691934 1.1212072717814898 1.2285064870911413 1.3349961720859476
56 504 -0.6078788241094929 -0.18758036249084956 0.07830668360108074 0.6243834360492472 0.4273383819321336 0.6837310749170908 0.8588457044061049 0.9209141756334275 1.0845279143228044 1.1120881081755238 1.533379960861021
57 513 -0.5516778814590031 -0.274721797005243 0.1115539217818527 0.5004640549320856 0.5431069636727915 0.5954385108698312 0.8023813928763709 0.8969398361231926 0.9757391484617988 1.397623401353118 1.413065029881321
58 522 -0.39119508605470554 -0.13430459280789023 0.11272173997239404 0.23292463237172026 0.5481314351896925 0.6730830532312575 0.8744530250542213 1.0622469809142967 1.1292193965570794 1.194999760664121 1.2846452888535878
58 522 -0.31904189264960636 -0.11193338588074253 0.11053694600377967 0.19157040790438454 0.7385777644171921 0.826735046657272 0.9086938961005556 0.9495178774149717 1.0697994537084785 1.1759524817821478 1.231409006638943
59 531 -0.41270852480447134 -0.07319230354135019 0.10157037616396032 0.4131157078128778 0.5148033264945244 0.7122894451848216 0.8780389748428239 0.9884840714310448 1.0726789137723798 1.2343204893086004 1.3436446547036256
57 513 -0.3437450319048644 -0.0993738988785031 0.26985074179481894 0.5050219873698284 0.47245707411766624 0.6277885288252647 0.8483836069305353 0.9569854433271175 1.1160424708560828 1.2259236303954117 1.4137363433917598
57 513 -0.6396154138406387 -0.1822385872683294 0.09876201522092706 0.6499209506778191 0.4379890822983972 0.5808737632675965 0.8212004344580295 0.8898908956943354 1.0661213395198161 1.1696336019865348 1.581081212862104
58 522 -0.5677751472798342 -0.27691977381016497 0.08774667520162421 0.4667183106005701 0.5431069636727915 0.5954385108698312 0.8023813928763709 0.8969398361231926 0.9757391484617988 1.397623401353118 1.413065029881321
59 531 -0.3866448215436491 -0.13019282899291726 0.12057531783185796 0.23572832073837868 0.5481314351896925 0.6730830532312575 0.8744530250542213 1.0622469809142967 1.1292193965570794 1.194999760664121 1.2846452888535878
59 531 -0.28461166105460517 -0.0953584865405463 0.11582367069813851 0.20735125453758657 0.7385777644171921 0.826735046657272 0.9086938961005556 0.9495178774149717 1.0697994537084785 1.1759524817821478 1.231409006638943
60 540 -0.4245202324005899 -0.08514208536035062 0.163177498178881 0.46169763311191614 0.5148033264945244 0.7122894451848216 0.8780389748428239 0.9884840714310448 1.0726789137723798 1.2343204893086004 1.3436446547036256
58 522 -0.29671472334074 -0.11032908885712969 0.27566268143369044 0.5285459262708192 0.47245707411766624 0.6277885288252647 0.8483836069305353 0.9569854433271175 1.1160424708560828 1.2259236303954117 1.4137363433917598
58 522 -0.6446524793207205 -0.1623932849197675 0.09226828374738713 0.678002939014282 0.4379890822983972 0.5808737632675965 0.8212004344580295 0.8898908956943354 1.0661213395198161 1.1696336019865348 1.581081212862104
59 531 -0.5436438683750003 -0.2584278819174224 0.1279324496615979 0.45372787669992115 0.5431069636727915 0.5954385108698312 0.8023813928763709 0.8969398361231926 0.9757391484617988 1.397623401353118 1.413065029881321
60 540 -0.39798183983046714 -0.10034942151561285 0.09526658737928939 0.24357491629789899 0.5481314351896925 0.6730830532312575 0.8744530250542213 1.0622469809142967 1.1292193965570794 1.194999760664121 1.2846452888535878
60 540 -0.3747551964679304 -0.08538319106009067 0.09611037046387186 0.1880905799724038 0.7385777644171921 0.826735046657272 0.9086938961005556 0.9495178774149717 1.0697994537084785 1.1759524817821478 1.231409006638943
61 549 -0.4766137050726647 -0.09991730469949577 0.15590827721633604 0.44940584001700623 0.5148033264945244 0.7122894451848216 0.8780389748428239 0.9884840714310448 1.0726789137723798 1.2343204893086004 1.3436446547036256
59 531 -0.29247374901906176 -0.1579332011684148 0.2940139730698337 0.5382262209579926 0.47245707411766624 0.6277885288252647 0.8483836069305353 0.9569854433271175 1.1160424708560828 1.2259236303954117 1.4137363433917598
59 531 -0.6498364575178668 -0.21130201409062105 0.10071158317547102 0.6684192247302135 0.4379890822983972 0.5808737632675965 0.8212004344580295 0.8898908956943354 1.0661213395198161 1.1696336019865348 1.581081212862104
60 540 -0.5737237505354105 -0.21104615141210076 0.07564313403696005 0.5312978068184492 0.5431069636727915 0.5954385108698312 0.8023813928763709 0.8969398361231926 0.9757391484617988 1.397623401353118 1.413065029881321
61 549 -0.46069222886212735 -0.10063227836760019 0.13795583222758473 0.2375870187952419 0.5481314351896925 0.6730830532312575 0.8744530250542213 1.0622469809142967 1.1292193965570794 1.194999760664121 1.2846452888535878
61 549 -0.3597841686212702 -0.09619433112681752 0.07587283997993848 0.259996786065695 0.7385777644171921 0.826735046657272 0.9086938961005556 0.9495178774149717 1.0697994537084785 1.1759524817821478 1.231409006638943
62 558 -0.5201532397968179 -0.07853586420893546 0.126160139372494 0.46345517196436814 0.5148033264945244 0.7122894451848216 0.8780389748428239 0.9884840714310448 1.0726789137723798 1.2343204893086004 1.3436446547036256
60 540 -0.26514115727133286 -0.1378311363218249 0.28670577805590813 0.5339119684852125 0.47245707411766624 0.6277885288252647 0.8483836069305353 0.9569854433271175 1.1160424708560828 1.2259236303954117 1.4137363433917598
60 540 -0.6234462567140432 -0.18344203686537483 0.12778389389475614 0.6389726104066843 0.4379890822983972 0.5808737632675965 0.8212004344580295 0.8898908956943354 1.0661213395198161 1.1696336019865348 1.581081212862104
61 549 -0.656766018713445 -0.26251099716271886 0.06862583858080448 0.6312866521664676 0.5431069636727915 0.5954385108698312 0.8023813928763709 0.8969398361231926 0.9757391484617988 1.397623401353118 1.413065029881321
62 558 -0.4521480270677305 -0.11819974781223988 0.1420201439915857 0.21115592942764863 0.5481314351896925 0.6730830532312575 0.8744530250542213 1.0622469809142967 1.1292193965570794 1.194999760664121 1.2846452888535878
62 558 -0.3644344852783618 -0.1063603065902933 0.11919873054767016 0.3107829631898969 0.7385777644171921 0.826735046657272 0.9086938961005556 0.9495178774149717 1.0697994537084785 1.1759524817821478 1.231409006638943
63 567 -0.5879904123378975 -0.09464214552680228 0.13556304139131106 0.5363431662450818 0.5148033264945244 0.7122894451848216 0.8780389748428239 0.9884840714310448 1.0726789137723798 1.2343204893086004 1.3436446547036256
61 549 -0.24971241131969524 -0.11214037482883488 0.34431625872442795 0.5252130658910446 0.47245707411766624 0.6277885288252647 0.8483836069305353 0.9569854433271175 1.1160424708560828 1.2259236303954117 1.4137363433917598
61 549 -0.6185313254575215 -0.16701765379154554 0.10422411189221568 0.6273944853132165 0.4379890822983972 0.5808737632675965 0.8212004344580295 0.8898908956943354 1.0661213395198161 1.1696336019865348 1.581081212862104
62 558 -0.6521375860215206 -0.26344091075388576 0.07260210102689293 0.6414588286030702 0.5431069636727915 0.5954385108698312 0.8023813928763709 0.8969398361231926 0.9757391484617988 1.397623401353118 1.413065029881321
63 567 -0.4287419912694461 -0.12191976859104425 0.12493860963351273 0.26181253818364497 0.5481314351896925 0.6730830532312575 0.8744530250542213 1.0622469809142967 1.1292193965570794 1.194999760664121 1.2846452888535878
63 567 -0.34508249714138844 -0.13094669395879444 0.13393572105224333 0.35473468753577875 0.7385777644171921 0.826735046657272 0.9086938961005556 0.9495178774149717 1.0697994537084785 1.1759524817821478 1.231409006638943
64 576 -0.6328492577713005 -0.10465591506249938 0.15938044414875724 0.5459709934539881 0.42572366642281667 0.703476250537566 0.7836400175950495 0.8873271708811017 1.0469069732664753 1.2124298587738789 1.5350696942798634
62 558 -0.2949328368012437 -0.18363594210297388 0.3422076889807468 0.532469501708263 0.47245707411766624 0.6277885288252647 0.8483836069305353 0.9569854433271175 1.1160424708560828 1.2259236303954117 1.4137363433917598
62 558 -0.6495243415510915 -0.15841271032198614 0.09891704855013164 0.6466921271776238 0.4379890822983972 0.5808737632675965 0.8212004344580295 0.8898908956943354 1.0661213395198161 1.1696336019865348 1.581081212862104
63 567 -0.6353266543376944 -0.2744375221261382 0.0826547082402818 0.6571665709100875 0.5431069636727915 0.5954385108698312 0.8023813928763709 0.8969398361231926 0.9757391484617988 1.397623401353118 1.413065029881321
64 576 -0.46342926516845484 -0.14738328036933576 0.1515800713647404 0.2710370977838905 0.5735381359799776 0.6282070583762805 0.8586271961708937 0.9958922773543092 1.0927059631845724 1.2207509767685296 1.3649646658518848
65 585 -0.6450507760932367 -0.11171998040398362 0.1708675525943429 0.5697494100304825 0.42572366642281667 0.703476250537566 0.7836400175950495 0.8873271708811017 1.0469069732664753 1.2124298587738789 1.5350696942798634
64 576 -0.42530776266227543 -0.16950761872824222 0.12648218802491648 0.4050585216130182 0.5828896188932484 0.7264924554249526 0.9129340288859016 0.9770052990160509 1.0756204372347462 1.1006598044684974 1.4057201637680676
63 567 -0.27298115358550434 -0.1577031106604605 0.34686081492080456 0.5404507165992345 0.47245707411766624 0.6277885288252647 0.8483836069305353 0.9569854433271175 1.1160424708560828 1.2259236303954117 1.4137363433917598
63 567 -0.6367214366653839 -0.151584381556932 0.06694581853594106 0.6529672390628003 0.4379890822983972 0.5808737632675965 0.8212004344580295 0.8898908956943354 1.0661213395198161 1.1696336019865348 1.581081212862104
64 576 -0.6400954154123092 -0.2809723772256817 0.06783616415843285 0.675564386812543 0.4772234755166007 0.6080993252028146 0.7428308925817646 0.9617350028002281 1.0383533156407951 1.2018191134867262 1.5502239273326
65 585 -0.46409989629953796 -0.1466009016327363 0.11076663285181457 0.2529145901506256 0.5735381359799776 0.6282070583762805 0.8586271961708937 0.9958922773543092 1.0927059631845724 1.2207509767685296 1.3649646658518848
66 594 -0.6449735562687484 -0.11137403994014627 0.1947353374258206 0.5424877790658452 0.42572366642281667 0.703476250537566 0.7836400175950495 0.8873271708811017 1.0469069732664753 1.2124298587738789 1.5350696942798634
65 585 -0.42153241366696764 -0.18944348960675966 0.13808080296717917 0.41196127533666227 0.5828896188932484 0.7264924554249526 0.9129340288859016 0.9770052990160509 1.0756204372347462 1.1006598044684974 1.4057201637680676
64 576 -0.2238090338873017 -0.16261763283674435 0.3580887686889831 0.5531214227566708 0.42680853205512825 0.550903077717314 0.8056433900408292 0.9241697587292089 1.1058350661574667 1.1683144625536113 1.5567142910968068
64 576 -0.6373624480185804 -0.16098569500149768 0.07048908712604404 0.6811804593231513 0.41500110012549 0.580108475653781 0.855227194427302 0.9097274962475731 1.0400181795329546 1.1088353117041687 1.6189740608210144
65 585 -0.6550611438117995 -0.2886665926093691 0.06280137382493707 0.6928892478542806 0.4772234755166007 0.6080993252028146 0.7428308925817646 0.9617350028002281 1.0383533156407951 1.2018191134867262 1.5502239273326
66 594 -0.46791126297776575 -0.10584477897370063 0.10560758855292304 0.243805804941026 0.5735381359799776 0.6282070583762805 0.8586271961708937 0.9958922773543092 1.0927059631845724 1.2207509767685296 1.3649646658518848
67 603 -0.6426053752048332 -0.10562508790340469 0.1591797697630729 0.548278687044047 0.42572366642281667 0.703476250537566 0.7836400175950495 0.8873271708811017 1.0469069732664753 1.2124298587738789 1.5350696942798634
66 594 -0.4456182830658834 -0.16856341893526083 0.10728253668506046 0.39324887341574366 0.5828896188932484 0.7264924554249526 0.9129340288859016 0.9770052990160509 1.0756204372347462 1.1006598044684974 1.4057201637680676
67 603 -0.6426053752048332 -0.10562508790340469 0.1591797697630729 0.548278687044047 0.42572366642281667 0.703476250537566 0.7836400175950495 0.8873271708811017 1.0469069732664753 1.2124298587738789 1.5350696942798634
65 585 -0.265693911852586 -0.15582426376511635 0.37643629711182486 0.5557765779853622 0.42680853205512825 0.550903077717314 0.8056433900408292 0.9241697587292089 1.1058350661574667 1.1683144625536113 1.5567142910968068
65 585 -0.6524855200413714 -0.1596638095799593 0.08552924306526269 0.6867336035749093 0.41500110012549 0.580108475653781 0.855227194427302 0.9097274962475731 1.0400181795329546 1.1088353117041687 1.6189740608210144
66 594 -0.6516237020458227 -0.2473057506399452 0.06156154316816544 0.6704320125684201 0.4772234755166007 0.6080993252028146 0.7428308925817646 0.9617350028002281 1.0383533156407951 1.2018191134867262 1.5502239273326
67 603 -0.47736902022328925 -0.0917021206799617 0.10763303529181305 0.25924935746380234 0.5735381359799776 0.6282070583762805 0.8586271961708937 0.9958922773543092 1.0927059631845724 1.2207509767685296 1.3649646658518848
67 603 -0.40437418087635546 -0.11729819134293397 0.1177236600022337 0.42333092482243645 0.5828896188932484 0.7264924554249526 0.9129340288859016 0.9770052990160509 1.0756204372347462 1.1006598044684974 1.4057201637680676
67 603 -0.47736902022328925 -0.0917021206799617 0.10763303529181305 0.25924935746380234 0.5735381359799776 0.6282070583762805 0.8586271961708937 0.9958922773543092 1.0927059631845724 1.2207509767685296 1.3649646658518848
66 594 -0.21919786865117488 -0.09594445126301586 0.32096140815872587 0.5138937530833841 0.42680853205512825 0.550903077717314 0.8056433900408292 0.9241697587292089 1.1058350661574667 1.1683144625536113 1.5567142910968068
67 603 -0.40437418087635546 -0.11729819134293397 0.1177236600022337 0.42333092482243645 0.5828896188932484 0.7264924554249526 0.9129340288859016 0.9770052990160509 1.0756204372347462 1.1006598044684974 1.4057201637680676
66 594 -0.6347815724657636 -0.17592282289733066 0.03887798087673801 0.6806036756781666 0.41500110012549 0.580108475653781 0.855227194427302 0.9097274962475731 1.0400181795329546 1.1088353117041687 1.6189740608210144
67 603 -0.6521010590300531 -0.24029683668239832 0.025532007293059163 0.6581775247451959 0.4772234755166007 0.6080993252028146 0.7428308925817646 0.9617350028002281 1.0383533156407951 1.2018191134867262 1.5502239273326
67 603 -0.6521010590300531 -0.24029683668239832 0.025532007293059163 0.6581775247451959 0.4772234755166007 0.6080993252028146 0.7428308925817646 0.9617350028002281 1.0383533156407951 1.2018191134867262 1.5502239273326
67 603 -0.20013706557794833 -0.0957294636244774 0.34612563653646833 0.5245179928075504 0.42680853205512825 0.550903077717314 0.8056433900408292 0.9241697587292089 1.1058350661574667 1.1683144625536113 1.5567142910968068
67 603 -0.20013706557794833 -0.0957294636244774 0.34612563653646833 0.5245179928075504 0.42680853205512825 0.550903077717314 0.8056433900408292 0.9241697587292089 1.1058350661574667 1.1683144625536113 1.5567142910968068
67 603 -0.6214864674789223 -0.14618561092346874 0.055261459242244404 0.6894048220143131 0.41500110012549 0.580108475653781 0.855227194427302 0.9097274962475731 1.0400181795329546 1.1088353117041687 1.6189740608210144
67 603 -0.6214864674789223 -0.14618561092346874 0.055261459242244404 0.6894048220143131 0.41500110012549 0.580108475653781 0.855227194427302 0.9097274962475731 1.0400181795329546 1.1088353117041687 1.6189740608210144
