% # columns="iteration, evaluation, min 25%tile 75%tile max correlation, correlation matrix principal axes lengths  (sorted square roots of eigenvalues of correlation matrix)", seed=2567, Fri Aug 28 18:40:49 2026
1 9 -0.1132777155941258 -0.04053198717419245 0.037029635037943806 0.07706264220371578 0.8828105538039663 0.9689940271173251 0.9863193022900251 0.9899852974743021 1.0256556514688564 1.0400682657754212 1.0932007744943377
1 9 -0.11327771559412578 -0.04053198717419234 0.0370296350379438 0.0770626422037158 0.8828105538039671 0.9689940271173253 0.9863193022900253 0.9899852974743021 1.0256556514688566 1.040068265775421 1.093200774494338
1 9 -0.11327771559412578 -0.040531987174192374 0.037029635037943806 0.07706264220371578 0.882810553803967 0.9689940271173254 0.9863193022900252 0.9899852974743021 1.0256556514688568 1.0400682657754212 1.0932007744943377
1 9 -0.11327771559412578 -0.04053198717419246 0.0370296350379438 0.07706264220371578 0.8828105538039666 0.9689940271173253 0.9863193022900252 0.9899852974743022 1.0256556514688568 1.0400682657754212 1.0932007744943377
1 9 -0.11327771559412578 -0.04053198717419233 0.0370296350379438 0.0770626422037158 0.882810553803967 0.9689940271173254 0.9863193022900254 0.9899852974743021 1.0256556514688564 1.0400682657754212 1.093200774494338
1 9 -0.11327771559412578 -0.04053198717419232 0.03702963503794379 0.07706264220371578 0.8828105538039667 0.9689940271173253 0.9863193022900251 0.989985297474302 1.0256556514688566 1.0400682657754212 1.0932007744943377
2 18 -0.11327771559412578 -0.04053198717419246 0.0370296350379438 0.07706264220371578 0.8828105538039666 0.9689940271173253 0.9863193022900252 0.9899852974743022 1.0256556514688568 1.0400682657754212 1.0932007744943377
2 18 -0.11327771559412578 -0.04053198717419232 0.03702963503794379 0.07706264220371578 0.8828105538039667 0.9689940271173253 0.9863193022900251 0.989985297474302 1.0256556514688566 1.0400682657754212 1.0932007744943377
2 18 -0.11327771559412578 -0.04053198717419234 0.0370296350379438 0.0770626422037158 0.8828105538039671 0.9689940271173253 0.9863193022900253 0.9899852974743021 1.0256556514688566 1.040068265775421 1.093200774494338
2 18 -0.1132777155941258 -0.04053198717419245 0.037029635037943806 0.07706264220371578 0.8828105538039663 0.9689940271173251 0.9863193022900251 0.9899852974743021 1.0256556514688564 1.0400682657754212 1.0932007744943377
2 18 -0.11327771559412578 -0.040531987174192374 0.037029635037943806 0.07706264220371578 0.882810553803967 0.9689940271173254 0.9863193022900252 0.9899852974743021 1.0256556514688568 1.0400682657754212 1.0932007744943377
2 18 -0.11327771559412578 -0.04053198717419233 0.0370296350379438 0.0770626422037158 0.882810553803967 0.9689940271173254 0.9863193022900254 0.9899852974743021 1.0256556514688564 1.0400682657754212 1.093200774494338
3 27 -0.11327771559412578 -0.04053198717419234 0.0370296350379438 0.0770626422037158 0.8828105538039671 0.9689940271173253 0.9863193022900253 0.9899852974743021 1.0256556514688566 1.040068265775421 1.093200774494338
3 27 -0.11327771559412578 -0.04053198717419233 0.0370296350379438 0.0770626422037158 0.882810553803967 0.9689940271173254 0.9863193022900254 0.9899852974743021 1.0256556514688564 1.0400682657754212 1.093200774494338
3 27 -0.11327771559412578 -0.04053198717419232 0.03702963503794379 0.07706264220371578 0.8828105538039667 0.9689940271173253 0.9863193022900251 0.989985297474302 1.0256556514688566 1.0400682657754212 1.0932007744943377
3 27 -0.1132777155941258 -0.04053198717419245 0.037029635037943806 0.07706264220371578 0.8828105538039663 0.9689940271173251 0.9863193022900251 0.9899852974743021 1.0256556514688564 1.0400682657754212 1.0932007744943377
3 27 -0.11327771559412578 -0.040531987174192374 0.037029635037943806 0.07706264220371578 0.882810553803967 0.9689940271173254 0.9863193022900252 0.9899852974743021 1.0256556514688568 1.0400682657754212 1.0932007744943377
3 27 -0.11327771559412578 -0.04053198717419246 0.0370296350379438 0.07706264220371578 0.8828105538039666 0.9689940271173253 0.9863193022900252 0.9899852974743022 1.0256556514688568 1.0400682657754212 1.0932007744943377
4 36 -0.11327771559412578 -0.04053198717419233 0.0370296350379438 0.0770626422037158 0.882810553803967 0.9689940271173254 0.9863193022900254 0.9899852974743021 1.0256556514688564 1.0400682657754212 1.093200774494338
4 36 -0.11327771559412578 -0.040531987174192374 0.037029635037943806 0.07706264220371578 0.882810553803967 0.9689940271173254 0.9863193022900252 0.9899852974743021 1.0256556514688568 1.0400682657754212 1.0932007744943377
4 36 -0.1132777155941258 -0.04053198717419245 0.037029635037943806 0.07706264220371578 0.8828105538039663 0.9689940271173251 0.9863193022900251 0.9899852974743021 1.0256556514688564 1.0400682657754212 1.0932007744943377
4 36 -0.11327771559412578 -0.04053198717419246 0.0370296350379438 0.07706264220371578 0.8828105538039666 0.9689940271173253 0.9863193022900252 0.9899852974743022 1.0256556514688568 1.0400682657754212 1.0932007744943377
4 36 -0.11327771559412578 -0.04053198717419232 0.03702963503794379 0.07706264220371578 0.8828105538039667 0.9689940271173253 0.9863193022900251 0.989985297474302 1.0256556514688566 1.0400682657754212 1.0932007744943377
4 36 -0.11327771559412578 -0.04053198717419234 0.0370296350379438 0.0770626422037158 0.8828105538039671 0.9689940271173253 0.9863193022900253 0.9899852974743021 1.0256556514688566 1.040068265775421 1.093200774494338
5 45 -0.11327771559412578 -0.04053198717419233 0.0370296350379438 0.0770626422037158 0.882810553803967 0.9689940271173254 0.9863193022900254 0.9899852974743021 1.0256556514688564 1.0400682657754212 1.093200774494338
5 45 -0.11327771559412578 -0.04053198717419232 0.03702963503794379 0.07706264220371578 0.8828105538039667 0.9689940271173253 0.9863193022900251 0.989985297474302 1.0256556514688566 1.0400682657754212 1.0932007744943377
5 45 -0.11327771559412578 -0.040531987174192374 0.037029635037943806 0.07706264220371578 0.882810553803967 0.9689940271173254 0.9863193022900252 0.9899852974743021 1.0256556514688568 1.0400682657754212 1.0932007744943377
5 45 -0.1132777155941258 -0.04053198717419245 0.037029635037943806 0.07706264220371578 0.8828105538039663 0.9689940271173251 0.9863193022900251 0.9899852974743021 1.0256556514688564 1.0400682657754212 1.0932007744943377
5 45 -0.11327771559412578 -0.04053198717419246 0.0370296350379438 0.07706264220371578 0.8828105538039666 0.9689940271173253 0.9863193022900252 0.9899852974743022 1.0256556514688568 1.0400682657754212 1.0932007744943377
5 45 -0.11327771559412578 -0.04053198717419234 0.0370296350379438 0.0770626422037158 0.8828105538039671 0.9689940271173253 0.9863193022900253 0.9899852974743021 1.0256556514688566 1.040068265775421 1.093200774494338
6 54 -0.1132777155941258 -0.04053198717419245 0.037029635037943806 0.07706264220371578 0.8828105538039663 0.9689940271173251 0.9863193022900251 0.9899852974743021 1.0256556514688564 1.0400682657754212 1.0932007744943377
6 54 -0.11327771559412578 -0.04053198717419233 0.0370296350379438 0.0770626422037158 0.882810553803967 0.9689940271173254 0.9863193022900254 0.9899852974743021 1.0256556514688564 1.0400682657754212 1.093200774494338
6 54 -0.11327771559412578 -0.04053198717419232 0.03702963503794379 0.07706264220371578 0.8828105538039667 0.9689940271173253 0.9863193022900251 0.989985297474302 1.0256556514688566 1.0400682657754212 1.0932007744943377
6 54 -0.11327771559412578 -0.04053198717419246 0.0370296350379438 0.07706264220371578 0.8828105538039666 0.9689940271173253 0.9863193022900252 0.9899852974743022 1.0256556514688568 1.0400682657754212 1.0932007744943377
6 54 -0.11327771559412578 -0.040531987174192374 0.037029635037943806 0.07706264220371578 0.882810553803967 0.9689940271173254 0.9863193022900252 0.9899852974743021 1.0256556514688568 1.0400682657754212 1.0932007744943377
6 54 -0.11327771559412578 -0.04053198717419234 0.0370296350379438 0.0770626422037158 0.8828105538039671 0.9689940271173253 0.9863193022900253 0.9899852974743021 1.0256556514688566 1.040068265775421 1.093200774494338
7 63 -0.1132777155941258 -0.04053198717419245 0.037029635037943806 0.07706264220371578 0.8828105538039663 0.9689940271173251 0.9863193022900251 0.9899852974743021 1.0256556514688564 1.0400682657754212 1.0932007744943377
7 63 -0.11327771559412578 -0.04053198717419246 0.0370296350379438 0.07706264220371578 0.8828105538039666 0.9689940271173253 0.9863193022900252 0.9899852974743022 1.0256556514688568 1.0400682657754212 1.0932007744943377
7 63 -0.11327771559412578 -0.04053198717419232 0.03702963503794379 0.07706264220371578 0.8828105538039667 0.9689940271173253 0.9863193022900251 0.989985297474302 1.0256556514688566 1.0400682657754212 1.0932007744943377
7 63 -0.11327771559412578 -0.040531987174192374 0.037029635037943806 0.07706264220371578 0.882810553803967 0.9689940271173254 0.9863193022900252 0.9899852974743021 1.0256556514688568 1.0400682657754212 1.0932007744943377
7 63 -0.11327771559412578 -0.04053198717419234 0.0370296350379438 0.0770626422037158 0.8828105538039671 0.9689940271173253 0.9863193022900253 0.9899852974743021 1.0256556514688566 1.040068265775421 1.093200774494338
7 63 -0.11327771559412578 -0.04053198717419233 0.0370296350379438 0.0770626422037158 0.882810553803967 0.9689940271173254 0.9863193022900254 0.9899852974743021 1.0256556514688564 1.0400682657754212 1.093200774494338
8 72 -0.20938937177638067 -0.07238890305394713 0.13227829427933185 0.23555965150081323 0.7355422599368102 0.8861233924502876 0.9383698485451087 0.9768515661585161 1.0488456559216939 1.1455525565582882 1.1944111906925063
8 72 -0.21680141516095022 -0.08111441585952398 0.12179371297553152 0.2243165564596319 0.7197483464095714 0.8655608664636403 0.9374177855687389 1.0174975632106527 1.042672202114725 1.142105229452867 1.1946311699603482
8 72 -0.21194677889114572 -0.07178691242668452 0.12846306897044477 0.21545684153845102 0.7272747525329265 0.8654547203654819 0.9390936074791465 1.0158045583663882 1.0462135852469046 1.1393997075533795 1.1897517797386294
8 72 -0.21194677889114694 -0.07178691242668114 0.12846306897044463 0.2154568415384519 0.7272747525329285 0.8654547203654837 0.9390936074791447 1.0158045583663844 1.0462135852469039 1.13939970755338 1.1897517797386319
8 72 -0.2119467788911494 -0.07178691242668479 0.12846306897044452 0.215456841538454 0.7272747525329283 0.8654547203654828 0.9390936074791453 1.0158045583663857 1.0462135852469054 1.13939970755338 1.1897517797386308
8 72 -0.21194677889114732 -0.07178691242668338 0.12846306897044538 0.2154568415384547 0.727274752532927 0.8654547203654831 0.9390936074791449 1.0158045583663855 1.0462135852469037 1.1393997075533806 1.1897517797386312
9 81 -0.20938937177638067 -0.07238890305394713 0.13227829427933185 0.23555965150081323 0.7355422599368102 0.8861233924502876 0.9383698485451087 0.9768515661585161 1.0488456559216939 1.1455525565582882 1.1944111906925063
9 81 -0.21194677889114572 -0.07178691242668452 0.12846306897044477 0.21545684153845102 0.7272747525329265 0.8654547203654819 0.9390936074791465 1.0158045583663882 1.0462135852469046 1.1393997075533795 1.1897517797386294
9 81 -0.21680141516095022 -0.08111441585952398 0.12179371297553152 0.2243165564596319 0.7197483464095714 0.8655608664636403 0.9374177855687389 1.0174975632106527 1.042672202114725 1.142105229452867 1.1946311699603482
9 81 -0.2119467788911494 -0.07178691242668479 0.12846306897044452 0.215456841538454 0.7272747525329283 0.8654547203654828 0.9390936074791453 1.0158045583663857 1.0462135852469054 1.13939970755338 1.1897517797386308
9 81 -0.21194677889114694 -0.07178691242668114 0.12846306897044463 0.2154568415384519 0.7272747525329285 0.8654547203654837 0.9390936074791447 1.0158045583663844 1.0462135852469039 1.13939970755338 1.1897517797386319
9 81 -0.21194677889114732 -0.07178691242668338 0.12846306897044538 0.2154568415384547 0.727274752532927 0.8654547203654831 0.9390936074791449 1.0158045583663855 1.0462135852469037 1.1393997075533806 1.1897517797386312
10 90 -0.21194677889114572 -0.07178691242668452 0.12846306897044477 0.21545684153845102 0.7272747525329265 0.8654547203654819 0.9390936074791465 1.0158045583663882 1.0462135852469046 1.1393997075533795 1.1897517797386294
10 90 -0.20938937177638067 -0.07238890305394713 0.13227829427933185 0.23555965150081323 0.7355422599368102 0.8861233924502876 0.9383698485451087 0.9768515661585161 1.0488456559216939 1.1455525565582882 1.1944111906925063
10 90 -0.2119467788911494 -0.07178691242668479 0.12846306897044452 0.215456841538454 0.7272747525329283 0.8654547203654828 0.9390936074791453 1.0158045583663857 1.0462135852469054 1.13939970755338 1.1897517797386308
10 90 -0.21194677889114694 -0.07178691242668114 0.12846306897044463 0.2154568415384519 0.7272747525329285 0.8654547203654837 0.9390936074791447 1.0158045583663844 1.0462135852469039 1.13939970755338 1.1897517797386319
10 90 -0.21680141516095022 -0.08111441585952398 0.12179371297553152 0.2243165564596319 0.7197483464095714 0.8655608664636403 0.9374177855687389 1.0174975632106527 1.042672202114725 1.142105229452867 1.1946311699603482
10 90 -0.21194677889114732 -0.07178691242668338 0.12846306897044538 0.2154568415384547 0.727274752532927 0.8654547203654831 0.9390936074791449 1.0158045583663855 1.0462135852469037 1.1393997075533806 1.1897517797386312
11 99 -0.20938937177638067 -0.07238890305394713 0.13227829427933185 0.23555965150081323 0.7355422599368102 0.8861233924502876 0.9383698485451087 0.9768515661585161 1.0488456559216939 1.1455525565582882 1.1944111906925063
11 99 -0.21194677889114572 -0.07178691242668452 0.12846306897044477 0.21545684153845102 0.7272747525329265 0.8654547203654819 0.9390936074791465 1.0158045583663882 1.0462135852469046 1.1393997075533795 1.1897517797386294
11 99 -0.21194677889114732 -0.07178691242668338 0.12846306897044538 0.2154568415384547 0.727274752532927 0.8654547203654831 0.9390936074791449 1.0158045583663855 1.0462135852469037 1.1393997075533806 1.1897517797386312
11 99 -0.2119467788911494 -0.07178691242668479 0.12846306897044452 0.215456841538454 0.7272747525329283 0.8654547203654828 0.9390936074791453 1.0158045583663857 1.0462135852469054 1.13939970755338 1.1897517797386308
11 99 -0.21194677889114694 -0.07178691242668114 0.12846306897044463 0.2154568415384519 0.7272747525329285 0.8654547203654837 0.9390936074791447 1.0158045583663844 1.0462135852469039 1.13939970755338 1.1897517797386319
11 99 -0.21680141516095022 -0.08111441585952398 0.12179371297553152 0.2243165564596319 0.7197483464095714 0.8655608664636403 0.9374177855687389 1.0174975632106527 1.042672202114725 1.142105229452867 1.1946311699603482
12 108 -0.20938937177638067 -0.07238890305394713 0.13227829427933185 0.23555965150081323 0.7355422599368102 0.8861233924502876 0.9383698485451087 0.9768515661585161 1.0488456559216939 1.1455525565582882 1.1944111906925063
12 108 -0.21194677889114572 -0.07178691242668452 0.12846306897044477 0.21545684153845102 0.7272747525329265 0.8654547203654819 0.9390936074791465 1.0158045583663882 1.0462135852469046 1.1393997075533795 1.1897517797386294
12 108 -0.21194677889114694 -0.07178691242668114 0.12846306897044463 0.2154568415384519 0.7272747525329285 0.8654547203654837 0.9390936074791447 1.0158045583663844 1.0462135852469039 1.13939970755338 1.1897517797386319
12 108 -0.2119467788911494 -0.07178691242668479 0.12846306897044452 0.215456841538454 0.7272747525329283 0.8654547203654828 0.9390936074791453 1.0158045583663857 1.0462135852469054 1.13939970755338 1.1897517797386308
12 108 -0.21680141516095022 -0.08111441585952398 0.12179371297553152 0.2243165564596319 0.7197483464095714 0.8655608664636403 0.9374177855687389 1.0174975632106527 1.042672202114725 1.142105229452867 1.1946311699603482
12 108 -0.21194677889114732 -0.07178691242668338 0.12846306897044538 0.2154568415384547 0.727274752532927 0.8654547203654831 0.9390936074791449 1.0158045583663855 1.0462135852469037 1.1393997075533806 1.1897517797386312
13 117 -0.20938937177638067 -0.07238890305394713 0.13227829427933185 0.23555965150081323 0.7355422599368102 0.8861233924502876 0.9383698485451087 0.9768515661585161 1.0488456559216939 1.1455525565582882 1.1944111906925063
13 117 -0.2119467788911494 -0.07178691242668479 0.12846306897044452 0.215456841538454 0.7272747525329283 0.8654547203654828 0.9390936074791453 1.0158045583663857 1.0462135852469054 1.13939970755338 1.1897517797386308
13 117 -0.21194677889114572 -0.07178691242668452 0.12846306897044477 0.21545684153845102 0.7272747525329265 0.8654547203654819 0.9390936074791465 1.0158045583663882 1.0462135852469046 1.1393997075533795 1.1897517797386294
13 117 -0.21194677889114694 -0.07178691242668114 0.12846306897044463 0.2154568415384519 0.7272747525329285 0.8654547203654837 0.9390936074791447 1.0158045583663844 1.0462135852469039 1.13939970755338 1.1897517797386319
13 117 -0.21680141516095022 -0.08111441585952398 0.12179371297553152 0.2243165564596319 0.7197483464095714 0.8655608664636403 0.9374177855687389 1.0174975632106527 1.042672202114725 1.142105229452867 1.1946311699603482
13 117 -0.21194677889114732 -0.07178691242668338 0.12846306897044538 0.2154568415384547 0.727274752532927 0.8654547203654831 0.9390936074791449 1.0158045583663855 1.0462135852469037 1.1393997075533806 1.1897517797386312
14 126 -0.20938937177638067 -0.07238890305394713 0.13227829427933185 0.23555965150081323 0.7355422599368102 0.8861233924502876 0.9383698485451087 0.9768515661585161 1.0488456559216939 1.1455525565582882 1.1944111906925063
14 126 -0.2119467788911494 -0.07178691242668479 0.12846306897044452 0.215456841538454 0.7272747525329283 0.8654547203654828 0.9390936074791453 1.0158045583663857 1.0462135852469054 1.13939970755338 1.1897517797386308
14 126 -0.21680141516095022 -0.08111441585952398 0.12179371297553152 0.2243165564596319 0.7197483464095714 0.8655608664636403 0.9374177855687389 1.0174975632106527 1.042672202114725 1.142105229452867 1.1946311699603482
14 126 -0.21194677889114572 -0.07178691242668452 0.12846306897044477 0.21545684153845102 0.7272747525329265 0.8654547203654819 0.9390936074791465 1.0158045583663882 1.0462135852469046 1.1393997075533795 1.1897517797386294
14 126 -0.21194677889114694 -0.07178691242668114 0.12846306897044463 0.2154568415384519 0.7272747525329285 0.8654547203654837 0.9390936074791447 1.0158045583663844 1.0462135852469039 1.13939970755338 1.1897517797386319
14 126 -0.21194677889114732 -0.07178691242668338 0.12846306897044538 0.2154568415384547 0.727274752532927 0.8654547203654831 0.9390936074791449 1.0158045583663855 1.0462135852469037 1.1393997075533806 1.1897517797386312
15 135 -0.1689054500691552 -0.09027397502112774 0.0880334473611433 0.2829810088654777 0.7135532951699178 0.8453960729545849 0.904877478945356 0.9900712228143561 1.0912172079267597 1.172067787212374 1.1885306070695523
15 135 -0.2594728050820114 -0.12113395610095863 0.06075794727765958 0.26983622661936857 0.7390591097483291 0.7986225157299064 0.8744477508630919 0.9784744628219575 1.0688291621840789 1.1728943709016588 1.2553268829492523
15 135 -0.205101879393945 -0.05580186200601354 0.10786738462230244 0.2872563554791613 0.712971243313749 0.8486367500344609 0.8526782693227168 1.0165641810888348 1.109806390916033 1.1561681577135154 1.2010951974018813
15 135 -0.2591894068952617 -0.12851601607335375 0.05903882058820786 0.2736192260372653 0.7391519051262821 0.7998240419147983 0.8619209787956504 0.9738094320240159 1.0758168289348147 1.1748263610764553 1.259017295924392
15 135 -0.2637045911017593 -0.12915922575705785 0.05493085612028087 0.26630335902117075 0.7423794118987722 0.7956975300930691 0.8732221130762176 0.9779538978310978 1.073067582055884 1.1751077346595316 1.2507898866829605
15 135 -0.25918940689526404 -0.12851601607335836 0.059038820588211305 0.2736192260372683 0.7391519051262819 0.7998240419147957 0.8619209787956529 0.973809432024015 1.0758168289348127 1.174826361076458 1.2590172959243908
16 144 -0.1689054500691552 -0.09027397502112774 0.0880334473611433 0.2829810088654777 0.7135532951699178 0.8453960729545849 0.904877478945356 0.9900712228143561 1.0912172079267597 1.172067787212374 1.1885306070695523
16 144 -0.2594728050820114 -0.12113395610095863 0.06075794727765958 0.26983622661936857 0.7390591097483291 0.7986225157299064 0.8744477508630919 0.9784744628219575 1.0688291621840789 1.1728943709016588 1.2553268829492523
16 144 -0.205101879393945 -0.05580186200601354 0.10786738462230244 0.2872563554791613 0.712971243313749 0.8486367500344609 0.8526782693227168 1.0165641810888348 1.109806390916033 1.1561681577135154 1.2010951974018813
16 144 -0.2591894068952617 -0.12851601607335375 0.05903882058820786 0.2736192260372653 0.7391519051262821 0.7998240419147983 0.8619209787956504 0.9738094320240159 1.0758168289348147 1.1748263610764553 1.259017295924392
16 144 -0.2637045911017593 -0.12915922575705785 0.05493085612028087 0.26630335902117075 0.7423794118987722 0.7956975300930691 0.8732221130762176 0.9779538978310978 1.073067582055884 1.1751077346595316 1.2507898866829605
16 144 -0.25918940689526404 -0.12851601607335836 0.059038820588211305 0.2736192260372683 0.7391519051262819 0.7998240419147957 0.8619209787956529 0.973809432024015 1.0758168289348127 1.174826361076458 1.2590172959243908
17 153 -0.1689054500691552 -0.09027397502112774 0.0880334473611433 0.2829810088654777 0.7135532951699178 0.8453960729545849 0.904877478945356 0.9900712228143561 1.0912172079267597 1.172067787212374 1.1885306070695523
17 153 -0.2594728050820114 -0.12113395610095863 0.06075794727765958 0.26983622661936857 0.7390591097483291 0.7986225157299064 0.8744477508630919 0.9784744628219575 1.0688291621840789 1.1728943709016588 1.2553268829492523
17 153 -0.205101879393945 -0.05580186200601354 0.10786738462230244 0.2872563554791613 0.712971243313749 0.8486367500344609 0.8526782693227168 1.0165641810888348 1.109806390916033 1.1561681577135154 1.2010951974018813
17 153 -0.2637045911017593 -0.12915922575705785 0.05493085612028087 0.26630335902117075 0.7423794118987722 0.7956975300930691 0.8732221130762176 0.9779538978310978 1.073067582055884 1.1751077346595316 1.2507898866829605
17 153 -0.2591894068952617 -0.12851601607335375 0.05903882058820786 0.2736192260372653 0.7391519051262821 0.7998240419147983 0.8619209787956504 0.9738094320240159 1.0758168289348147 1.1748263610764553 1.259017295924392
17 153 -0.25918940689526404 -0.12851601607335836 0.059038820588211305 0.2736192260372683 0.7391519051262819 0.7998240419147957 0.8619209787956529 0.973809432024015 1.0758168289348127 1.174826361076458 1.2590172959243908
18 162 -0.1689054500691552 -0.09027397502112774 0.0880334473611433 0.2829810088654777 0.7135532951699178 0.8453960729545849 0.904877478945356 0.9900712228143561 1.0912172079267597 1.172067787212374 1.1885306070695523
18 162 -0.2594728050820114 -0.12113395610095863 0.06075794727765958 0.26983622661936857 0.7390591097483291 0.7986225157299064 0.8744477508630919 0.9784744628219575 1.0688291621840789 1.1728943709016588 1.2553268829492523
18 162 -0.205101879393945 -0.05580186200601354 0.10786738462230244 0.2872563554791613 0.712971243313749 0.8486367500344609 0.8526782693227168 1.0165641810888348 1.109806390916033 1.1561681577135154 1.2010951974018813
18 162 -0.2637045911017593 -0.12915922575705785 0.05493085612028087 0.26630335902117075 0.7423794118987722 0.7956975300930691 0.8732221130762176 0.9779538978310978 1.073067582055884 1.1751077346595316 1.2507898866829605
18 162 -0.2591894068952617 -0.12851601607335375 0.05903882058820786 0.2736192260372653 0.7391519051262821 0.7998240419147983 0.8619209787956504 0.9738094320240159 1.0758168289348147 1.1748263610764553 1.259017295924392
18 162 -0.25918940689526404 -0.12851601607335836 0.059038820588211305 0.2736192260372683 0.7391519051262819 0.7998240419147957 0.8619209787956529 0.973809432024015 1.0758168289348127 1.174826361076458 1.2590172959243908
19 171 -0.1689054500691552 -0.09027397502112774 0.0880334473611433 0.2829810088654777 0.7135532951699178 0.8453960729545849 0.904877478945356 0.9900712228143561 1.0912172079267597 1.172067787212374 1.1885306070695523
19 171 -0.205101879393945 -0.05580186200601354 0.10786738462230244 0.2872563554791613 0.712971243313749 0.8486367500344609 0.8526782693227168 1.0165641810888348 1.109806390916033 1.1561681577135154 1.2010951974018813
19 171 -0.2594728050820114 -0.12113395610095863 0.06075794727765958 0.26983622661936857 0.7390591097483291 0.7986225157299064 0.8744477508630919 0.9784744628219575 1.0688291621840789 1.1728943709016588 1.2553268829492523
19 171 -0.2637045911017593 -0.12915922575705785 0.05493085612028087 0.26630335902117075 0.7423794118987722 0.7956975300930691 0.8732221130762176 0.9779538978310978 1.073067582055884 1.1751077346595316 1.2507898866829605
19 171 -0.2591894068952617 -0.12851601607335375 0.05903882058820786 0.2736192260372653 0.7391519051262821 0.7998240419147983 0.8619209787956504 0.9738094320240159 1.0758168289348147 1.1748263610764553 1.259017295924392
19 171 -0.25918940689526404 -0.12851601607335836 0.059038820588211305 0.2736192260372683 0.7391519051262819 0.7998240419147957 0.8619209787956529 0.973809432024015 1.0758168289348127 1.174826361076458 1.2590172959243908
20 180 -0.1689054500691552 -0.09027397502112774 0.0880334473611433 0.2829810088654777 0.7135532951699178 0.8453960729545849 0.904877478945356 0.9900712228143561 1.0912172079267597 1.172067787212374 1.1885306070695523
20 180 -0.205101879393945 -0.05580186200601354 0.10786738462230244 0.2872563554791613 0.712971243313749 0.8486367500344609 0.8526782693227168 1.0165641810888348 1.109806390916033 1.1561681577135154 1.2010951974018813
20 180 -0.2594728050820114 -0.12113395610095863 0.06075794727765958 0.26983622661936857 0.7390591097483291 0.7986225157299064 0.8744477508630919 0.9784744628219575 1.0688291621840789 1.1728943709016588 1.2553268829492523
20 180 -0.2637045911017593 -0.12915922575705785 0.05493085612028087 0.26630335902117075 0.7423794118987722 0.7956975300930691 0.8732221130762176 0.9779538978310978 1.073067582055884 1.1751077346595316 1.2507898866829605
20 180 -0.2591894068952617 -0.12851601607335375 0.05903882058820786 0.2736192260372653 0.7391519051262821 0.7998240419147983 0.8619209787956504 0.9738094320240159 1.0758168289348147 1.1748263610764553 1.259017295924392
20 180 -0.25918940689526404 -0.12851601607335836 0.059038820588211305 0.2736192260372683 0.7391519051262819 0.7998240419147957 0.8619209787956529 0.973809432024015 1.0758168289348127 1.174826361076458 1.2590172959243908
21 189 -0.1689054500691552 -0.09027397502112774 0.0880334473611433 0.2829810088654777 0.7135532951699178 0.8453960729545849 0.904877478945356 0.9900712228143561 1.0912172079267597 1.172067787212374 1.1885306070695523
21 189 -0.205101879393945 -0.05580186200601354 0.10786738462230244 0.2872563554791613 0.712971243313749 0.8486367500344609 0.8526782693227168 1.0165641810888348 1.109806390916033 1.1561681577135154 1.2010951974018813
21 189 -0.2594728050820114 -0.12113395610095863 0.06075794727765958 0.26983622661936857 0.7390591097483291 0.7986225157299064 0.8744477508630919 0.9784744628219575 1.0688291621840789 1.1728943709016588 1.2553268829492523
21 189 -0.2637045911017593 -0.12915922575705785 0.05493085612028087 0.26630335902117075 0.7423794118987722 0.7956975300930691 0.8732221130762176 0.9779538978310978 1.073067582055884 1.1751077346595316 1.2507898866829605
21 189 -0.2591894068952617 -0.12851601607335375 0.05903882058820786 0.2736192260372653 0.7391519051262821 0.7998240419147983 0.8619209787956504 0.9738094320240159 1.0758168289348147 1.1748263610764553 1.259017295924392
21 189 -0.25918940689526404 -0.12851601607335836 0.059038820588211305 0.2736192260372683 0.7391519051262819 0.7998240419147957 0.8619209787956529 0.973809432024015 1.0758168289348127 1.174826361076458 1.2590172959243908
22 198 -0.3090157818033891 -0.1730258686618859 0.08502480846073861 0.2773941468637371 0.6915131472637815 0.7578830800281948 0.8682762390485295 0.9732336803859135 1.1344567951395963 1.2095651039017614 1.2232315478351854
22 198 -0.3914246656955107 -0.10088424647182673 0.16820322359540704 0.2711198657654965 0.6312621719337438 0.857592963357782 0.8784102745584337 0.940436161375255 1.081912923636395 1.1062565002422202 1.3474711784498563
22 198 -0.39553423305525737 -0.20549875641388168 0.0695672546475738 0.41484828575231486 0.6449371402238159 0.7809575928540964 0.8773968649370592 0.998914876822995 1.0120219961124297 1.078733582294455 1.420792198528189
22 198 -0.38976739387461734 -0.15335191942802928 0.03701904843964078 0.326105185402191 0.678194804667217 0.7627484174358721 0.854171602792953 0.9296554632976858 1.1073351305398151 1.1805003612390268 1.3208429342473877
22 198 -0.3184998283530105 -0.15101903679446926 0.14765080190000254 0.37590923221138306 0.7202188289138728 0.7850642129854186 0.8118424428809909 0.969340104033246 1.0257891966661674 1.1651063026252026 1.3625470480696673
22 198 -0.2761809110083262 -0.12700276134670763 0.10624746714371847 0.38202350515899297 0.6637555138207459 0.8029216192173461 0.8660239421064749 0.9688195986316624 1.0451642999938289 1.2371717416115475 1.266165185134925
23 207 -0.3090157818033891 -0.1730258686618859 0.08502480846073861 0.2773941468637371 0.6915131472637815 0.7578830800281948 0.8682762390485295 0.9732336803859135 1.1344567951395963 1.2095651039017614 1.2232315478351854
23 207 -0.3914246656955107 -0.10088424647182673 0.16820322359540704 0.2711198657654965 0.6312621719337438 0.857592963357782 0.8784102745584337 0.940436161375255 1.081912923636395 1.1062565002422202 1.3474711784498563
23 207 -0.39553423305525737 -0.20549875641388168 0.0695672546475738 0.41484828575231486 0.6449371402238159 0.7809575928540964 0.8773968649370592 0.998914876822995 1.0120219961124297 1.078733582294455 1.420792198528189
23 207 -0.38976739387461734 -0.15335191942802928 0.03701904843964078 0.326105185402191 0.678194804667217 0.7627484174358721 0.854171602792953 0.9296554632976858 1.1073351305398151 1.1805003612390268 1.3208429342473877
23 207 -0.3184998283530105 -0.15101903679446926 0.14765080190000254 0.37590923221138306 0.7202188289138728 0.7850642129854186 0.8118424428809909 0.969340104033246 1.0257891966661674 1.1651063026252026 1.3625470480696673
23 207 -0.2761809110083262 -0.12700276134670763 0.10624746714371847 0.38202350515899297 0.6637555138207459 0.8029216192173461 0.8660239421064749 0.9688195986316624 1.0451642999938289 1.2371717416115475 1.266165185134925
24 216 -0.3090157818033891 -0.1730258686618859 0.08502480846073861 0.2773941468637371 0.6915131472637815 0.7578830800281948 0.8682762390485295 0.9732336803859135 1.1344567951395963 1.2095651039017614 1.2232315478351854
24 216 -0.39553423305525737 -0.20549875641388168 0.0695672546475738 0.41484828575231486 0.6449371402238159 0.7809575928540964 0.8773968649370592 0.998914876822995 1.0120219961124297 1.078733582294455 1.420792198528189
24 216 -0.3914246656955107 -0.10088424647182673 0.16820322359540704 0.2711198657654965 0.6312621719337438 0.857592963357782 0.8784102745584337 0.940436161375255 1.081912923636395 1.1062565002422202 1.3474711784498563
24 216 -0.38976739387461734 -0.15335191942802928 0.03701904843964078 0.326105185402191 0.678194804667217 0.7627484174358721 0.854171602792953 0.9296554632976858 1.1073351305398151 1.1805003612390268 1.3208429342473877
24 216 -0.3184998283530105 -0.15101903679446926 0.14765080190000254 0.37590923221138306 0.7202188289138728 0.7850642129854186 0.8118424428809909 0.969340104033246 1.0257891966661674 1.1651063026252026 1.3625470480696673
24 216 -0.2761809110083262 -0.12700276134670763 0.10624746714371847 0.38202350515899297 0.6637555138207459 0.8029216192173461 0.8660239421064749 0.9688195986316624 1.0451642999938289 1.2371717416115475 1.266165185134925
25 225 -0.3090157818033891 -0.1730258686618859 0.08502480846073861 0.2773941468637371 0.6915131472637815 0.7578830800281948 0.8682762390485295 0.9732336803859135 1.1344567951395963 1.2095651039017614 1.2232315478351854
25 225 -0.39553423305525737 -0.20549875641388168 0.0695672546475738 0.41484828575231486 0.6449371402238159 0.7809575928540964 0.8773968649370592 0.998914876822995 1.0120219961124297 1.078733582294455 1.420792198528189
25 225 -0.3914246656955107 -0.10088424647182673 0.16820322359540704 0.2711198657654965 0.6312621719337438 0.857592963357782 0.8784102745584337 0.940436161375255 1.081912923636395 1.1062565002422202 1.3474711784498563
25 225 -0.38976739387461734 -0.15335191942802928 0.03701904843964078 0.326105185402191 0.678194804667217 0.7627484174358721 0.854171602792953 0.9296554632976858 1.1073351305398151 1.1805003612390268 1.3208429342473877
25 225 -0.3184998283530105 -0.15101903679446926 0.14765080190000254 0.37590923221138306 0.7202188289138728 0.7850642129854186 0.8118424428809909 0.969340104033246 1.0257891966661674 1.1651063026252026 1.3625470480696673
25 225 -0.2761809110083262 -0.12700276134670763 0.10624746714371847 0.38202350515899297 0.6637555138207459 0.8029216192173461 0.8660239421064749 0.9688195986316624 1.0451642999938289 1.2371717416115475 1.266165185134925
26 234 -0.3090157818033891 -0.1730258686618859 0.08502480846073861 0.2773941468637371 0.6915131472637815 0.7578830800281948 0.8682762390485295 0.9732336803859135 1.1344567951395963 1.2095651039017614 1.2232315478351854
26 234 -0.3914246656955107 -0.10088424647182673 0.16820322359540704 0.2711198657654965 0.6312621719337438 0.857592963357782 0.8784102745584337 0.940436161375255 1.081912923636395 1.1062565002422202 1.3474711784498563
26 234 -0.39553423305525737 -0.20549875641388168 0.0695672546475738 0.41484828575231486 0.6449371402238159 0.7809575928540964 0.8773968649370592 0.998914876822995 1.0120219961124297 1.078733582294455 1.420792198528189
26 234 -0.38976739387461734 -0.15335191942802928 0.03701904843964078 0.326105185402191 0.678194804667217 0.7627484174358721 0.854171602792953 0.9296554632976858 1.1073351305398151 1.1805003612390268 1.3208429342473877
26 234 -0.3184998283530105 -0.15101903679446926 0.14765080190000254 0.37590923221138306 0.7202188289138728 0.7850642129854186 0.8118424428809909 0.969340104033246 1.0257891966661674 1.1651063026252026 1.3625470480696673
26 234 -0.2761809110083262 -0.12700276134670763 0.10624746714371847 0.38202350515899297 0.6637555138207459 0.8029216192173461 0.8660239421064749 0.9688195986316624 1.0451642999938289 1.2371717416115475 1.266165185134925
27 243 -0.3090157818033891 -0.1730258686618859 0.08502480846073861 0.2773941468637371 0.6915131472637815 0.7578830800281948 0.8682762390485295 0.9732336803859135 1.1344567951395963 1.2095651039017614 1.2232315478351854
27 243 -0.3914246656955107 -0.10088424647182673 0.16820322359540704 0.2711198657654965 0.6312621719337438 0.857592963357782 0.8784102745584337 0.940436161375255 1.081912923636395 1.1062565002422202 1.3474711784498563
27 243 -0.39553423305525737 -0.20549875641388168 0.0695672546475738 0.41484828575231486 0.6449371402238159 0.7809575928540964 0.8773968649370592 0.998914876822995 1.0120219961124297 1.078733582294455 1.420792198528189
27 243 -0.38976739387461734 -0.15335191942802928 0.03701904843964078 0.326105185402191 0.678194804667217 0.7627484174358721 0.854171602792953 0.9296554632976858 1.1073351305398151 1.1805003612390268 1.3208429342473877
27 243 -0.3184998283530105 -0.15101903679446926 0.14765080190000254 0.37590923221138306 0.7202188289138728 0.7850642129854186 0.8118424428809909 0.969340104033246 1.0257891966661674 1.1651063026252026 1.3625470480696673
27 243 -0.2761809110083262 -0.12700276134670763 0.10624746714371847 0.38202350515899297 0.6637555138207459 0.8029216192173461 0.8660239421064749 0.9688195986316624 1.0451642999938289 1.2371717416115475 1.266165185134925
28 252 -0.3090157818033891 -0.1730258686618859 0.08502480846073861 0.2773941468637371 0.6915131472637815 0.7578830800281948 0.8682762390485295 0.9732336803859135 1.1344567951395963 1.2095651039017614 1.2232315478351854
28 252 -0.3914246656955107 -0.10088424647182673 0.16820322359540704 0.2711198657654965 0.6312621719337438 0.857592963357782 0.8784102745584337 0.940436161375255 1.081912923636395 1.1062565002422202 1.3474711784498563
28 252 -0.39553423305525737 -0.20549875641388168 0.0695672546475738 0.41484828575231486 0.6449371402238159 0.7809575928540964 0.8773968649370592 0.998914876822995 1.0120219961124297 1.078733582294455 1.420792198528189
28 252 -0.38976739387461734 -0.15335191942802928 0.03701904843964078 0.326105185402191 0.678194804667217 0.7627484174358721 0.854171602792953 0.9296554632976858 1.1073351305398151 1.1805003612390268 1.3208429342473877
28 252 -0.3184998283530105 -0.15101903679446926 0.14765080190000254 0.37590923221138306 0.7202188289138728 0.7850642129854186 0.8118424428809909 0.969340104033246 1.0257891966661674 1.1651063026252026 1.3625470480696673
28 252 -0.2761809110083262 -0.12700276134670763 0.10624746714371847 0.38202350515899297 0.6637555138207459 0.8029216192173461 0.8660239421064749 0.9688195986316624 1.0451642999938289 1.2371717416115475 1.266165185134925
29 261 -0.31008688652847965 -0.14440927392882175 0.0735896202672854 0.46475193096983486 0.6740041393577224 0.7623922545332344 0.8464688132293622 0.9664253590663461 1.0379838054879398 1.254791663986986 1.289215475967262
29 261 -0.4509299609744549 -0.13556922666684673 0.07727692322384298 0.3038191439748124 0.6301006312603115 0.7370798106964653 0.8974257187813569 0.9694855600661072 1.0464565558944459 1.0777263249525764 1.4345194388267586
29 261 -0.43908060521545106 -0.05780438779990765 0.20647125285475654 0.32806860462645226 0.6220911447786219 0.7427508017632432 0.8200752036712253 0.948735323749832 1.1540013557276088 1.1977726242840165 1.3123731982007272
29 261 -0.4269376607278768 -0.20019869272578047 0.05941251249557791 0.18440448197353937 0.611112871027028 0.7588580834648265 0.8654054826953168 0.9831899773515974 1.1314184916156114 1.2119629481360374 1.259414267092883
29 261 -0.33420658396764474 -0.1043839526965698 0.18631349548638992 0.2980893452055232 0.6627479525095722 0.8075499636546698 0.8875864209850763 0.9437955840784082 1.0153468913253871 1.1382075727266463 1.3797183263500923
29 261 -0.36585494360995324 -0.12467743639746277 0.14264227879390406 0.5462208354657172 0.5643629525698355 0.7186474542539609 0.7982578365531711 0.9286025721683955 1.0721604439249985 1.2431331214845303 1.4037855991408825
30 270 -0.31008688652847965 -0.14440927392882175 0.0735896202672854 0.46475193096983486 0.6740041393577224 0.7623922545332344 0.8464688132293622 0.9664253590663461 1.0379838054879398 1.254791663986986 1.289215475967262
30 270 -0.4509299609744549 -0.13556922666684673 0.07727692322384298 0.3038191439748124 0.6301006312603115 0.7370798106964653 0.8974257187813569 0.9694855600661072 1.0464565558944459 1.0777263249525764 1.4345194388267586
30 270 -0.43908060521545106 -0.05780438779990765 0.20647125285475654 0.32806860462645226 0.6220911447786219 0.7427508017632432 0.8200752036712253 0.948735323749832 1.1540013557276088 1.1977726242840165 1.3123731982007272
30 270 -0.33420658396764474 -0.1043839526965698 0.18631349548638992 0.2980893452055232 0.6627479525095722 0.8075499636546698 0.8875864209850763 0.9437955840784082 1.0153468913253871 1.1382075727266463 1.3797183263500923
30 270 -0.4269376607278768 -0.20019869272578047 0.05941251249557791 0.18440448197353937 0.611112871027028 0.7588580834648265 0.8654054826953168 0.9831899773515974 1.1314184916156114 1.2119629481360374 1.259414267092883
30 270 -0.36585494360995324 -0.12467743639746277 0.14264227879390406 0.5462208354657172 0.5643629525698355 0.7186474542539609 0.7982578365531711 0.9286025721683955 1.0721604439249985 1.2431331214845303 1.4037855991408825
31 279 -0.31008688652847965 -0.14440927392882175 0.0735896202672854 0.46475193096983486 0.6740041393577224 0.7623922545332344 0.8464688132293622 0.9664253590663461 1.0379838054879398 1.254791663986986 1.289215475967262
31 279 -0.4509299609744549 -0.13556922666684673 0.07727692322384298 0.3038191439748124 0.6301006312603115 0.7370798106964653 0.8974257187813569 0.9694855600661072 1.0464565558944459 1.0777263249525764 1.4345194388267586
31 279 -0.43908060521545106 -0.05780438779990765 0.20647125285475654 0.32806860462645226 0.6220911447786219 0.7427508017632432 0.8200752036712253 0.948735323749832 1.1540013557276088 1.1977726242840165 1.3123731982007272
31 279 -0.4269376607278768 -0.20019869272578047 0.05941251249557791 0.18440448197353937 0.611112871027028 0.7588580834648265 0.8654054826953168 0.9831899773515974 1.1314184916156114 1.2119629481360374 1.259414267092883
31 279 -0.33420658396764474 -0.1043839526965698 0.18631349548638992 0.2980893452055232 0.6627479525095722 0.8075499636546698 0.8875864209850763 0.9437955840784082 1.0153468913253871 1.1382075727266463 1.3797183263500923
31 279 -0.36585494360995324 -0.12467743639746277 0.14264227879390406 0.5462208354657172 0.5643629525698355 0.7186474542539609 0.7982578365531711 0.9286025721683955 1.0721604439249985 1.2431331214845303 1.4037855991408825
32 288 -0.31008688652847965 -0.14440927392882175 0.0735896202672854 0.46475193096983486 0.6740041393577224 0.7623922545332344 0.8464688132293622 0.9664253590663461 1.0379838054879398 1.254791663986986 1.289215475967262
32 288 -0.4509299609744549 -0.13556922666684673 0.07727692322384298 0.3038191439748124 0.6301006312603115 0.7370798106964653 0.8974257187813569 0.9694855600661072 1.0464565558944459 1.0777263249525764 1.4345194388267586
32 288 -0.43908060521545106 -0.05780438779990765 0.20647125285475654 0.32806860462645226 0.6220911447786219 0.7427508017632432 0.8200752036712253 0.948735323749832 1.1540013557276088 1.1977726242840165 1.3123731982007272
32 288 -0.4269376607278768 -0.20019869272578047 0.05941251249557791 0.18440448197353937 0.611112871027028 0.7588580834648265 0.8654054826953168 0.9831899773515974 1.1314184916156114 1.2119629481360374 1.259414267092883
32 288 -0.36585494360995324 -0.12467743639746277 0.14264227879390406 0.5462208354657172 0.5643629525698355 0.7186474542539609 0.7982578365531711 0.9286025721683955 1.0721604439249985 1.2431331214845303 1.4037855991408825
32 288 -0.33420658396764474 -0.1043839526965698 0.18631349548638992 0.2980893452055232 0.6627479525095722 0.8075499636546698 0.8875864209850763 0.9437955840784082 1.0153468913253871 1.1382075727266463 1.3797183263500923
33 297 -0.31008688652847965 -0.14440927392882175 0.0735896202672854 0.46475193096983486 0.6740041393577224 0.7623922545332344 0.8464688132293622 0.9664253590663461 1.0379838054879398 1.254791663986986 1.289215475967262
33 297 -0.4509299609744549 -0.13556922666684673 0.07727692322384298 0.3038191439748124 0.6301006312603115 0.7370798106964653 0.8974257187813569 0.9694855600661072 1.0464565558944459 1.0777263249525764 1.4345194388267586
33 297 -0.43908060521545106 -0.05780438779990765 0.20647125285475654 0.32806860462645226 0.6220911447786219 0.7427508017632432 0.8200752036712253 0.948735323749832 1.1540013557276088 1.1977726242840165 1.3123731982007272
33 297 -0.4269376607278768 -0.20019869272578047 0.05941251249557791 0.18440448197353937 0.611112871027028 0.7588580834648265 0.8654054826953168 0.9831899773515974 1.1314184916156114 1.2119629481360374 1.259414267092883
33 297 -0.36585494360995324 -0.12467743639746277 0.14264227879390406 0.5462208354657172 0.5643629525698355 0.7186474542539609 0.7982578365531711 0.9286025721683955 1.0721604439249985 1.2431331214845303 1.4037855991408825
33 297 -0.33420658396764474 -0.1043839526965698 0.18631349548638992 0.2980893452055232 0.6627479525095722 0.8075499636546698 0.8875864209850763 0.9437955840784082 1.0153468913253871 1.1382075727266463 1.3797183263500923
34 306 -0.31008688652847965 -0.14440927392882175 0.0735896202672854 0.46475193096983486 0.6740041393577224 0.7623922545332344 0.8464688132293622 0.9664253590663461 1.0379838054879398 1.254791663986986 1.289215475967262
34 306 -0.4509299609744549 -0.13556922666684673 0.07727692322384298 0.3038191439748124 0.6301006312603115 0.7370798106964653 0.8974257187813569 0.9694855600661072 1.0464565558944459 1.0777263249525764 1.4345194388267586
34 306 -0.43908060521545106 -0.05780438779990765 0.20647125285475654 0.32806860462645226 0.6220911447786219 0.7427508017632432 0.8200752036712253 0.948735323749832 1.1540013557276088 1.1977726242840165 1.3123731982007272
34 306 -0.4269376607278768 -0.20019869272578047 0.05941251249557791 0.18440448197353937 0.611112871027028 0.7588580834648265 0.8654054826953168 0.9831899773515974 1.1314184916156114 1.2119629481360374 1.259414267092883
34 306 -0.36585494360995324 -0.12467743639746277 0.14264227879390406 0.5462208354657172 0.5643629525698355 0.7186474542539609 0.7982578365531711 0.9286025721683955 1.0721604439249985 1.2431331214845303 1.4037855991408825
34 306 -0.33420658396764474 -0.1043839526965698 0.18631349548638992 0.2980893452055232 0.6627479525095722 0.8075499636546698 0.8875864209850763 0.9437955840784082 1.0153468913253871 1.1382075727266463 1.3797183263500923
35 315 -0.31008688652847965 -0.14440927392882175 0.0735896202672854 0.46475193096983486 0.6740041393577224 0.7623922545332344 0.8464688132293622 0.9664253590663461 1.0379838054879398 1.254791663986986 1.289215475967262
35 315 -0.4509299609744549 -0.13556922666684673 0.07727692322384298 0.3038191439748124 0.6301006312603115 0.7370798106964653 0.8974257187813569 0.9694855600661072 1.0464565558944459 1.0777263249525764 1.4345194388267586
35 315 -0.43908060521545106 -0.05780438779990765 0.20647125285475654 0.32806860462645226 0.6220911447786219 0.7427508017632432 0.8200752036712253 0.948735323749832 1.1540013557276088 1.1977726242840165 1.3123731982007272
35 315 -0.4269376607278768 -0.20019869272578047 0.05941251249557791 0.18440448197353937 0.611112871027028 0.7588580834648265 0.8654054826953168 0.9831899773515974 1.1314184916156114 1.2119629481360374 1.259414267092883
35 315 -0.33420658396764474 -0.1043839526965698 0.18631349548638992 0.2980893452055232 0.6627479525095722 0.8075499636546698 0.8875864209850763 0.9437955840784082 1.0153468913253871 1.1382075727266463 1.3797183263500923
35 315 -0.36585494360995324 -0.12467743639746277 0.14264227879390406 0.5462208354657172 0.5643629525698355 0.7186474542539609 0.7982578365531711 0.9286025721683955 1.0721604439249985 1.2431331214845303 1.4037855991408825
36 324 -0.456650048435364 -0.1803114932420622 0.088414922877984 0.6021950859742561 0.6093003883528848 0.7237632511057193 0.7854680822976309 0.9098770384366757 1.056867684080079 1.2160789635389968 1.4367554115103993
36 324 -0.42887774279595225 -0.22634096718147825 0.08265795383561338 0.4208951485163894 0.6584311553096932 0.7175905691844634 0.8572407286795871 0.935262440361102 1.0146269891522728 1.0818951263653078 1.497327518583871
36 324 -0.14930296861406522 -0.0034888882339576006 0.2359138673318567 0.4111952309208617 0.5526347492527834 0.7965122166350049 0.8084658721707932 1.0161610968200276 1.02580734055446 1.2141962376499338 1.3591944224633479
36 324 -0.38228655741493345 -0.22840199464338173 0.09056465436786187 0.41975280836601947 0.6012756829383048 0.7390605925533356 0.7795538450078956 0.9597105998233896 1.017935912402871 1.279752784137097 1.374608180790332
37 333 -0.456650048435364 -0.1803114932420622 0.088414922877984 0.6021950859742561 0.6093003883528848 0.7237632511057193 0.7854680822976309 0.9098770384366757 1.056867684080079 1.2160789635389968 1.4367554115103993
36 324 -0.47421885046090256 -0.17208571956498986 0.20500046289244667 0.42707525801591045 0.6253651883411759 0.6681427968373516 0.8076414236826959 0.9270305386822246 1.014672936261065 1.2937427635522796 1.3955292148583485
36 324 -0.4137659826032946 -0.11551304217934585 0.1462222072800206 0.5875556184213714 0.5106989858598879 0.7841850463800434 0.8277915194576256 0.9290959852210491 1.006726054427388 1.2398308822869388 1.42306157424773
37 333 -0.42887774279595225 -0.22634096718147825 0.08265795383561338 0.4208951485163894 0.6584311553096932 0.7175905691844634 0.8572407286795871 0.935262440361102 1.0146269891522728 1.0818951263653078 1.497327518583871
37 333 -0.14930296861406522 -0.0034888882339576006 0.2359138673318567 0.4111952309208617 0.5526347492527834 0.7965122166350049 0.8084658721707932 1.0161610968200276 1.02580734055446 1.2141962376499338 1.3591944224633479
37 333 -0.38228655741493345 -0.22840199464338173 0.09056465436786187 0.41975280836601947 0.6012756829383048 0.7390605925533356 0.7795538450078956 0.9597105998233896 1.017935912402871 1.279752784137097 1.374608180790332
38 342 -0.456650048435364 -0.1803114932420622 0.088414922877984 0.6021950859742561 0.6093003883528848 0.7237632511057193 0.7854680822976309 0.9098770384366757 1.056867684080079 1.2160789635389968 1.4367554115103993
37 333 -0.47421885046090256 -0.17208571956498986 0.20500046289244667 0.42707525801591045 0.6253651883411759 0.6681427968373516 0.8076414236826959 0.9270305386822246 1.014672936261065 1.2937427635522796 1.3955292148583485
37 333 -0.4137659826032946 -0.11551304217934585 0.1462222072800206 0.5875556184213714 0.5106989858598879 0.7841850463800434 0.8277915194576256 0.9290959852210491 1.006726054427388 1.2398308822869388 1.42306157424773
38 342 -0.42887774279595225 -0.22634096718147825 0.08265795383561338 0.4208951485163894 0.6584311553096932 0.7175905691844634 0.8572407286795871 0.935262440361102 1.0146269891522728 1.0818951263653078 1.497327518583871
38 342 -0.14930296861406522 -0.0034888882339576006 0.2359138673318567 0.4111952309208617 0.5526347492527834 0.7965122166350049 0.8084658721707932 1.0161610968200276 1.02580734055446 1.2141962376499338 1.3591944224633479
39 351 -0.456650048435364 -0.1803114932420622 0.088414922877984 0.6021950859742561 0.6093003883528848 0.7237632511057193 0.7854680822976309 0.9098770384366757 1.056867684080079 1.2160789635389968 1.4367554115103993
38 342 -0.38228655741493345 -0.22840199464338173 0.09056465436786187 0.41975280836601947 0.6012756829383048 0.7390605925533356 0.7795538450078956 0.9597105998233896 1.017935912402871 1.279752784137097 1.374608180790332
38 342 -0.47421885046090256 -0.17208571956498986 0.20500046289244667 0.42707525801591045 0.6253651883411759 0.6681427968373516 0.8076414236826959 0.9270305386822246 1.014672936261065 1.2937427635522796 1.3955292148583485
38 342 -0.4137659826032946 -0.11551304217934585 0.1462222072800206 0.5875556184213714 0.5106989858598879 0.7841850463800434 0.8277915194576256 0.9290959852210491 1.006726054427388 1.2398308822869388 1.42306157424773
39 351 -0.42887774279595225 -0.22634096718147825 0.08265795383561338 0.4208951485163894 0.6584311553096932 0.7175905691844634 0.8572407286795871 0.935262440361102 1.0146269891522728 1.0818951263653078 1.497327518583871
39 351 -0.14930296861406522 -0.0034888882339576006 0.2359138673318567 0.4111952309208617 0.5526347492527834 0.7965122166350049 0.8084658721707932 1.0161610968200276 1.02580734055446 1.2141962376499338 1.3591944224633479
40 360 -0.456650048435364 -0.1803114932420622 0.088414922877984 0.6021950859742561 0.6093003883528848 0.7237632511057193 0.7854680822976309 0.9098770384366757 1.056867684080079 1.2160789635389968 1.4367554115103993
39 351 -0.38228655741493345 -0.22840199464338173 0.09056465436786187 0.41975280836601947 0.6012756829383048 0.7390605925533356 0.7795538450078956 0.9597105998233896 1.017935912402871 1.279752784137097 1.374608180790332
39 351 -0.47421885046090256 -0.17208571956498986 0.20500046289244667 0.42707525801591045 0.6253651883411759 0.6681427968373516 0.8076414236826959 0.9270305386822246 1.014672936261065 1.2937427635522796 1.3955292148583485
39 351 -0.4137659826032946 -0.11551304217934585 0.1462222072800206 0.5875556184213714 0.5106989858598879 0.7841850463800434 0.8277915194576256 0.9290959852210491 1.006726054427388 1.2398308822869388 1.42306157424773
40 360 -0.42887774279595225 -0.22634096718147825 0.08265795383561338 0.4208951485163894 0.6584311553096932 0.7175905691844634 0.8572407286795871 0.935262440361102 1.0146269891522728 1.0818951263653078 1.497327518583871
40 360 -0.14930296861406522 -0.0034888882339576006 0.2359138673318567 0.4111952309208617 0.5526347492527834 0.7965122166350049 0.8084658721707932 1.0161610968200276 1.02580734055446 1.2141962376499338 1.3591944224633479
41 369 -0.456650048435364 -0.1803114932420622 0.088414922877984 0.6021950859742561 0.6093003883528848 0.7237632511057193 0.7854680822976309 0.9098770384366757 1.056867684080079 1.2160789635389968 1.4367554115103993
40 360 -0.38228655741493345 -0.22840199464338173 0.09056465436786187 0.41975280836601947 0.6012756829383048 0.7390605925533356 0.7795538450078956 0.9597105998233896 1.017935912402871 1.279752784137097 1.374608180790332
40 360 -0.4137659826032946 -0.11551304217934585 0.1462222072800206 0.5875556184213714 0.5106989858598879 0.7841850463800434 0.8277915194576256 0.9290959852210491 1.006726054427388 1.2398308822869388 1.42306157424773
40 360 -0.47421885046090256 -0.17208571956498986 0.20500046289244667 0.42707525801591045 0.6253651883411759 0.6681427968373516 0.8076414236826959 0.9270305386822246 1.014672936261065 1.2937427635522796 1.3955292148583485
41 369 -0.42887774279595225 -0.22634096718147825 0.08265795383561338 0.4208951485163894 0.6584311553096932 0.7175905691844634 0.8572407286795871 0.935262440361102 1.0146269891522728 1.0818951263653078 1.497327518583871
41 369 -0.14930296861406522 -0.0034888882339576006 0.2359138673318567 0.4111952309208617 0.5526347492527834 0.7965122166350049 0.8084658721707932 1.0161610968200276 1.02580734055446 1.2141962376499338 1.3591944224633479
42 378 -0.456650048435364 -0.1803114932420622 0.088414922877984 0.6021950859742561 0.6093003883528848 0.7237632511057193 0.7854680822976309 0.9098770384366757 1.056867684080079 1.2160789635389968 1.4367554115103993
41 369 -0.47421885046090256 -0.17208571956498986 0.20500046289244667 0.42707525801591045 0.6253651883411759 0.6681427968373516 0.8076414236826959 0.9270305386822246 1.014672936261065 1.2937427635522796 1.3955292148583485
41 369 -0.38228655741493345 -0.22840199464338173 0.09056465436786187 0.41975280836601947 0.6012756829383048 0.7390605925533356 0.7795538450078956 0.9597105998233896 1.017935912402871 1.279752784137097 1.374608180790332
41 369 -0.4137659826032946 -0.11551304217934585 0.1462222072800206 0.5875556184213714 0.5106989858598879 0.7841850463800434 0.8277915194576256 0.9290959852210491 1.006726054427388 1.2398308822869388 1.42306157424773
42 378 -0.42887774279595225 -0.22634096718147825 0.08265795383561338 0.4208951485163894 0.6584311553096932 0.7175905691844634 0.8572407286795871 0.935262440361102 1.0146269891522728 1.0818951263653078 1.497327518583871
42 378 -0.14930296861406522 -0.0034888882339576006 0.2359138673318567 0.4111952309208617 0.5526347492527834 0.7965122166350049 0.8084658721707932 1.0161610968200276 1.02580734055446 1.2141962376499338 1.3591944224633479
43 387 -0.43691091887943523 -0.15027163816175546 0.13930066233284638 0.6211936640241423 0.5718257561411708 0.7164532147410725 0.7889623784788417 0.9312104138516454 1.0324054352593286 1.1489310735358271 1.5113543699909784
42 378 -0.47421885046090256 -0.17208571956498986 0.20500046289244667 0.42707525801591045 0.6253651883411759 0.6681427968373516 0.8076414236826959 0.9270305386822246 1.014672936261065 1.2937427635522796 1.3955292148583485
42 378 -0.4137659826032946 -0.11551304217934585 0.1462222072800206 0.5875556184213714 0.5106989858598879 0.7841850463800434 0.8277915194576256 0.9290959852210491 1.006726054427388 1.2398308822869388 1.42306157424773
42 378 -0.38228655741493345 -0.22840199464338173 0.09056465436786187 0.41975280836601947 0.6012756829383048 0.7390605925533356 0.7795538450078956 0.9597105998233896 1.017935912402871 1.279752784137097 1.374608180790332
43 387 -0.4640597502495864 -0.22587047087057666 0.1611554724883165 0.409025576523497 0.6034095529130703 0.6936439722226939 0.7844277434585585 0.9048901452023417 1.009814435599717 1.275412132652978 1.440208522817643
43 387 -0.0778679637045084 0.03931145112153142 0.27156682819225497 0.34498883815755643 0.6238673399378414 0.7887511890556483 0.8809806278591241 0.9506384803384744 1.053096935827069 1.1383198239964774 1.3798679425970983
44 396 -0.43691091887943523 -0.15027163816175546 0.13930066233284638 0.6211936640241423 0.5718257561411708 0.7164532147410725 0.7889623784788417 0.9312104138516454 1.0324054352593286 1.1489310735358271 1.5113543699909784
43 387 -0.5620301984327165 -0.1354796375167427 0.17728327772265043 0.6729681728791972 0.4305855867609821 0.7085319611648558 0.8256869096045804 0.9203231895296972 1.0258479365936053 1.178813439949225 1.5303136121020504
43 387 -0.4776225858426747 -0.3181781851462968 0.07326262864784172 0.40838195177372305 0.5924490209094837 0.6404799931538206 0.6705813385876964 0.9523978826660674 1.093628522918822 1.3122241715372687 1.4014609715992539
43 387 -0.3983261650650006 -0.0814977341527173 0.1872712129660227 0.3817751730341094 0.5487214694949075 0.6697634495311066 0.7524234735159797 1.0193326823017848 1.0708905049614916 1.2901484630268065 1.3541978952922757
44 396 -0.4640597502495864 -0.22587047087057666 0.1611554724883165 0.409025576523497 0.6034095529130703 0.6936439722226939 0.7844277434585585 0.9048901452023417 1.009814435599717 1.275412132652978 1.440208522817643
44 396 -0.0778679637045084 0.03931145112153142 0.27156682819225497 0.34498883815755643 0.6238673399378414 0.7887511890556483 0.8809806278591241 0.9506384803384744 1.053096935827069 1.1383198239964774 1.3798679425970983
45 405 -0.43691091887943523 -0.15027163816175546 0.13930066233284638 0.6211936640241423 0.5718257561411708 0.7164532147410725 0.7889623784788417 0.9312104138516454 1.0324054352593286 1.1489310735358271 1.5113543699909784
44 396 -0.3983261650650006 -0.0814977341527173 0.1872712129660227 0.3817751730341094 0.5487214694949075 0.6697634495311066 0.7524234735159797 1.0193326823017848 1.0708905049614916 1.2901484630268065 1.3541978952922757
44 396 -0.4776225858426747 -0.3181781851462968 0.07326262864784172 0.40838195177372305 0.5924490209094837 0.6404799931538206 0.6705813385876964 0.9523978826660674 1.093628522918822 1.3122241715372687 1.4014609715992539
44 396 -0.5620301984327165 -0.1354796375167427 0.17728327772265043 0.6729681728791972 0.4305855867609821 0.7085319611648558 0.8256869096045804 0.9203231895296972 1.0258479365936053 1.178813439949225 1.5303136121020504
45 405 -0.4640597502495864 -0.22587047087057666 0.1611554724883165 0.409025576523497 0.6034095529130703 0.6936439722226939 0.7844277434585585 0.9048901452023417 1.009814435599717 1.275412132652978 1.440208522817643
45 405 -0.0778679637045084 0.03931145112153142 0.27156682819225497 0.34498883815755643 0.6238673399378414 0.7887511890556483 0.8809806278591241 0.9506384803384744 1.053096935827069 1.1383198239964774 1.3798679425970983
46 414 -0.43691091887943523 -0.15027163816175546 0.13930066233284638 0.6211936640241423 0.5718257561411708 0.7164532147410725 0.7889623784788417 0.9312104138516454 1.0324054352593286 1.1489310735358271 1.5113543699909784
45 405 -0.3983261650650006 -0.0814977341527173 0.1872712129660227 0.3817751730341094 0.5487214694949075 0.6697634495311066 0.7524234735159797 1.0193326823017848 1.0708905049614916 1.2901484630268065 1.3541978952922757
45 405 -0.4776225858426747 -0.3181781851462968 0.07326262864784172 0.40838195177372305 0.5924490209094837 0.6404799931538206 0.6705813385876964 0.9523978826660674 1.093628522918822 1.3122241715372687 1.4014609715992539
45 405 -0.5620301984327165 -0.1354796375167427 0.17728327772265043 0.6729681728791972 0.4305855867609821 0.7085319611648558 0.8256869096045804 0.9203231895296972 1.0258479365936053 1.178813439949225 1.5303136121020504
46 414 -0.4640597502495864 -0.22587047087057666 0.1611554724883165 0.409025576523497 0.6034095529130703 0.6936439722226939 0.7844277434585585 0.9048901452023417 1.009814435599717 1.275412132652978 1.440208522817643
46 414 -0.0778679637045084 0.03931145112153142 0.27156682819225497 0.34498883815755643 0.6238673399378414 0.7887511890556483 0.8809806278591241 0.9506384803384744 1.053096935827069 1.1383198239964774 1.3798679425970983
47 423 -0.43691091887943523 -0.15027163816175546 0.13930066233284638 0.6211936640241423 0.5718257561411708 0.7164532147410725 0.7889623784788417 0.9312104138516454 1.0324054352593286 1.1489310735358271 1.5113543699909784
46 414 -0.3983261650650006 -0.0814977341527173 0.1872712129660227 0.3817751730341094 0.5487214694949075 0.6697634495311066 0.7524234735159797 1.0193326823017848 1.0708905049614916 1.2901484630268065 1.3541978952922757
46 414 -0.4776225858426747 -0.3181781851462968 0.07326262864784172 0.40838195177372305 0.5924490209094837 0.6404799931538206 0.6705813385876964 0.9523978826660674 1.093628522918822 1.3122241715372687 1.4014609715992539
46 414 -0.5620301984327165 -0.1354796375167427 0.17728327772265043 0.6729681728791972 0.4305855867609821 0.7085319611648558 0.8256869096045804 0.9203231895296972 1.0258479365936053 1.178813439949225 1.5303136121020504
47 423 -0.4640597502495864 -0.22587047087057666 0.1611554724883165 0.409025576523497 0.6034095529130703 0.6936439722226939 0.7844277434585585 0.9048901452023417 1.009814435599717 1.275412132652978 1.440208522817643
47 423 -0.0778679637045084 0.03931145112153142 0.27156682819225497 0.34498883815755643 0.6238673399378414 0.7887511890556483 0.8809806278591241 0.9506384803384744 1.053096935827069 1.1383198239964774 1.3798679425970983
48 432 -0.43691091887943523 -0.15027163816175546 0.13930066233284638 0.6211936640241423 0.5718257561411708 0.7164532147410725 0.7889623784788417 0.9312104138516454 1.0324054352593286 1.1489310735358271 1.5113543699909784
47 423 -0.3983261650650006 -0.0814977341527173 0.1872712129660227 0.3817751730341094 0.5487214694949075 0.6697634495311066 0.7524234735159797 1.0193326823017848 1.0708905049614916 1.2901484630268065 1.3541978952922757
47 423 -0.4776225858426747 -0.3181781851462968 0.07326262864784172 0.40838195177372305 0.5924490209094837 0.6404799931538206 0.6705813385876964 0.9523978826660674 1.093628522918822 1.3122241715372687 1.4014609715992539
48 432 -0.4640597502495864 -0.22587047087057666 0.1611554724883165 0.409025576523497 0.6034095529130703 0.6936439722226939 0.7844277434585585 0.9048901452023417 1.009814435599717 1.275412132652978 1.440208522817643
47 423 -0.5620301984327165 -0.1354796375167427 0.17728327772265043 0.6729681728791972 0.4305855867609821 0.7085319611648558 0.8256869096045804 0.9203231895296972 1.0258479365936053 1.178813439949225 1.5303136121020504
48 432 -0.0778679637045084 0.03931145112153142 0.27156682819225497 0.34498883815755643 0.6238673399378414 0.7887511890556483 0.8809806278591241 0.9506384803384744 1.053096935827069 1.1383198239964774 1.3798679425970983
49 441 -0.43691091887943523 -0.15027163816175546 0.13930066233284638 0.6211936640241423 0.5718257561411708 0.7164532147410725 0.7889623784788417 0.9312104138516454 1.0324054352593286 1.1489310735358271 1.5113543699909784
48 432 -0.3983261650650006 -0.0814977341527173 0.1872712129660227 0.3817751730341094 0.5487214694949075 0.6697634495311066 0.7524234735159797 1.0193326823017848 1.0708905049614916 1.2901484630268065 1.3541978952922757
48 432 -0.4776225858426747 -0.3181781851462968 0.07326262864784172 0.40838195177372305 0.5924490209094837 0.6404799931538206 0.6705813385876964 0.9523978826660674 1.093628522918822 1.3122241715372687 1.4014609715992539
49 441 -0.4640597502495864 -0.22587047087057666 0.1611554724883165 0.409025576523497 0.6034095529130703 0.6936439722226939 0.7844277434585585 0.9048901452023417 1.009814435599717 1.275412132652978 1.440208522817643
49 441 -0.0778679637045084 0.03931145112153142 0.27156682819225497 0.34498883815755643 0.6238673399378414 0.7887511890556483 0.8809806278591241 0.9506384803384744 1.053096935827069 1.1383198239964774 1.3798679425970983
48 432 -0.5620301984327165 -0.1354796375167427 0.17728327772265043 0.6729681728791972 0.4305855867609821 0.7085319611648558 0.8256869096045804 0.9203231895296972 1.0258479365936053 1.178813439949225 1.5303136121020504
50 450 -0.4035760761819237 -0.24435408270049444 0.11489214060859458 0.6630918416290029 0.5445949240731885 0.656443230370423 0.8211812393562312 0.8988234224630576 1.0428213559950663 1.2196576625830833 1.4883666507009292
49 441 -0.3983261650650006 -0.0814977341527173 0.1872712129660227 0.3817751730341094 0.5487214694949075 0.6697634495311066 0.7524234735159797 1.0193326823017848 1.0708905049614916 1.2901484630268065 1.3541978952922757
49 441 -0.4776225858426747 -0.3181781851462968 0.07326262864784172 0.40838195177372305 0.5924490209094837 0.6404799931538206 0.6705813385876964 0.9523978826660674 1.093628522918822 1.3122241715372687 1.4014609715992539
50 450 -0.500667758678935 -0.23946692188868812 0.21594062859897895 0.5455289805512311 0.6074950330130825 0.6701347089227823 0.6879831036931715 0.8516306760980898 1.0023381797095263 1.2532970770688026 1.551721079134463
50 450 -0.15964056456675965 -0.04485503160207539 0.1719478313374136 0.3567889818633542 0.7027506814385837 0.8184432706138649 0.8541217177608873 0.8667426578108072 1.1511433078849518 1.1998953957025702 1.261207942009643
49 441 -0.5620301984327165 -0.1354796375167427 0.17728327772265043 0.6729681728791972 0.4305855867609821 0.7085319611648558 0.8256869096045804 0.9203231895296972 1.0258479365936053 1.178813439949225 1.5303136121020504
51 459 -0.4035760761819237 -0.24435408270049444 0.11489214060859458 0.6630918416290029 0.5445949240731885 0.656443230370423 0.8211812393562312 0.8988234224630576 1.0428213559950663 1.2196576625830833 1.4883666507009292
50 450 -0.4671851873257584 -0.08539823563734075 0.1911953887614521 0.6184381996998166 0.49270277455971695 0.5893966378629965 0.7534181142223737 0.9873932699742729 1.0323037150213143 1.2394447360455607 1.505123596596043
51 459 -0.15964056456675965 -0.04485503160207539 0.1719478313374136 0.3567889818633542 0.7027506814385837 0.8184432706138649 0.8541217177608873 0.8667426578108072 1.1511433078849518 1.1998953957025702 1.261207942009643
51 459 -0.500667758678935 -0.23946692188868812 0.21594062859897895 0.5455289805512311 0.6074950330130825 0.6701347089227823 0.6879831036931715 0.8516306760980898 1.0023381797095263 1.2532970770688026 1.551721079134463
50 450 -0.49366711052929 -0.28984730960180083 0.10623291837570853 0.42040619500261145 0.5888524690388784 0.6931230155314291 0.7589958474690833 0.8986074584582664 1.0178136594074396 1.2916027834778752 1.443980885819179
50 450 -0.6589063762628672 -0.09303861830771154 0.1649221264796979 0.577537311154037 0.4283700619359212 0.6742133705558953 0.8216459386591489 0.9855755758432501 1.071550994881936 1.1486440997658238 1.4992896165276202
52 468 -0.4035760761819237 -0.24435408270049444 0.11489214060859458 0.6630918416290029 0.5445949240731885 0.656443230370423 0.8211812393562312 0.8988234224630576 1.0428213559950663 1.2196576625830833 1.4883666507009292
51 459 -0.4671851873257584 -0.08539823563734075 0.1911953887614521 0.6184381996998166 0.49270277455971695 0.5893966378629965 0.7534181142223737 0.9873932699742729 1.0323037150213143 1.2394447360455607 1.505123596596043
52 468 -0.500667758678935 -0.23946692188868812 0.21594062859897895 0.5455289805512311 0.6074950330130825 0.6701347089227823 0.6879831036931715 0.8516306760980898 1.0023381797095263 1.2532970770688026 1.551721079134463
51 459 -0.49366711052929 -0.28984730960180083 0.10623291837570853 0.42040619500261145 0.5888524690388784 0.6931230155314291 0.7589958474690833 0.8986074584582664 1.0178136594074396 1.2916027834778752 1.443980885819179
52 468 -0.15964056456675965 -0.04485503160207539 0.1719478313374136 0.3567889818633542 0.7027506814385837 0.8184432706138649 0.8541217177608873 0.8667426578108072 1.1511433078849518 1.1998953957025702 1.261207942009643
51 459 -0.6589063762628672 -0.09303861830771154 0.1649221264796979 0.577537311154037 0.4283700619359212 0.6742133705558953 0.8216459386591489 0.9855755758432501 1.071550994881936 1.1486440997658238 1.4992896165276202
53 477 -0.4035760761819237 -0.24435408270049444 0.11489214060859458 0.6630918416290029 0.5445949240731885 0.656443230370423 0.8211812393562312 0.8988234224630576 1.0428213559950663 1.2196576625830833 1.4883666507009292
52 468 -0.4671851873257584 -0.08539823563734075 0.1911953887614521 0.6184381996998166 0.49270277455971695 0.5893966378629965 0.7534181142223737 0.9873932699742729 1.0323037150213143 1.2394447360455607 1.505123596596043
53 477 -0.500667758678935 -0.23946692188868812 0.21594062859897895 0.5455289805512311 0.6074950330130825 0.6701347089227823 0.6879831036931715 0.8516306760980898 1.0023381797095263 1.2532970770688026 1.551721079134463
53 477 -0.15964056456675965 -0.04485503160207539 0.1719478313374136 0.3567889818633542 0.7027506814385837 0.8184432706138649 0.8541217177608873 0.8667426578108072 1.1511433078849518 1.1998953957025702 1.261207942009643
52 468 -0.49366711052929 -0.28984730960180083 0.10623291837570853 0.42040619500261145 0.5888524690388784 0.6931230155314291 0.7589958474690833 0.8986074584582664 1.0178136594074396 1.2916027834778752 1.443980885819179
54 486 -0.4035760761819237 -0.24435408270049444 0.11489214060859458 0.6630918416290029 0.5445949240731885 0.656443230370423 0.8211812393562312 0.8988234224630576 1.0428213559950663 1.2196576625830833 1.4883666507009292
52 468 -0.6589063762628672 -0.09303861830771154 0.1649221264796979 0.577537311154037 0.4283700619359212 0.6742133705558953 0.8216459386591489 0.9855755758432501 1.071550994881936 1.1486440997658238 1.4992896165276202
53 477 -0.4671851873257584 -0.08539823563734075 0.1911953887614521 0.6184381996998166 0.49270277455971695 0.5893966378629965 0.7534181142223737 0.9873932699742729 1.0323037150213143 1.2394447360455607 1.505123596596043
54 486 -0.500667758678935 -0.23946692188868812 0.21594062859897895 0.5455289805512311 0.6074950330130825 0.6701347089227823 0.6879831036931715 0.8516306760980898 1.0023381797095263 1.2532970770688026 1.551721079134463
54 486 -0.15964056456675965 -0.04485503160207539 0.1719478313374136 0.3567889818633542 0.7027506814385837 0.8184432706138649 0.8541217177608873 0.8667426578108072 1.1511433078849518 1.1998953957025702 1.261207942009643
53 477 -0.49366711052929 -0.28984730960180083 0.10623291837570853 0.42040619500261145 0.5888524690388784 0.6931230155314291 0.7589958474690833 0.8986074584582664 1.0178136594074396 1.2916027834778752 1.443980885819179
55 495 -0.4035760761819237 -0.24435408270049444 0.11489214060859458 0.6630918416290029 0.5445949240731885 0.656443230370423 0.8211812393562312 0.8988234224630576 1.0428213559950663 1.2196576625830833 1.4883666507009292
53 477 -0.6589063762628672 -0.09303861830771154 0.1649221264796979 0.577537311154037 0.4283700619359212 0.6742133705558953 0.8216459386591489 0.9855755758432501 1.071550994881936 1.1486440997658238 1.4992896165276202
54 486 -0.4671851873257584 -0.08539823563734075 0.1911953887614521 0.6184381996998166 0.49270277455971695 0.5893966378629965 0.7534181142223737 0.9873932699742729 1.0323037150213143 1.2394447360455607 1.505123596596043
55 495 -0.500667758678935 -0.23946692188868812 0.21594062859897895 0.5455289805512311 0.6074950330130825 0.6701347089227823 0.6879831036931715 0.8516306760980898 1.0023381797095263 1.2532970770688026 1.551721079134463
55 495 -0.15964056456675965 -0.04485503160207539 0.1719478313374136 0.3567889818633542 0.7027506814385837 0.8184432706138649 0.8541217177608873 0.8667426578108072 1.1511433078849518 1.1998953957025702 1.261207942009643
54 486 -0.49366711052929 -0.28984730960180083 0.10623291837570853 0.42040619500261145 0.5888524690388784 0.6931230155314291 0.7589958474690833 0.8986074584582664 1.0178136594074396 1.2916027834778752 1.443980885819179
56 504 -0.4035760761819237 -0.24435408270049444 0.11489214060859458 0.6630918416290029 0.5445949240731885 0.656443230370423 0.8211812393562312 0.8988234224630576 1.0428213559950663 1.2196576625830833 1.4883666507009292
54 486 -0.6589063762628672 -0.09303861830771154 0.1649221264796979 0.577537311154037 0.4283700619359212 0.6742133705558953 0.8216459386591489 0.9855755758432501 1.071550994881936 1.1486440997658238 1.4992896165276202
55 495 -0.4671851873257584 -0.08539823563734075 0.1911953887614521 0.6184381996998166 0.49270277455971695 0.5893966378629965 0.7534181142223737 0.9873932699742729 1.0323037150213143 1.2394447360455607 1.505123596596043
56 504 -0.500667758678935 -0.23946692188868812 0.21594062859897895 0.5455289805512311 0.6074950330130825 0.6701347089227823 0.6879831036931715 0.8516306760980898 1.0023381797095263 1.2532970770688026 1.551721079134463
56 504 -0.15964056456675965 -0.04485503160207539 0.1719478313374136 0.3567889818633542 0.7027506814385837 0.8184432706138649 0.8541217177608873 0.8667426578108072 1.1511433078849518 1.1998953957025702 1.261207942009643
55 495 -0.49366711052929 -0.28984730960180083 0.10623291837570853 0.42040619500261145 0.5888524690388784 0.6931230155314291 0.7589958474690833 0.8986074584582664 1.0178136594074396 1.2916027834778752 1.443980885819179
57 513 -0.46045712573908476 -0.14447316781284147 0.06195452762053656 0.5613618625660226 0.5764601421000461 0.6321025670926728 0.8422604142464776 0.9729546330089938 0.9992995088902495 1.1851417735754288 1.4862490349879882
55 495 -0.6589063762628672 -0.09303861830771154 0.1649221264796979 0.577537311154037 0.4283700619359212 0.6742133705558953 0.8216459386591489 0.9855755758432501 1.071550994881936 1.1486440997658238 1.4992896165276202
56 504 -0.4671851873257584 -0.08539823563734075 0.1911953887614521 0.6184381996998166 0.49270277455971695 0.5893966378629965 0.7534181142223737 0.9873932699742729 1.0323037150213143 1.2394447360455607 1.505123596596043
57 513 -0.4064787844326504 -0.13988579846448573 0.2459941983226917 0.4047055598714648 0.6420762425536077 0.6913737625341503 0.73921556823096 0.8328754088201039 1.031918454667211 1.2395574586458395 1.506074674751567
57 513 -0.19129003640609307 -0.10849512702668693 0.09739001015541339 0.28640343068748575 0.7559029280356319 0.8043754084955884 0.8861854451564752 1.003334335191763 1.0470206580051102 1.1370963579531415 1.2650478839368429
58 522 -0.46045712573908476 -0.14447316781284147 0.06195452762053656 0.5613618625660226 0.5764601421000461 0.6321025670926728 0.8422604142464776 0.9729546330089938 0.9992995088902495 1.1851417735754288 1.4862490349879882
56 504 -0.49366711052929 -0.28984730960180083 0.10623291837570853 0.42040619500261145 0.5888524690388784 0.6931230155314291 0.7589958474690833 0.8986074584582664 1.0178136594074396 1.2916027834778752 1.443980885819179
56 504 -0.6589063762628672 -0.09303861830771154 0.1649221264796979 0.577537311154037 0.4283700619359212 0.6742133705558953 0.8216459386591489 0.9855755758432501 1.071550994881936 1.1486440997658238 1.4992896165276202
57 513 -0.4318152825669578 -0.045842629669854286 0.16665139600872503 0.5705828064884675 0.5339136340002623 0.5642443350427447 0.8578377100073926 0.9755884468298364 1.0571466720524905 1.3052358302046503 1.373938335159387
58 522 -0.4064787844326504 -0.13988579846448573 0.2459941983226917 0.4047055598714648 0.6420762425536077 0.6913737625341503 0.73921556823096 0.8328754088201039 1.031918454667211 1.2395574586458395 1.506074674751567
58 522 -0.19129003640609307 -0.10849512702668693 0.09739001015541339 0.28640343068748575 0.7559029280356319 0.8043754084955884 0.8861854451564752 1.003334335191763 1.0470206580051102 1.1370963579531415 1.2650478839368429
59 531 -0.46045712573908476 -0.14447316781284147 0.06195452762053656 0.5613618625660226 0.5764601421000461 0.6321025670926728 0.8422604142464776 0.9729546330089938 0.9992995088902495 1.1851417735754288 1.4862490349879882
57 513 -0.585209008636371 -0.2783634682347464 0.07812900767993018 0.49211400891964213 0.4991660979814502 0.6435403971791499 0.748055525173854 0.9077806909132401 0.9952019440671976 1.3070706440903532 1.50139119957742
57 513 -0.6047548364655699 -0.10224449505919078 0.1366630802869818 0.5136440317473927 0.3983299422624614 0.6717771205470828 0.833153214266027 1.0505061569672816 1.0904346704736527 1.1632472839991599 1.4318342358095335
58 522 -0.4318152825669578 -0.045842629669854286 0.16665139600872503 0.5705828064884675 0.5339136340002623 0.5642443350427447 0.8578377100073926 0.9755884468298364 1.0571466720524905 1.3052358302046503 1.373938335159387
59 531 -0.4064787844326504 -0.13988579846448573 0.2459941983226917 0.4047055598714648 0.6420762425536077 0.6913737625341503 0.73921556823096 0.8328754088201039 1.031918454667211 1.2395574586458395 1.506074674751567
59 531 -0.19129003640609307 -0.10849512702668693 0.09739001015541339 0.28640343068748575 0.7559029280356319 0.8043754084955884 0.8861854451564752 1.003334335191763 1.0470206580051102 1.1370963579531415 1.2650478839368429
60 540 -0.46045712573908476 -0.14447316781284147 0.06195452762053656 0.5613618625660226 0.5764601421000461 0.6321025670926728 0.8422604142464776 0.9729546330089938 0.9992995088902495 1.1851417735754288 1.4862490349879882
58 522 -0.585209008636371 -0.2783634682347464 0.07812900767993018 0.49211400891964213 0.4991660979814502 0.6435403971791499 0.748055525173854 0.9077806909132401 0.9952019440671976 1.3070706440903532 1.50139119957742
58 522 -0.6047548364655699 -0.10224449505919078 0.1366630802869818 0.5136440317473927 0.3983299422624614 0.6717771205470828 0.833153214266027 1.0505061569672816 1.0904346704736527 1.1632472839991599 1.4318342358095335
59 531 -0.4318152825669578 -0.045842629669854286 0.16665139600872503 0.5705828064884675 0.5339136340002623 0.5642443350427447 0.8578377100073926 0.9755884468298364 1.0571466720524905 1.3052358302046503 1.373938335159387
60 540 -0.4064787844326504 -0.13988579846448573 0.2459941983226917 0.4047055598714648 0.6420762425536077 0.6913737625341503 0.73921556823096 0.8328754088201039 1.031918454667211 1.2395574586458395 1.506074674751567
60 540 -0.19129003640609307 -0.10849512702668693 0.09739001015541339 0.28640343068748575 0.7559029280356319 0.8043754084955884 0.8861854451564752 1.003334335191763 1.0470206580051102 1.1370963579531415 1.2650478839368429
61 549 -0.46045712573908476 -0.14447316781284147 0.06195452762053656 0.5613618625660226 0.5764601421000461 0.6321025670926728 0.8422604142464776 0.9729546330089938 0.9992995088902495 1.1851417735754288 1.4862490349879882
59 531 -0.585209008636371 -0.2783634682347464 0.07812900767993018 0.49211400891964213 0.4991660979814502 0.6435403971791499 0.748055525173854 0.9077806909132401 0.9952019440671976 1.3070706440903532 1.50139119957742
59 531 -0.6047548364655699 -0.10224449505919078 0.1366630802869818 0.5136440317473927 0.3983299422624614 0.6717771205470828 0.833153214266027 1.0505061569672816 1.0904346704736527 1.1632472839991599 1.4318342358095335
60 540 -0.4318152825669578 -0.045842629669854286 0.16665139600872503 0.5705828064884675 0.5339136340002623 0.5642443350427447 0.8578377100073926 0.9755884468298364 1.0571466720524905 1.3052358302046503 1.373938335159387
61 549 -0.4064787844326504 -0.13988579846448573 0.2459941983226917 0.4047055598714648 0.6420762425536077 0.6913737625341503 0.73921556823096 0.8328754088201039 1.031918454667211 1.2395574586458395 1.506074674751567
61 549 -0.19129003640609307 -0.10849512702668693 0.09739001015541339 0.28640343068748575 0.7559029280356319 0.8043754084955884 0.8861854451564752 1.003334335191763 1.0470206580051102 1.1370963579531415 1.2650478839368429
62 558 -0.46045712573908476 -0.14447316781284147 0.06195452762053656 0.5613618625660226 0.5764601421000461 0.6321025670926728 0.8422604142464776 0.9729546330089938 0.9992995088902495 1.1851417735754288 1.4862490349879882
60 540 -0.585209008636371 -0.2783634682347464 0.07812900767993018 0.49211400891964213 0.4991660979814502 0.6435403971791499 0.748055525173854 0.9077806909132401 0.9952019440671976 1.3070706440903532 1.50139119957742
60 540 -0.6047548364655699 -0.10224449505919078 0.1366630802869818 0.5136440317473927 0.3983299422624614 0.6717771205470828 0.833153214266027 1.0505061569672816 1.0904346704736527 1.1632472839991599 1.4318342358095335
61 549 -0.4318152825669578 -0.045842629669854286 0.16665139600872503 0.5705828064884675 0.5339136340002623 0.5642443350427447 0.8578377100073926 0.9755884468298364 1.0571466720524905 1.3052358302046503 1.373938335159387
62 558 -0.4064787844326504 -0.13988579846448573 0.2459941983226917 0.4047055598714648 0.6420762425536077 0.6913737625341503 0.73921556823096 0.8328754088201039 1.031918454667211 1.2395574586458395 1.506074674751567
62 558 -0.19129003640609307 -0.10849512702668693 0.09739001015541339 0.28640343068748575 0.7559029280356319 0.8043754084955884 0.8861854451564752 1.003334335191763 1.0470206580051102 1.1370963579531415 1.2650478839368429
63 567 -0.46045712573908476 -0.14447316781284147 0.06195452762053656 0.5613618625660226 0.5764601421000461 0.6321025670926728 0.8422604142464776 0.9729546330089938 0.9992995088902495 1.1851417735754288 1.4862490349879882
61 549 -0.585209008636371 -0.2783634682347464 0.07812900767993018 0.49211400891964213 0.4991660979814502 0.6435403971791499 0.748055525173854 0.9077806909132401 0.9952019440671976 1.3070706440903532 1.50139119957742
61 549 -0.6047548364655699 -0.10224449505919078 0.1366630802869818 0.5136440317473927 0.3983299422624614 0.6717771205470828 0.833153214266027 1.0505061569672816 1.0904346704736527 1.1632472839991599 1.4318342358095335
62 558 -0.4318152825669578 -0.045842629669854286 0.16665139600872503 0.5705828064884675 0.5339136340002623 0.5642443350427447 0.8578377100073926 0.9755884468298364 1.0571466720524905 1.3052358302046503 1.373938335159387
63 567 -0.4064787844326504 -0.13988579846448573 0.2459941983226917 0.4047055598714648 0.6420762425536077 0.6913737625341503 0.73921556823096 0.8328754088201039 1.031918454667211 1.2395574586458395 1.506074674751567
63 567 -0.19129003640609307 -0.10849512702668693 0.09739001015541339 0.28640343068748575 0.7559029280356319 0.8043754084955884 0.8861854451564752 1.003334335191763 1.0470206580051102 1.1370963579531415 1.2650478839368429
64 576 -0.5765826887113388 -0.16333504900748785 0.1605909101317775 0.6501484032978271 0.424808167196542 0.6462461489621415 0.8769080274130199 0.9436365074615132 1.0373167740730973 1.1707179291212626 1.51521610007938
62 558 -0.585209008636371 -0.2783634682347464 0.07812900767993018 0.49211400891964213 0.4991660979814502 0.6435403971791499 0.748055525173854 0.9077806909132401 0.9952019440671976 1.3070706440903532 1.50139119957742
62 558 -0.6047548364655699 -0.10224449505919078 0.1366630802869818 0.5136440317473927 0.3983299422624614 0.6717771205470828 0.833153214266027 1.0505061569672816 1.0904346704736527 1.1632472839991599 1.4318342358095335
63 567 -0.4318152825669578 -0.045842629669854286 0.16665139600872503 0.5705828064884675 0.5339136340002623 0.5642443350427447 0.8578377100073926 0.9755884468298364 1.0571466720524905 1.3052358302046503 1.373938335159387
64 576 -0.3953808040009144 -0.165875570462253 0.18685119645948162 0.4783042742805057 0.5975719831292243 0.6648722432113331 0.7758021454926388 0.9348868751177024 0.9814780932566758 1.290179037499409 1.4481398380757808
65 585 -0.5765826887113388 -0.16333504900748785 0.1605909101317775 0.6501484032978271 0.424808167196542 0.6462461489621415 0.8769080274130199 0.9436365074615132 1.0373167740730973 1.1707179291212626 1.51521610007938
64 576 -0.38558772347811554 -0.17874348377014937 0.10579177576897794 0.4804223053034545 0.5858676409353213 0.769386490882515 0.8687642911264678 0.9140052366466316 1.019795483274658 1.2013995828804354 1.4111352817309035
63 567 -0.585209008636371 -0.2783634682347464 0.07812900767993018 0.49211400891964213 0.4991660979814502 0.6435403971791499 0.748055525173854 0.9077806909132401 0.9952019440671976 1.3070706440903532 1.50139119957742
63 567 -0.6047548364655699 -0.10224449505919078 0.1366630802869818 0.5136440317473927 0.3983299422624614 0.6717771205470828 0.833153214266027 1.0505061569672816 1.0904346704736527 1.1632472839991599 1.4318342358095335
64 576 -0.5393121848891401 -0.028823460595263382 0.13954478885488303 0.5371796798262995 0.4284431506793605 0.6687214088247726 0.8624872123435555 0.9972133833559255 1.1165236242180734 1.2511018286411115 1.3487211096252731
65 585 -0.3953808040009144 -0.165875570462253 0.18685119645948162 0.4783042742805057 0.5975719831292243 0.6648722432113331 0.7758021454926388 0.9348868751177024 0.9814780932566758 1.290179037499409 1.4481398380757808
66 594 -0.5765826887113388 -0.16333504900748785 0.1605909101317775 0.6501484032978271 0.424808167196542 0.6462461489621415 0.8769080274130199 0.9436365074615132 1.0373167740730973 1.1707179291212626 1.51521610007938
65 585 -0.38558772347811554 -0.17874348377014937 0.10579177576897794 0.4804223053034545 0.5858676409353213 0.769386490882515 0.8687642911264678 0.9140052366466316 1.019795483274658 1.2013995828804354 1.4111352817309035
64 576 -0.611238446533621 -0.3368988027686505 0.16829116950991438 0.46237449870524644 0.43284923807203934 0.6095595518149887 0.7117032100240758 0.8422758147763734 0.9531735332891021 1.3605645197468528 1.5701761320370955
64 576 -0.7016890056447791 -0.11095700171573522 0.08628946074037959 0.4771399755092458 0.37933875392073907 0.6795715121595971 0.881099391484532 0.9993952061072777 1.0516676212214913 1.2223621101181923 1.4209095116129284
65 585 -0.5393121848891401 -0.028823460595263382 0.13954478885488303 0.5371796798262995 0.4284431506793605 0.6687214088247726 0.8624872123435555 0.9972133833559255 1.1165236242180734 1.2511018286411115 1.3487211096252731
66 594 -0.3953808040009144 -0.165875570462253 0.18685119645948162 0.4783042742805057 0.5975719831292243 0.6648722432113331 0.7758021454926388 0.9348868751177024 0.9814780932566758 1.290179037499409 1.4481398380757808
67 603 -0.5765826887113388 -0.16333504900748785 0.1605909101317775 0.6501484032978271 0.424808167196542 0.6462461489621415 0.8769080274130199 0.9436365074615132 1.0373167740730973 1.1707179291212626 1.51521610007938
66 594 -0.38558772347811554 -0.17874348377014937 0.10579177576897794 0.4804223053034545 0.5858676409353213 0.769386490882515 0.8687642911264678 0.9140052366466316 1.019795483274658 1.2013995828804354 1.4111352817309035
67 603 -0.5765826887113388 -0.16333504900748785 0.1605909101317775 0.6501484032978271 0.424808167196542 0.6462461489621415 0.8769080274130199 0.9436365074615132 1.0373167740730973 1.1707179291212626 1.51521610007938
65 585 -0.611238446533621 -0.3368988027686505 0.16829116950991438 0.46237449870524644 0.43284923807203934 0.6095595518149887 0.7117032100240758 0.8422758147763734 0.9531735332891021 1.3605645197468528 1.5701761320370955
65 585 -0.7016890056447791 -0.11095700171573522 0.08628946074037959 0.4771399755092458 0.37933875392073907 0.6795715121595971 0.881099391484532 0.9993952061072777 1.0516676212214913 1.2223621101181923 1.4209095116129284
66 594 -0.5393121848891401 -0.028823460595263382 0.13954478885488303 0.5371796798262995 0.4284431506793605 0.6687214088247726 0.8624872123435555 0.9972133833559255 1.1165236242180734 1.2511018286411115 1.3487211096252731
67 603 -0.3953808040009144 -0.165875570462253 0.18685119645948162 0.4783042742805057 0.5975719831292243 0.6648722432113331 0.7758021454926388 0.9348868751177024 0.9814780932566758 1.290179037499409 1.4481398380757808
67 603 -0.38558772347811554 -0.17874348377014937 0.10579177576897794 0.4804223053034545 0.5858676409353213 0.769386490882515 0.8687642911264678 0.9140052366466316 1.019795483274658 1.2013995828804354 1.4111352817309035
67 603 -0.3953808040009144 -0.165875570462253 0.18685119645948162 0.4783042742805057 0.5975719831292243 0.6648722432113331 0.7758021454926388 0.9348868751177024 0.9814780932566758 1.290179037499409 1.4481398380757808
66 594 -0.611238446533621 -0.3368988027686505 0.16829116950991438 0.46237449870524644 0.43284923807203934 0.6095595518149887 0.7117032100240758 0.8422758147763734 0.9531735332891021 1.3605645197468528 1.5701761320370955
67 603 -0.38558772347811554 -0.17874348377014937 0.10579177576897794 0.4804223053034545 0.5858676409353213 0.769386490882515 0.8687642911264678 0.9140052366466316 1.019795483274658 1.2013995828804354 1.4111352817309035
66 594 -0.7016890056447791 -0.11095700171573522 0.08628946074037959 0.4771399755092458 0.37933875392073907 0.6795715121595971 0.881099391484532 0.9993952061072777 1.0516676212214913 1.2223621101181923 1.4209095116129284
67 603 -0.5393121848891401 -0.028823460595263382 0.13954478885488303 0.5371796798262995 0.4284431506793605 0.6687214088247726 0.8624872123435555 0.9972133833559255 1.1165236242180734 1.2511018286411115 1.3487211096252731
67 603 -0.5393121848891401 -0.028823460595263382 0.13954478885488303 0.5371796798262995 0.4284431506793605 0.6687214088247726 0.8624872123435555 0.9972133833559255 1.1165236242180734 1.2511018286411115 1.3487211096252731
67 603 -0.611238446533621 -0.3368988027686505 0.16829116950991438 0.46237449870524644 0.43284923807203934 0.6095595518149887 0.7117032100240758 0.8422758147763734 0.9531735332891021 1.3605645197468528 1.5701761320370955
67 603 -0.611238446533621 -0.3368988027686505 0.16829116950991438 0.46237449870524644 0.43284923807203934 0.6095595518149887 0.7117032100240758 0.8422758147763734 0.9531735332891021 1.3605645197468528 1.5701761320370955
67 603 -0.7016890056447791 -0.11095700171573522 0.08628946074037959 0.4771399755092458 0.37933875392073907 0.6795715121595971 0.881099391484532 0.9993952061072777 1.0516676212214913 1.2223621101181923 1.4209095116129284
67 603 -0.7016890056447791 -0.11095700171573522 0.08628946074037959 0.4771399755092458 0.37933875392073907 0.6795715121595971 0.881099391484532 0.9993952061072777 1.0516676212214913 1.2223621101181923 1.4209095116129284
