% # columns="iteration, evaluation, sigma, axis ratio, bestever, best, median, worst objective function value, interquartile range, 25%tile, current best feasible f-value, elapsed wallclock time [s], further/more values", seed=2567, Fri Aug 28 18:40:49 2026, <python>{}</python>
1 9 0.9449729899729059 1.0000428580612375 2.025368369296442 2.0253683692964422e+00 43.13165146157941 52.99349590360105 36.90016184640369 15.208508116467694 nan 0.1   
1 9 0.9449729899729059 1.0000428580612375 2.025321879474882 2.0253218794748822e+00 43.131619860728186 53.00591832284641 36.933769454515485 15.208605369569554 nan 0.1   
1 9 0.9449729899729058 1.0000428580612375 2.0253737902164715 2.0253737902164715e+00 43.131661305074054 52.99947659329419 36.92208976732338 15.208595706223344 nan 0.1   
1 9 0.944972989972906 1.0000428580612375 2.025498415864554 2.0254984158645541e+00 43.1318660156626 53.01440568459934 36.96564643180734 15.20855847016346 nan 0.1   
1 9 0.9449729899729059 1.0000428580612375 2.025375636179929 2.0253756361799291e+00 43.13172958342292 52.99929462431163 36.85822262490191 15.208475591151563 nan 0.1   
1 9 0.9449729899729059 1.0000428580612375 2.0252523347171265 2.0252523347171265e+00 43.1316453975176 53.15751602968868 36.90807972344682 15.208677706541433 nan 0.1   
2 18 0.9087555735421704 1.2724878644452697 1.811625463221115 1.8116254632211151e+00 43.44999613328373 49.8822593935287 41.64106362017063 6.897515498854911 nan 0.3   
2 18 0.9087555735421707 1.2724878644452697 1.8118748450757642 1.8118748450757642e+00 43.449885205069485 49.88227153835343 41.6408855465303 6.897841078515497 nan 0.3   
2 18 0.9087555735421707 1.2724878644452697 1.8118342828049316 1.8118342828049316e+00 43.449917964014745 49.88225574620945 41.640966514955664 6.897749533549725 nan 0.3   
2 18 0.9087555735421708 1.27248786444527 1.8118168830404153 1.8118168830404153e+00 43.449817838404066 49.8822255403326 41.64160765866173 6.8970090422004215 nan 0.3   
2 18 0.908755573542171 1.2724878644452697 1.811837117543569 1.8118371175435690e+00 43.44987747353196 49.882370918665316 41.64090655696907 6.89775038010983 nan 0.3   
2 18 0.9087555735421712 1.27248786444527 1.811745387811183 1.8117453878111831e+00 43.449999196553684 49.88240297292358 41.63524930205607 6.903366887613982 nan 0.3   
3 27 0.892906449470062 1.4334156399117401 1.738595917357594 1.7385959173575940e+00 29.715528095891155 48.32713151702861 19.396503997190464 14.902570120319098 nan 0.3   
3 27 0.8929064494700618 1.4334156399117404 1.738601977111332 1.7386019771113319e+00 29.715638999275267 48.32681887777854 19.396540692424484 14.902540553325363 nan 0.3   
3 27 0.8929064494700621 1.4334156399117408 1.7386075670363976 1.7386075670363976e+00 29.715466242876314 48.32407721814943 19.396320387731613 14.902493723150343 nan 0.3   
3 27 0.8929064494700619 1.43341563991174 1.7383585523791598 1.7383585523791598e+00 29.715655298455644 48.332359386581054 19.396323258674702 14.902539265992342 nan 0.3   
3 27 0.8929064494700624 1.4334156399117404 1.7384791032562985 1.7384791032562985e+00 29.715527381634487 48.357830393995016 19.39634968450438 14.90257822349124 nan 0.3   
3 27 0.8929064494700617 1.4334156399117395 1.7386529568965876 1.7386529568965876e+00 29.7156092578615 48.32711069079131 19.396610581109485 14.902546786122562 nan 0.3   
4 36 0.9107936243491093 1.4600489835588812 0.0037532641444159897 3.7532641444159897e-03 2.0992251395013115 6.89193976308563 3.7980329089219946 0.8368671230653337 nan 0.4   
4 36 0.9107936243491095 1.460048983558882 0.0038456938828706233 3.8456938828706233e-03 2.0995680120115 6.891895964137247 3.807328578483685 0.8276522003669851 nan 0.4   
4 36 0.9107936243491096 1.4600489835588817 0.003826892393687834 3.8268923936878342e-03 2.0993295938696517 6.89208727274423 3.806656881623023 0.8283520271514029 nan 0.4   
4 36 0.9107936243491087 1.460048983558881 0.003910396562678827 3.9103965626788272e-03 2.0996188737352495 6.891921857278821 3.8011834254496506 0.8338393141921816 nan 0.4   
4 36 0.9107936243491088 1.4600489835588815 0.0038930556951923237 3.8930556951923237e-03 2.099459420464576 6.892049317812423 3.806711733321583 0.8283579006010999 nan 0.4   
4 36 0.9107936243491089 1.4600489835588815 0.003892500714880741 3.8925007148807411e-03 2.099541659097876 6.891905736735719 3.8003953387227374 0.8346004827828425 nan 0.4   
5 45 0.9600110149980424 1.472226119710716 0.002713985797958862 2.7139857979588621e-03 7.772563122476272 32.63926709291993 19.246411242226703 0.8542805605224728 nan 0.5   
5 45 0.9600110149980415 1.4722261197107163 0.0027827026675217724 2.7827026675217724e-03 7.772533324415952 32.63914296727869 19.24628723014264 0.8542884053341416 nan 0.5   
5 45 0.9600110149980414 1.472226119710716 0.0027327197709118194 2.7327197709118194e-03 7.772558578733246 32.64292560720479 19.246227402786086 0.8544668571780263 nan 0.5   
5 45 0.9600110149980426 1.4722261197107165 0.0027016690149981293 2.7016690149981293e-03 7.772488973586478 32.629702486415226 19.246243720415897 0.8543088275124417 nan 0.5   
5 45 0.9600110149980423 1.472226119710716 0.002679257487813974 2.6792574878139741e-03 7.772532138901399 32.63868601802069 19.246315391962955 0.8542559072416324 nan 0.5   
5 45 0.9600110149980416 1.4722261197107163 0.002714605231673582 2.7146052316735819e-03 7.77256215707874 32.63447952232048 19.24624515194372 0.8544840076946898 nan 0.5   
6 54 1.046901611262995 1.5921340477818795 0.0027016690149981293 1.7297337393305884e-01 2.297787409069895 14.955891069362211 2.8675593481227803 0.9082310057480926 nan 0.5   
6 54 1.0469016112629943 1.59213404778188 0.002713985797958862 1.7297108172505807e-01 2.297836636991836 14.95621881937035 2.867442963324679 0.9082606386182459 nan 0.5   
6 54 1.0469016112629932 1.5921340477818788 0.0027827026675217724 1.7291742799230025e-01 2.2978047934692767 14.959852989814195 2.8676263221577196 0.9082257973165645 nan 0.5   
6 54 1.0469016112629939 1.5921340477818786 0.002679257487813974 1.7285555733391805e-01 2.2977697698328883 14.957909840647195 2.8675603153900413 0.9082528866716115 nan 0.5   
6 54 1.0469016112629932 1.592134047781879 0.0027327197709118194 1.7294414433611210e-01 2.297878943547417 14.956240325131562 2.867476895871908 0.9083531537725825 nan 0.5   
6 54 1.0469016112629934 1.5921340477818795 0.002714605231673582 1.7293733226869346e-01 2.2978889803398275 14.956267597948834 2.8674202574841345 0.9083816503195001 nan 0.5   
7 63 0.9808150963897805 1.7152660650392346 0.0011010923631473953 1.1010923631473953e-03 1.6747724979872847 36.3075045314963 3.598073462205408 0.003608350796446185 nan 0.6   
7 63 0.9808150963897795 1.715266065039235 0.0012173268944415624 1.2173268944415624e-03 1.6748263580758709 36.29423279564198 3.6117986212799758 0.0034765306140750636 nan 0.6   
7 63 0.9808150963897788 1.7152660650392348 0.0011331586969310437 1.1331586969310437e-03 1.674805390688571 36.29811745465806 3.6901167819552767 0.0035680360927908194 nan 0.6   
7 63 0.9808150963897785 1.7152660650392355 0.001132505133747841 1.1325051337478409e-03 1.674840952838551 36.294387370743976 3.600359211376095 0.0036314598639026773 nan 0.6   
7 63 0.980815096389779 1.715266065039236 0.001121207237280696 1.1212072372806959e-03 1.6748412474033878 36.294328974824005 3.6002081746094623 0.0036334140250878773 nan 0.6   
7 63 0.9808150963897795 1.7152660650392362 0.001000015950892935 1.0000159508929351e-03 1.674809716603891 36.29427732539834 3.6002990853532335 0.0036400098375082776 nan 0.6   
8 72 0.9955610830343333 1.7845364948700442 0.0012173268944415624 2.0511269298034412e-03 0.31153239000412924 19.488884893904252 0.8889718715495878 0.002591232703694897 nan 0.7   
8 72 0.9439356079277089 1.784536494870045 0.0009436451647239491 9.4364516472394912e-04 0.3116265080239795 19.48906168609468 0.9141960475966123 0.002525285280987413 nan 0.7   
8 72 0.9439356079277104 1.784536494870045 0.0009856952923083795 9.8569529230837952e-04 0.31176469465824547 19.633364691040825 0.9695010240160624 0.0026205374136960813 nan 0.7   
8 72 0.9439356079277094 1.7845364948700453 0.0008398521011169491 8.3985210111694911e-04 0.31170480432419195 19.488871316577104 0.8890729860702752 0.002615975002620155 nan 0.7   
8 72 0.943935607927708 1.7845364948700455 0.0010020545938447965 1.0020545938447965e-03 0.31165459402822143 19.489055541247613 0.8892154288186376 0.002604895489258231 nan 0.7   
8 72 0.9439356079277089 1.7845364948700457 0.000960660673492494 9.6066067349249399e-04 0.3116385684657173 19.48887838344273 0.8890009204037549 0.0026060537569068958 nan 0.7   
9 81 0.965896639094801 1.691751563641731 0.0011135893916741945 1.1135893916741945e-03 2.359693575424507 36.5073439532806 4.714811801509503 1.1457698314169775 nan 0.7   
9 81 0.8206293312726286 1.729046649624887 0.0009436451647239491 1.5484559055081576e-03 3.5094928004655137 57.743200817799035 22.026329646021573 0.08979776755393577 nan 0.7   
9 81 0.8513798812064012 1.7439284547528058 0.0009856952923083795 1.0203305847734144e-03 1.0925479461071184 33.82300126907628 8.825879461976172 0.09190419102742776 nan 0.7   
9 81 0.8206293312726274 1.7290466496248877 0.0010020545938447965 1.6823861602226981e-03 3.6292785919662442 57.89869919783158 22.026712587303052 0.08953424130455004 nan 0.7   
9 81 0.8206293312726289 1.7290466496248882 0.0008398521011169491 1.6191882414496068e-03 3.6631978321281657 57.765481943763156 22.02650864060023 0.08963258726215917 nan 0.7   
9 81 0.8206293312726286 1.7290466496248884 0.000960660673492494 1.6683264107707355e-03 3.544403686469797 57.78809780217032 22.0267567905793 0.08944782847861932 nan 0.7   
10 90 0.7289711996298516 1.7143282635987116 0.0009436451647239491 1.3172103442981970e-03 0.09958086176448155 2.0436700630907096 0.9287631534269258 0.002330012259599066 nan 0.8   
10 90 0.8857070582603395 1.6875043034080834 0.0009318029648783378 9.3180296487833784e-04 0.8853702007269758 29.57356741001134 22.543236126077254 0.023458246346095467 nan 0.8   
10 90 0.7289711996298504 1.714328263598712 0.0010020545938447965 1.4133002682503990e-03 0.09958267142706789 2.04362775322281 0.9287390203667941 0.0024055232254099742 nan 0.8   
10 90 0.7289711996298519 1.7143282635987132 0.0008398521011169491 1.2601939761823363e-03 0.09967102643515315 2.043711204770214 0.9287813066761771 0.0023804903814409585 nan 0.8   
10 90 0.8078747559212417 1.7252169924624081 0.0009856952923083795 1.2229911375147286e-03 0.4217973681099759 3.875014437357185 2.5038162583656067 0.0018067368103712102 nan 0.8   
10 90 0.7289711996298516 1.7143282635987132 0.000960660673492494 1.3837273081843912e-03 0.09958575759903612 2.0436452563358523 0.928770906641334 0.0024106202319401793 nan 0.8   
11 99 0.8154028175505734 1.849227615264917 0.0009318029648783378 1.7807551043848586e-03 0.2738987578049984 23.117487806081954 0.7160315325204362 0.002551324531510154 nan 0.9   
11 99 0.658182954566088 1.7733510827204557 0.000960660673492494 1.2720248574673960e-03 0.14185916093927564 42.40998603712965 0.8388913518978703 0.0024255351909549397 nan 0.9   
11 99 0.6581829545660886 1.7733510827204548 0.0008398521011169491 1.3897221403395058e-03 0.14189858130235386 42.43740426024128 0.8389748857560316 0.0023642121662267534 nan 0.9   
11 99 0.6581829545660882 1.7733510827204542 0.0009436451647239491 1.3062557188633671e-03 0.14192598949782909 42.478560868493716 0.8389102727908604 0.002379738778534817 nan 0.9   
11 99 0.6581829545660871 1.7733510827204553 0.0010020545938447965 1.2898516482961562e-03 0.1418620667891814 42.40058368434125 0.8389038995428969 0.002436421312559008 nan 0.9   
11 99 0.8331957561926445 1.8347419180118594 0.0009856952923083795 1.7814253592077997e-03 0.2614967007158656 46.50294808258525 10.189967688223621 0.04600997346178504 nan 0.9   
12 108 0.7587252535166238 1.8345098258729813 0.0009318029648783378 1.8073974226675872e-03 1.0400284230887202 42.11485286272305 4.476681223459246 0.27252064885805594 nan 0.9   
12 108 0.6545252902319133 1.7449627789016133 0.0009436451647239491 1.1376577942087385e-03 0.3439171137335739 2.3640814639366807 0.7977140717986665 0.11871883893353664 nan 0.9   
12 108 0.654525290231914 1.7449627789016142 0.0008398521011169491 1.1653500654906211e-03 0.3439462284336426 2.344056109986719 0.7754306678984868 0.11883307011399835 nan 0.9   
12 108 0.6545252902319124 1.7449627789016147 0.0010020545938447965 1.0069775767473253e-03 0.3441316693944835 2.403808977422101 0.7755242624279409 0.11863727007562788 nan 0.9   
12 108 0.7805308994169261 1.851486901397656 0.0009856952923083795 2.3785990820979056e-03 0.8780065266788915 26.858573255120355 4.080955298777249 0.3314550253176367 nan 0.9   
12 108 0.6545252902319132 1.7449627789016147 0.000960660673492494 1.0042485440925680e-03 0.34410794858023563 2.3768426135737886 0.7754616361650898 0.11864368920076239 nan 0.9   
13 117 0.6633481010970335 1.7420916222839742 0.0009318029648783378 1.4652961160896091e-03 0.22198816270268432 53.516767865211506 8.468989261102008 0.00264045705470319 nan 1.0   
13 117 0.602422371043557 1.995200765358179 0.0010020545938447965 1.3151125568872431e-03 2.1677196413336106 41.97964376543754 11.984331403479635 0.001924035745714853 nan 1.0   
13 117 0.6024223710435581 1.9952007653581803 0.0008398521011169491 1.6430849034936698e-03 2.157667954970849 41.97992560372704 11.97987142023839 0.001940381948234168 nan 1.0   
13 117 0.6024223710435577 1.9952007653581796 0.0009436451647239491 1.4245288569836329e-03 2.261110129030808 41.994493278160206 12.118116542748371 0.001961449388759062 nan 1.0   
13 117 0.797176179331306 1.973671397758277 0.0009856952923083795 1.6860079074230477e-03 0.0034620746328262375 2.2021076093874505 1.2856756945000662 0.0024537069177677073 nan 1.0   
13 117 0.6024223710435577 1.9952007653581818 0.000960660673492494 1.3156922481901429e-03 2.157618146198479 41.97946597761879 11.985625630822607 0.0019155517429565302 nan 1.0   
14 126 0.6047168603697054 1.7272243906038578 0.0009318029648783378 1.3942786280345160e-03 0.02359954915418999 1.5239813213373021 0.2859521806859135 0.002948739792827737 nan 1.1   
14 126 0.5854219039113706 1.9571228335982371 0.0010020545938447965 1.3776608315128245e-03 0.15658993588703227 2.227073021028805 0.43543585257035766 0.023759762850806075 nan 1.1   
14 126 0.9398803603999784 2.09185354414546 0.0009856952923083795 3.3871778963102412e-03 0.4897793617781594 10.366479571763964 2.3771416395524674 0.003552953519509002 nan 1.1   
14 126 0.5854219039113713 1.957122833598237 0.0009436451647239491 1.3222026381115412e-03 0.16341987656744134 2.227102319098422 0.4317810762000812 0.026276367754739717 nan 1.1   
14 126 0.5854219039113716 1.9571228335982376 0.0008398521011169491 1.5687950718262390e-03 0.14288579783032715 2.227247137113139 0.42976501246873494 0.023868281361195086 nan 1.1   
14 126 0.5854219039113713 1.957122833598239 0.000960660673492494 1.3892944353511062e-03 0.15374243614361105 2.2268396116011577 0.43336200347205295 0.0237484886575884 nan 1.1   
15 135 0.6436897705386986 1.8497728637547353 0.0009318029648783378 1.0354988861999009e-03 0.0022772412480234427 0.5593551546676231 0.012160538910859154 0.0015170223951006586 nan 1.1   
15 135 0.5797498023185446 2.0246197259740817 0.0010020545938447965 1.1466702624780528e-03 0.0021258583101170306 0.004883253218688651 0.0019495425401000325 0.0015152820475973002 nan 1.1   
15 135 0.8655317777034395 2.3591668531321552 0.0009856952923083795 2.7561268871145513e-03 0.39194389879262725 35.19416451579184 7.414252324466403 0.0032916695807789138 nan 1.1   
15 135 0.5797498023185456 2.024619725974082 0.0008398521011169491 1.2416071513540426e-03 0.002137686962577387 0.005106600342993362 0.0017770122696043596 0.0016970091543586413 nan 1.1   
15 135 0.5797498023185452 2.0246197259740817 0.000960660673492494 1.2032994599689710e-03 0.00214546601465198 0.0048769547811127025 0.0019314814431390056 0.0015305813200715652 nan 1.1   
15 135 0.5978422546143433 2.02461972597408 0.0009436451647239491 1.0797691539589057e-03 0.0021400451591384005 0.004949944351954984 0.0018869332594557784 0.0015498366788882544 nan 1.1   
16 144 0.6421313468021472 2.162014578529645 0.0009318029648783378 1.0242167385372900e-03 0.034952041214097715 0.9914948190632333 0.14196819313746784 0.0021036001059076127 nan 1.2   
16 144 0.5140866459178055 2.088730863569986 0.0008809051256544036 8.8090512565440363e-04 0.002091637280691744 0.12029309490208319 0.024260534573473217 0.0013914540623562147 nan 1.2   
16 144 0.7710259698063476 2.4328170582187254 0.0009856952923083795 2.7880524962010139e-03 0.3324308428987955 25.0499533270553 6.935999860475887 0.0030423023956592118 nan 1.2   
16 144 0.6264484526708747 2.0926176685310094 0.0008398521011169491 8.8670429387010586e-04 0.0017982642950334557 0.4687375207661221 0.01595135359810884 0.001444068844178419 nan 1.2   
16 144 0.5521830450072918 2.1015765850388126 0.0009436451647239491 1.0339120964724692e-03 0.001801952905863372 0.825697460766146 0.09031583292393129 0.0014972507655842482 nan 1.2   
16 144 0.6264484526708743 2.092617668531009 0.000826149821873566 8.2614982187356604e-04 0.0018072669985650426 0.46496379548041705 0.016121140737288188 0.0012187236648146225 nan 1.2   
17 153 0.6230433229227466 2.3577449671197894 0.0007549625397327344 7.5496253973273439e-04 0.0013293035307683251 4.849786270504785 0.002472687178301817 0.0008475650571580374 nan 1.3   
17 153 0.47151680426088494 2.2110357570401513 0.0008809051256544036 1.1856167265030706e-03 0.002136321861663469 0.3980144646334951 0.13300158306249962 0.0014429594678408589 nan 1.3   
17 153 0.7220366342288955 2.504587229439149 0.0009856952923083795 1.5912641308722622e-03 0.0034215977790854907 20.444804626225107 1.082287400556794 0.003092264104296075 nan 1.3   
17 153 0.5369191732041608 2.179426134038686 0.0007248593035576334 7.2485930355763336e-04 0.0017210545320093607 0.6914461071602315 0.033719351291339024 0.001103667239747578 nan 1.3   
17 153 0.6139845244575164 2.319351408149919 0.0008398521011169491 8.6942880965664067e-04 0.013144377353291294 2.2671753540272377 0.3059243548337319 0.0011483357782240877 nan 1.3   
17 153 0.6696284845836317 2.3162860638165554 0.0008158858956398595 8.1588589563985950e-04 0.008881995905093674 1.7604847250165891 0.2950819294485453 0.001670634657637189 nan 1.3   
18 162 0.6243787968221706 2.411917610719832 0.0007549625397327344 7.5774749506597597e-04 0.0012487288665915229 1.650089615525286 0.0011002402204863331 0.0010932752432094874 nan 1.3   
18 162 0.41621693052464653 2.320275938413081 0.0008809051256544036 9.1807191843278123e-04 0.0015268063420412399 0.9336310926144157 0.010835381041890253 0.0011406611443701706 nan 1.3   
18 162 0.6976467045659206 2.7234263921756243 0.0009856952923083795 2.2256976685559628e-03 0.4521729117011949 1.4979871092925998 0.5421698234268421 0.002968740193899135 nan 1.3   
18 162 0.4982761895244113 2.365456684763016 0.0006593485105859663 6.5934851058596633e-04 0.13321431485521004 0.5916717721268602 0.2212200243360081 0.0008118441272952268 nan 1.3   
18 162 0.5942389294110265 2.4557135766551963 0.0008398521011169491 9.5914816387267265e-04 0.0014629264417258165 1.9392235950129801 0.003372775129456702 0.0010547404748418015 nan 1.3   
18 162 0.6868723757389836 2.4869798417602325 0.0008158858956398595 1.5245555622889579e-03 0.09782159283755024 1.2712067982501771 0.2597465685963914 0.0019539390779933796 nan 1.3   
19 171 0.6074906988173338 2.5440479341821347 0.0006590161314325982 6.5901613143259821e-04 0.0014502745348515067 0.5962404989631159 0.22723519556705357 0.0010341989335138082 nan 1.4   
19 171 0.6330660002572167 2.8579707280193323 0.0009856952923083795 1.9377794910731983e-03 0.00328338733657095 0.9036597908456219 0.10605859825954679 0.0024081070244042304 nan 1.4   
19 171 0.3741746976439526 2.4567588014056665 0.0008809051256544036 9.1792254913761618e-04 0.0013986069366757085 0.06981144104546806 0.014741597117771173 0.0010008804517733444 nan 1.4   
19 171 0.45021616170917145 2.470913196796937 0.0006593485105859663 1.1061412862079379e-03 0.037149803314804566 0.14761357387067672 0.0570841266019096 0.0012828603362500866 nan 1.4   
19 171 0.5461368350997862 2.6630029996368543 0.0006563915164758827 6.5639151647588266e-04 0.0015356300860371525 0.27352258296604803 0.12311112290421863 0.0009443188297507165 nan 1.4   
19 171 0.6095942569692011 2.551076716228977 0.0008158858956398595 1.4952293401218747e-03 0.002191138282713587 1.2986363164522756 0.7288612159858185 0.0017178542996791912 nan 1.4   
20 180 0.6296812576859657 2.536274541020005 0.0006590161314325982 1.2161399632429791e-03 0.010053267709360637 1.7560824958701942 0.5384272230020559 0.001307726184512423 nan 1.4   
20 180 0.6254733855267897 2.7514395949894634 0.0009856952923083795 1.7159474695461301e-03 0.0026002516950993197 0.3510666956056406 0.031055025482514445 0.0020759683373657986 nan 1.5   
20 180 0.36974118678844775 2.360605153920098 0.0007457542568761544 7.4575425687615441e-04 0.0011814592993140442 0.12280487022649138 0.0012106460700650407 0.0010017686636267413 nan 1.5   
20 180 0.45359207212347213 2.4551458742557246 0.0006593485105859663 1.0775910626362518e-03 0.0012609621663279907 0.9695538171852961 0.022596782872579727 0.0011381108336654742 nan 1.5   
20 180 0.4882110160348319 2.6403895382487286 0.0006563915164758827 7.7572257779056383e-04 0.03232504076182804 3.827752154155104 0.5214568269345459 0.001624139926195102 nan 1.5   
20 180 0.6039100365958338 2.554567571780209 0.0008158858956398595 1.1622421439695771e-03 0.002892628001099167 1.0552186332668752 0.4332250641063531 0.0014241986984677307 nan 1.5   
21 189 0.5475754051153212 2.774313112172197 0.0006590161314325982 7.8218179834801558e-04 0.11090282071465563 26.602183266714377 0.7625124767986677 0.029713189905012215 nan 1.5   
21 189 0.6836512559374393 2.8945764372724465 0.0009856952923083795 1.8487850355106328e-03 0.09747637821566897 1.9382825902686318 0.47257179968287066 0.0024000815573835613 nan 1.5   
21 189 0.39341829319394 2.626129094726425 0.0005188072761326274 5.1880727613262743e-04 0.0011264570580188052 0.0014731495348635382 0.00033111724660770856 0.0009129117749665503 nan 1.5   
21 189 0.4303680035547821 2.634318665200448 0.0006593485105859663 8.5792273863311019e-04 0.0013952968486872113 0.854887262512496 0.11024123983509043 0.0012123059355490023 nan 1.5   
21 189 0.4665559599185 2.6718712621787657 0.0006563915164758827 7.9414308531650080e-04 0.004339098637045708 0.33272211972544635 0.10861740795663118 0.001173938512955549 nan 1.5   
21 189 0.6367322375543087 2.707965416795741 0.0005803870989918451 5.8038709899184513e-04 0.0015776265800516798 0.25463763888012486 0.06033125646350007 0.0010180470819922817 nan 1.5   
22 198 0.514784593451536 2.8468087281610037 0.0006216921998614005 6.2169219986140051e-04 0.0019076020533075238 0.2971288878210133 0.08638553951038565 0.001277334644703667 nan 1.6   
22 198 0.6842005050827217 3.0221710757441187 0.0009856952923083795 1.2632383928542937e-03 0.005628748352480956 19.79468331439038 1.8473205883638293 0.001910987258727623 nan 1.6   
22 198 0.4138196382564465 2.6705779956966587 0.0005188072761326274 6.1601573002166999e-04 0.0010134232769169408 0.3092698835872925 0.003358051287538434 0.0009059286771976057 nan 1.6   
22 198 0.4071753701940064 2.748123443311093 0.0006593485105859663 7.0580995500192938e-04 0.0012224183783170626 0.04511315804463275 0.002985181887651174 0.0008461347580730057 nan 1.6   
22 198 0.45546272155283346 2.6726680409712578 0.0006563915164758827 7.9652550263968852e-04 0.001241259824809346 0.13226682191171868 0.01641459568179473 0.0008261155508789076 nan 1.6   
22 198 0.6741311851189097 2.792588466549667 0.0005803870989918451 6.8693583792079932e-04 0.0018665532220744655 0.37040576012145027 0.0954047753875158 0.0008112462160173345 nan 1.6   
23 207 0.4702680491441073 2.897011534688827 0.0006216921998614005 6.9236336990224424e-04 0.0009357395653062165 0.03415558497916258 0.0009228301243004022 0.0007135713711310482 nan 1.6   
23 207 0.6851377075581374 3.320862957959062 0.0009856952923083795 1.2659923725534766e-03 0.002382122954557074 1.11494325189364 0.32705799262583474 0.0014685216421456487 nan 1.6   
23 207 0.42379119975842633 2.8662357691201144 0.0004211047940315726 4.2110479403157259e-04 0.0008871397761416984 0.437911964452481 0.00034156938796716513 0.0006747527144253168 nan 1.6   
23 207 0.38824183286713193 2.9282336311396966 0.0006593485105859663 6.8985330054213679e-04 0.0008127096252032625 0.09797620752514759 0.010326495597893708 0.0007857413017854106 nan 1.6   
23 207 0.463293371794997 2.970597277311818 0.0006563915164758827 7.9035866722181459e-04 0.0012021254625646906 1.257547782609342 0.016584705030352358 0.0010090625512195696 nan 1.7   
23 207 0.6192692822446367 2.9801438562291853 0.0005803870989918451 8.0432528681123150e-04 0.001451217821534121 3.651724853139802 2.285986006594362 0.0012516839376201794 nan 1.7   
24 216 0.4154752169588787 2.893089021274515 0.0006216921998614005 7.3595151031485677e-04 0.0010833860281082646 0.37245307469413536 0.012174498650351874 0.0009871319561287942 nan 1.7   
24 216 0.42010720905876914 2.727556388106802 0.0004211047940315726 7.8652934514569859e-04 0.017063549952972365 0.2987852502984547 0.12084550376514261 0.0009103689179033342 nan 1.7   
24 216 0.6338199568976929 3.5235698201952363 0.0009856952923083795 1.3362158715019756e-03 0.001758073029829252 3.10361483897748 0.059635407610626245 0.0014698109275130388 nan 1.7   
24 216 0.345628140655928 2.813288639524756 0.0006593485105859663 6.8789056003246336e-04 0.0012162778543822706 0.38280984951242497 0.17073679100355948 0.0008267683847136928 nan 1.7   
24 216 0.43546421002152635 3.2649521473779535 0.0006563915164758827 6.6063701020395004e-04 0.0011405365747203112 0.709070147236898 0.055661330247544785 0.0009581876323547768 nan 1.7   
24 216 0.6155512434007923 3.0814656691413607 0.0005803870989918451 7.3026229182774781e-04 0.0013366181658641914 0.08427831488656397 0.00029069647991104624 0.0011244280708004664 nan 1.7   
25 225 0.42617131458673646 3.0783325312687544 0.0005803948483740906 5.8039484837409062e-04 0.0011540695393729588 0.08341768089285385 0.005990950877279787 0.0007095649746186061 nan 1.7   
25 225 0.4160769148945917 2.996688808545974 0.0004211047940315726 6.8792815689019428e-04 0.0011397903046247327 0.09222751717657891 0.03116696360103259 0.0008320080486621729 nan 1.8   
25 225 0.6058850237568504 3.4918749179895454 0.0009856952923083795 1.1700352702639345e-03 0.019694300894545984 1.6350362837015604 0.18823092630850785 0.0018270015542470896 nan 1.8   
25 225 0.3244447664536252 2.849725290280786 0.0006593485105859663 6.8850963811289045e-04 0.0010385578735983777 0.09842513897657304 0.017217645908239043 0.0009021034394501993 nan 1.8   
25 225 0.4218046595955844 3.3315896272247905 0.0006563915164758827 7.9909869034292512e-04 0.01606716190049901 0.5388423861079691 0.13536315956189765 0.0009896076953017183 nan 1.8   
25 225 0.6631171179751647 3.1409152414515495 0.0005803870989918451 8.3479607489583721e-04 0.5408608924169902 0.9950831684340609 0.6543601931810026 0.23738867078654513 nan 1.8   
26 234 0.4360495890553851 3.104909288993435 0.0005803948483740906 5.8612740232625877e-04 0.0010419269222460793 4.041252429260947 0.002187306848056482 0.0007540476925404603 nan 1.8   
26 234 0.5607844220686861 3.5798310923320193 0.0009856952923083795 1.1815285713218525e-03 0.0015204402170685368 1.525634312323077 0.19634662940250042 0.001364257933113569 nan 1.8   
26 234 0.4026412010974057 3.1842475200311724 0.0004211047940315726 5.5384581167896468e-04 0.001216890451862073 0.6261365909957527 0.0056374561880352 0.0007713492516528194 nan 1.8   
26 234 0.3051294344343841 2.868890476099562 0.0006593485105859663 7.6458401681152354e-04 0.0010371991136253662 0.32150369822760294 0.015926860668812638 0.0008804752509472989 nan 1.8   
26 234 0.379158565059408 3.2941468454782847 0.0006563915164758827 7.8689191812028039e-04 0.0013490153163282265 0.39397289604233066 0.08580340421030085 0.0012293674328187466 nan 1.8   
26 234 0.6929473910854292 3.500184843646035 0.0005803870989918451 7.1884425111916892e-04 0.0020680542008383296 21.7826836030289 0.22442721712881833 0.0012516941309385686 nan 1.8   
27 243 0.3710548929994687 3.1368181314175727 0.0005803948483740906 6.2805212022923188e-04 0.0009471680003775978 0.3534659686233546 0.06489757334899995 0.0008429242074951509 nan 1.9   
27 243 0.4976405661743336 3.7497536416702864 0.0009856952923083795 1.1188747622722787e-03 0.0016681207188756477 0.551593159235725 0.0650823035331544 0.0012917561316893404 nan 1.9   
27 243 0.3766322084780538 3.3447918922951327 0.0004211047940315726 5.4650342729497343e-04 0.0007965665960564806 0.2822468562762327 0.0002054607282045292 0.0006805013909348421 nan 1.9   
27 243 0.33377309627177154 2.9904799405198457 0.0006450113193109735 6.4501131931097352e-04 0.000901910409082044 0.0037761365933089226 0.00031783913413535917 0.0007155554887865194 nan 1.9   
27 243 0.37707383593291205 3.403341979901541 0.0006563915164758827 8.0152615489680946e-04 0.0009101216747514049 0.01562829778716867 0.00025301271087925764 0.0008665576892978758 nan 1.9   
27 243 0.7731083748870318 3.682240033876955 0.0005803870989918451 8.0557266350784942e-04 0.0011058988869739994 0.3563857721517703 0.04726564763860532 0.0009501585267891335 nan 1.9   
28 252 0.3347241709817537 3.1478817717777865 0.0005803948483740906 8.1977832029445682e-04 0.0009492458725795454 0.030779817473585686 0.00040387919993116223 0.000845376214315974 nan 1.9   
28 252 0.4445395018980845 3.7611457438253724 0.0009856952923083795 1.2026825012000173e-03 0.0016282268137707602 0.8829478163787143 0.5071891490576367 0.00127530134619071 nan 1.9   
28 252 0.35438588007678945 3.2068529786144286 0.0004211047940315726 5.9304330070955634e-04 0.0008065016539615126 0.199726354918037 0.168859451276239 0.0006929263777641631 nan 1.9   
28 252 0.3308741703443905 3.0430807861718496 0.0006450113193109735 7.0109983077693656e-04 0.011719436475466997 0.1925917459584986 0.06707153065325076 0.0009855625406560856 nan 2.0   
28 252 0.39151585264485694 3.605811450757821 0.0006563915164758827 8.5461539943225493e-04 0.0011632297408781663 0.19647311324432354 0.12980160360303955 0.0009903255426385092 nan 2.0   
28 252 0.848698791712149 3.804293533048024 0.0005803870989918451 1.0625906623757653e-03 0.11255122631666024 4.228008031228878 1.2986806873236467 0.001388247383152828 nan 2.0   
29 261 0.3260041026966188 3.2647192395029325 0.0005803948483740906 6.5616219015328435e-04 0.0009135785077540073 0.0013034382535135425 0.0003283880852702364 0.0007102910020439074 nan 2.0   
29 261 0.35565670737641275 3.4914193922502865 0.0004211047940315726 6.3034385479126805e-04 0.0007784299737613215 0.02692227676754051 0.00019761193515036013 0.0006902241345610632 nan 2.0   
29 261 0.4086604848666472 3.574677127695127 0.0009856952923083795 1.0932931977092073e-03 0.0011775547243054107 0.09510605438327056 0.0020841440815689747 0.0011074603481764848 nan 2.0   
29 261 0.31795382847510706 3.481928565168351 0.0006450113193109735 7.6368661087544427e-04 0.0009022613733146671 0.10418286612437687 0.0006312230949554447 0.0008500775137373396 nan 2.0   
29 261 0.3582279260588071 4.200894375401132 0.0006563915164758827 8.0901885365478683e-04 0.0009237415434038445 0.1450686819246969 0.006595246917173626 0.0008394103576487527 nan 2.0   
29 261 0.8718500659500704 4.377605148411916 0.0005803870989918451 7.3506313896646983e-04 0.11236104784586635 1.1047305289700997 0.35307867027979195 0.0010763413326356085 nan 2.0   
30 270 0.32389178291319726 3.296728415943883 0.0005803948483740906 7.0898422301924713e-04 0.0009194931312835929 0.01175420306567959 0.001131269602312249 0.0008132600287221005 nan 2.0   
30 270 0.3418285234322487 3.5940126429821486 0.0004211047940315726 5.8658574734980512e-04 0.000949404967816767 0.1183587252740785 0.036184212800252295 0.0006690208092359325 nan 2.1   
30 270 0.3698676662315412 3.5902467595205225 0.0009856952923083795 1.0644533346870699e-03 0.001238259102311982 0.1654293016482278 0.017891195591056844 0.0011157335370993485 nan 2.1   
30 270 0.30204092686905004 3.6681364941957084 0.0006051194214579413 6.0511942145794135e-04 0.0009575849265304412 0.11809292468552031 0.00027239981181296363 0.0007149717996831908 nan 2.1   
30 270 0.33536794866812525 4.291843905517922 0.0006563915164758827 7.2528041164242535e-04 0.0009993364451329073 0.18284203584650743 0.0053306734057336266 0.0007975052962940327 nan 2.1   
30 270 0.8653991591484397 4.596897432804116 0.0005803870989918451 9.7382993381076434e-04 0.0016879988058559217 0.4441998090821685 0.025800612331016354 0.0014048566883750008 nan 2.1   
31 279 0.33199740546511414 3.4962330789076757 0.0005803948483740906 6.5324421765276190e-04 0.0007810652395909344 0.01731873351668022 0.00040276772789264574 0.0006668036169627117 nan 2.1   
31 279 0.3286288105873131 3.8779715058114608 0.0004211047940315726 5.2656605927095480e-04 0.0010014855533570027 0.1416380701187502 0.035203463599624965 0.0007108155944427175 nan 2.1   
31 279 0.32329452106108536 3.6947586820686564 0.0009856952923083795 1.1610636852188096e-03 0.0013763558963763663 0.20522671311736634 0.05105873266673111 0.0012207413284896313 nan 2.1   
31 279 0.3084730207543038 3.9737831674239885 0.0006051194214579413 6.3347904190453664e-04 0.0007749582861018224 0.08533458767181995 0.014655233325027802 0.0006838946907829576 nan 2.1   
31 279 0.36413600278385183 4.460959534525602 0.0005948305388858443 5.9483053888584434e-04 0.0010538990052183254 0.04654191879332904 0.03331826136504768 0.000803096298272357 nan 2.1   
31 279 0.9427957554970177 4.722316662174427 0.0005803870989918451 6.1810367648999418e-04 0.11630215457392962 1.364888829069828 0.6850438560876746 0.0014984681381168977 nan 2.1   
32 288 0.30973062616202857 3.856565246111322 0.0005803948483740906 6.0357981718977302e-04 0.0007654272874939937 0.02701102239414944 0.01610468691263084 0.00073907478963872 nan 2.2   
32 288 0.3573109471897913 4.023733238769277 0.0004211047940315726 5.1417809735378910e-04 0.0007892060225228618 0.027781538521237437 0.0007931360291342204 0.0006319972325641276 nan 2.2   
32 288 0.2933000121919466 3.6822259013582155 0.0009856952923083795 1.0970822245713271e-03 0.0012438159536656394 0.0850566565155697 0.00027727692153086347 0.001141206962485816 nan 2.2   
32 288 0.3217190941455789 3.9702164506472046 0.0006051194214579413 7.3369912529294245e-04 0.0010895784506195884 0.6630119112691094 0.04486755635066553 0.0007561018661362941 nan 2.2   
32 288 0.9889521718222981 5.131197602138897 0.0005803870989918451 9.8537293231729019e-04 0.010244901454617737 2.1205678117847366 0.38877827174549334 0.0012258040821112013 nan 2.2   
32 288 0.35057984618791965 4.811501091768817 0.0005948305388858443 6.5183155050871063e-04 0.004603869168061093 0.033109605097643525 0.02923153596872692 0.0008014387362386097 nan 2.2   
33 297 0.2890531393199794 4.017933411999686 0.0005803948483740906 6.4123275046948001e-04 0.0009446186341968679 0.0717826466511192 0.0032696516307943527 0.0007649813676883427 nan 2.2   
33 297 0.30229098682051825 3.8915216453413506 0.0004211047940315726 5.6220402220552362e-04 0.0007113585013356348 0.30209080083588535 0.14231629668956527 0.0006321655451764138 nan 2.3   
33 297 0.33037490477875286 3.5739466938379616 0.000950222266990954 9.5022226699095400e-04 0.0011713085957748349 0.007792242705482759 0.0003194205899798056 0.0011036340004398986 nan 2.3   
33 297 0.3240637379545563 4.216182112212643 0.0006045541342514173 6.0455413425141726e-04 0.12810046008810932 0.4326847858143409 0.2713364680534942 0.0008829003202494514 nan 2.3   
33 297 1.0282218764627893 5.407572311138753 0.0005803870989918451 8.1345416793045548e-04 0.8555507217262408 11.456709359506593 3.2768817621534905 0.08234686741977015 nan 2.3   
33 297 0.30822200382839987 5.019601365841204 0.0005948305388858443 6.8176630698831692e-04 0.0009063627367538918 0.10163415290936748 0.027677528005590295 0.0008180595027670318 nan 2.3   
34 306 0.2653438353092922 4.132947943632233 0.0005803948483740906 5.8704778371213961e-04 0.0007669169457699758 0.4024306898347492 0.0499839975136103 0.000670339326191311 nan 2.3   
34 306 0.24789921835734083 4.155251688733891 0.0004211047940315726 5.7944399458828295e-04 0.0007711715389054366 0.07957372938911945 0.00032761116831464467 0.000601850208296046 nan 2.3   
34 306 0.40621659096247037 3.87485607308685 0.000950222266990954 1.0250967421147456e-03 0.0011115361168524715 0.4251496142667711 0.026390585123969957 0.0010770735642750037 nan 2.3   
34 306 0.32167097643068915 4.422269330020801 0.0006045541342514173 7.1302545442119333e-04 0.0010444918016671314 0.07300400628948163 0.061021021931168616 0.0008555702738140345 nan 2.3   
34 306 0.9594202508100318 5.8727568384163975 0.0005803870989918451 7.7343172768591336e-04 0.895597998269247 33.281871356094754 3.981267659229443 0.40966165125279963 nan 2.3   
34 306 0.3025725928681794 5.360852203037053 0.0005948305388858443 6.5594524504950815e-04 0.0007580921736260403 0.0010618242619669096 0.0002158963076612033 0.0006828239453619785 nan 2.3   
35 315 0.2521308251961318 4.319428961411593 0.0005626188370504086 5.6261883705040856e-04 0.0007303833352887545 0.0009900136899758617 0.00010857498172467579 0.0007126930009663029 nan 2.3   
35 315 0.2466204980660445 4.44493318596034 0.0004211047940315726 4.7507923819730866e-04 0.0005657696687215508 0.004419296412164412 8.051931713682692e-05 0.0005264815979756855 nan 2.4   
35 315 0.46188657652481474 4.007410329519471 0.0008485629922292885 8.4856299222928850e-04 0.0009928953635228446 0.001272061018143898 0.00013923368852431384 0.0009359862506981348 nan 2.4   
35 315 0.31631720510462547 4.541575295053854 0.0006045541342514173 7.2379163467429153e-04 0.0009930266417343657 0.16277897995930196 0.020394531256304776 0.0008315378066363103 nan 2.4   
35 315 0.3084769926647043 5.591869335245859 0.0005948305388858443 6.0488661539144246e-04 0.0006411832078002355 0.019268478730384543 0.00041904530079425446 0.0006179211051591274 nan 2.4   
35 315 0.8610923191131614 6.17696059918035 0.0005803870989918451 1.0822014004846681e-03 0.0021824706941427556 1.4694118831404062 0.7063636906760814 0.001203757275276565 nan 2.4   
36 324 0.24404009456557224 4.235792812905415 0.0005626188370504086 5.9403350807574380e-04 0.0007700481250983354 0.02651161482682015 0.00014037190594606527 0.0006688009161444825 nan 2.4   
36 324 0.25000539296050694 4.501727930947142 0.0004211047940315726 4.8849676161114085e-04 0.0005584498824758817 0.004783300348642231 0.0007028209089869368 0.000495674436225032 nan 2.4   
36 324 0.49113198208864833 4.289301383268128 0.0008485629922292885 1.0843212745112586e-03 0.016257101766068666 0.10071124323088661 0.030509178209837954 0.0023396689500484 nan 2.4   
36 324 0.3039295503387727 4.48474474561356 0.0006045541342514173 6.5409598282357268e-04 0.0009079102223471121 0.11500526749315186 0.0023552684327242716 0.0007555547580510236 nan 2.5   
37 333 0.22400372876414978 4.266414993122859 0.0005123508055830811 5.1235080558308110e-04 0.0006614032262692071 0.0007831201501939373 8.775178414476416e-05 0.0006188571862943773 nan 2.5   
36 324 0.3232542561828105 5.8203175249428405 0.0005591755258688015 5.5917552586880149e-04 0.0006327121605655592 0.0007208036891907938 5.9917026742310124e-05 0.000607472187114813 nan 2.5   
36 324 0.8395785246092344 6.406135787056236 0.0005803870989918451 1.3067128005610736e-03 0.0017046069125203293 1.0167248308904204 0.08537118548235195 0.0013417839253294585 nan 2.5   
37 333 0.2382622613501507 4.560800526762053 0.0004211047940315726 4.3058778651148920e-04 0.0006285516603209495 0.009408762040792829 0.002235169769766771 0.00048825928244247495 nan 2.5   
37 333 0.4480212309076789 4.51632369015154 0.0008485629922292885 9.6809734575288076e-04 0.0012255335261099395 0.06931879168082497 0.0003033502217777602 0.001092653062432248 nan 2.5   
37 333 0.2888799777014076 4.4187471304808845 0.0005498488811738818 5.4984888117388183e-04 0.0007666931813426596 0.03724615102856096 0.004189457189361771 0.0006742417520436573 nan 2.5   
38 342 0.21824799302588424 4.463177114936349 0.0004981319393293551 4.9813193932935515e-04 0.0005829726056283838 0.01114516063291884 0.00014312040195304935 0.0005153983267202325 nan 2.5   
37 333 0.3119363047039405 5.997521653746545 0.0005591755258688015 5.6792531189730393e-04 0.0007707092100409861 0.1956648247086894 0.009586638506508545 0.0006771769825534299 nan 2.5   
37 333 0.8063614695987246 6.301759030714022 0.0005456858022233862 5.4568580222338621e-04 0.0016857864674238018 0.31766318607887 0.06544265672799851 0.0011114809294390836 nan 2.5   
38 342 0.2428651764491632 4.700563498386048 0.00041070581625326423 4.1070581625326423e-04 0.0034461633048339297 0.05246665750941226 0.0208473993835075 0.00048720402036811 nan 2.6   
38 342 0.4113126758272926 4.513752791563167 0.0008485629922292885 9.6283781169114173e-04 0.01730265292335409 0.16708447859430822 0.039158591761526786 0.001192620465571058 nan 2.6   
39 351 0.22125929853880133 4.5652288985414184 0.00048547876298234177 4.8547876298234177e-04 0.0005901888771544793 0.006957869333483084 0.00014902366643260157 0.000539634339624394 nan 2.6   
38 342 0.27268476589452206 4.671122177959379 0.0005163227734474094 5.1632277344740936e-04 0.0007452055175915463 0.016474840330392686 0.00037325403729939854 0.000704911270343211 nan 2.6   
38 342 0.2979951643955029 6.378122416304806 0.0005591755258688015 5.7227039327765550e-04 0.0006458680762430544 0.021206995528192857 0.0002448850325234021 0.0006006292897634283 nan 2.6   
38 342 0.7471395057081825 6.291405259117702 0.0005456858022233862 8.1639832736797233e-04 0.07042014858831099 0.3428699121201211 0.25334013872579964 0.0012213241509973093 nan 2.6   
39 351 0.23716466286013382 5.105897324450221 0.00040807868356336523 4.0807868356336523e-04 0.0050228005449058696 0.05998966368421014 0.02656044359122131 0.0004380381960854674 nan 2.6   
39 351 0.39356779990133883 4.732072132535302 0.0008485629922292885 9.4604422910093999e-04 0.0012225511647175257 0.0016631330339070154 0.00019830313390293772 0.001147352464873377 nan 2.6   
40 360 0.21620272561272066 5.129779554699772 0.00048547876298234177 4.9067407771104753e-04 0.00435458925226927 0.038797265939019346 0.020221139209704926 0.0006115161696778907 nan 2.7   
39 351 0.2855486540623861 4.675609720414599 0.0004884752534810908 4.8847525348109076e-04 0.0007047055958644869 0.006517734796677911 0.00021355059711960914 0.0005806741969256938 nan 2.7   
39 351 0.2929426575155356 6.599858590899257 0.0005444660545797478 5.4446605457974780e-04 0.021871584697603502 0.07813609457251788 0.06520055423054447 0.000686599059251343 nan 2.7   
39 351 0.6675862838846071 6.848323713476492 0.0005456858022233862 9.3164717934231484e-04 0.06033858017725053 0.7816210988582009 0.26676349643802716 0.0011806769842876502 nan 2.7   
40 360 0.22537674814984168 6.077294248854 0.00040807868356336523 4.2265997969747666e-04 0.0004945540487369766 0.005367578284390141 0.0006064990216392948 0.0004717159311936589 nan 2.7   
40 360 0.4164688660305605 4.64478913373683 0.0008485629922292885 8.8789905458411429e-04 0.00145999147905075 0.03424902539179883 0.01288885595035884 0.0009376026078238496 nan 2.7   
41 369 0.18325988525234138 5.283887521782753 0.00047953845198906933 4.7953845198906933e-04 0.0005889492190458625 0.0007921670855081274 9.182743481196622e-05 0.0005439602854788506 nan 2.7   
40 360 0.2937396673357381 4.99508248105895 0.0004884752534810908 6.3850201390109121e-04 0.0044486827396470335 0.05888386077428514 0.02067424394522477 0.0006682995364691824 nan 2.7   
40 360 0.33095214882596463 7.07820501354849 0.0005328221366493603 5.3282213664936030e-04 0.00062285484640773 0.0046956492098460395 0.00014112030412910396 0.0005859110768037698 nan 2.7   
40 360 0.6894466911135535 7.150458867665448 0.0005456858022233862 1.0488585286014328e-03 0.11252759623470071 1.0345127737605373 0.655185143149781 0.0013395141115764236 nan 2.7   
41 369 0.21493588260972155 6.274587640342661 0.00038290714668454465 3.8290714668454465e-04 0.00043910437953359835 0.03228340452583796 0.0010370507276962378 0.00042799922670761284 nan 2.7   
41 369 0.4581313256719677 4.7468421281832995 0.0007516341656026154 7.5163416560261544e-04 0.0010845319477085112 0.029406026266677224 0.0003778680386594543 0.001003128827742675 nan 2.8   
42 378 0.15539379059123828 5.40668001514791 0.00047953845198906933 5.0577463753142897e-04 0.0005352388570014026 0.008051668363712402 6.952555471313531e-05 0.0005169315547907565 nan 2.8   
41 369 0.35332752097382875 7.356391143949786 0.00047772354591467836 4.7772354591467836e-04 0.0006494916622007544 0.2814695607942425 0.00011612233643027488 0.000583419583051305 nan 2.8   
41 369 0.6253574755772595 7.328213504057277 0.0005456858022233862 8.8667142842212211e-04 0.0014585305015008786 0.8886391577142364 0.30924349692525605 0.0011329380760172732 nan 2.8   
41 369 0.29117721655900886 5.24236342984546 0.0004884752534810908 5.0406031689862905e-04 0.0007421562543909012 0.5222245110009245 0.0007603640764158202 0.0006427705534069786 nan 2.8   
42 378 0.1952573878106843 6.432234749133129 0.00038290714668454465 4.2772084717942110e-04 0.0063430677054028715 0.06086025739312174 0.010108594010739705 0.0004982951622625163 nan 2.8   
42 378 0.5345614585785528 5.2833455449085225 0.0005664274928369326 5.6642749283693260e-04 0.0008969602581552468 0.0014639301373992402 0.0004011986841199255 0.000741734247195227 nan 2.8   
43 387 0.1375951467690204 5.6152617936929525 0.00047953845198906933 4.9078067200104987e-04 0.0005455006914555358 0.0028756121003468103 8.26215478637064e-05 0.000530244636411361 nan 2.8   
42 378 0.35723622856425996 7.773867973194615 0.00047772354591467836 5.0349847035558739e-04 0.0005892560769586732 0.19445084146677008 0.01362600361286226 0.0005634652575040288 nan 2.9   
42 378 0.5970220849308864 7.362334344656021 0.0005456858022233862 9.2866146515460017e-04 0.0019015159972438792 0.2598022056516411 0.20220899393561587 0.0011876391225559197 nan 2.9   
42 378 0.2641671975941895 5.648429201155574 0.0004864276204283815 4.8642762042838152e-04 0.0006870800009078582 0.026597764903068886 0.0005633394697294504 0.0005197990866477298 nan 2.9   
43 387 0.1669960614180004 6.852021146979015 0.00038290714668454465 4.1356983286330341e-04 0.0004928996445782464 0.050657017381190446 0.00805773147052152 0.00044820277225282796 nan 2.9   
43 387 0.5750866891158122 5.829010609251543 0.0005664274928369326 8.9507045102401022e-04 0.007231240403853579 0.18575465806845454 0.01663163779243077 0.0010355794918438552 nan 2.9   
44 396 0.1327106750309431 6.1365276800718425 0.00047953845198906933 4.9201177792087105e-04 0.0005191529294531732 0.0020859209109880678 5.2620269248591705e-05 0.0005067637026194569 nan 2.9   
43 387 0.5438246312721786 7.637063070131135 0.0005456858022233862 8.9652782443226306e-04 0.27881243739246075 1.2771284202676836 0.4791882034209504 0.001221058057080643 nan 2.9   
43 387 0.2619122762751143 5.985143869665375 0.0004864276204283815 5.0704253951980890e-04 0.0005855892864666967 0.010835967829933329 0.003073013738902794 0.0005435024830086938 nan 2.9   
43 387 0.35677235114066963 8.071960323661182 0.0004157173521277299 4.1571735212772988e-04 0.0007467811301677835 0.2793284746867715 0.06987161151354816 0.0006051474479389627 nan 2.9   
44 396 0.14634571691466203 7.096800858007916 0.00038290714668454465 4.0404006474835976e-04 0.0004671092367727316 0.009969100469627571 0.00023406404588223153 0.0004346806639649627 nan 2.9   
44 396 0.5984063135864144 6.110993270155664 0.0005664274928369326 7.7762163310503404e-04 0.0009598296923153359 0.0014993516890678777 0.0003529532067904392 0.0008305736278997652 nan 2.9   
45 405 0.12138165529160452 6.661243687865118 0.00047953845198906933 5.0511922989006808e-04 0.0005679670628938975 0.0014674058240064288 0.0004223587105022283 0.0005300501919931833 nan 3.0   
44 396 0.3471040777524447 8.37694953070964 0.0004157173521277299 4.3515400775458158e-04 0.000599326129647855 0.024866553229588875 0.00012760867389923077 0.0004931786006295053 nan 3.0   
44 396 0.24829261511855658 6.2465925215955584 0.0004864276204283815 4.9942804578067765e-04 0.0005742037770976206 0.04173583070809229 0.0022033747618287157 0.0005225654120547363 nan 3.0   
44 396 0.5307820646365554 7.988936575956977 0.0005456858022233862 8.7973617485705244e-04 0.0011626406429791022 0.07359844142810983 0.012979456887588963 0.0009234414814186833 nan 3.0   
45 405 0.15052078738797448 7.648396958789025 0.00038290714668454465 3.9507989828009197e-04 0.0004718037562691689 0.007413358175510436 0.0025420999480299947 0.0004459104714685202 nan 3.0   
45 405 0.581390776429963 6.1335306740676865 0.0005664274928369326 8.7056360733877224e-04 0.012935825689870395 0.22896626413835658 0.055390353637811085 0.0009203108462821567 nan 3.0   
46 414 0.12669299424047153 6.872530868116529 0.00047953845198906933 4.8734595745651233e-04 0.0005176064401491911 0.001251057023086396 0.00011270246794350134 0.0004971563625342965 nan 3.0   
45 405 0.3658582064709958 8.980664254838437 0.0003937097189874471 3.9370971898744712e-04 0.000613976740093636 0.10694031399990386 0.004621797411467854 0.0005223321778375278 nan 3.0   
45 405 0.23191016480282878 6.436072277770029 0.0004817360649917277 4.8173606499172768e-04 0.0005596518329471119 0.007947677591740344 0.0005765447112833209 0.0005172511576310044 nan 3.0   
45 405 0.5397706648172415 8.070735087591535 0.0005456858022233862 6.3550768381053098e-04 0.001041327932153376 0.0716611478728384 0.006721446952116751 0.0008146217720061051 nan 3.0   
46 414 0.16769323125862284 7.4985050236042445 0.00038290714668454465 4.5012651953386099e-04 0.0025358119608765487 0.005460658487409457 0.002991995992042807 0.0005659930299062248 nan 3.1   
46 414 0.5649442859178107 6.177029905767179 0.0005664274928369326 6.8094680056965894e-04 0.0010472342792360542 0.0013969849369343226 0.00037261746744990485 0.0008111129530524777 nan 3.1   
47 423 0.11683575594545528 6.774280521613842 0.00047953845198906933 4.8874700422501952e-04 0.0005225880641384997 0.0007362704517705498 4.288326522067557e-05 0.0004947882055686207 nan 3.1   
46 414 0.3600887477906368 9.082182936742774 0.0003937097189874471 4.1324798979731371e-04 0.0005594121929655003 0.1336459850513439 0.00026249467266562296 0.00044564076589235065 nan 3.1   
46 414 0.5121555525832066 8.088850291153015 0.00047720870761100464 4.7720870761100464e-04 0.0376994581020189 0.4512969401347997 0.15295746228787338 0.0007085764713771126 nan 3.1   
46 414 0.20769848012887973 6.245347277987457 0.0004817360649917277 4.8905735551846286e-04 0.0005279598770850865 0.000589612100006185 5.3814567812932534e-05 0.0005165775992170823 nan 3.1   
47 423 0.18310298624453805 7.900327675084461 0.00038290714668454465 4.2581504058688868e-04 0.00044973965596015425 0.01377369759025783 0.0019539979890225195 0.000434553522499549 nan 3.1   
47 423 0.527156056119766 6.330411632737327 0.0005664274928369326 6.6378708231691283e-04 0.0008450128668520233 0.06141232534246009 0.01106402947012905 0.0007550363361183485 nan 3.1   
48 432 0.1080801602220178 7.123613558544028 0.00047385573602322053 4.7385573602322053e-04 0.0005333959880484659 0.0007869009510377064 7.12296950261457e-05 0.0004999097734664831 nan 3.1   
47 423 0.35043396813535727 9.134024508077523 0.0003937097189874471 4.0071541028759524e-04 0.0005075482303777443 0.06868637027243238 0.012433848636611147 0.00043884557595880153 nan 3.2   
47 423 0.1874766449855635 6.1337809458178665 0.0004319684148644071 4.3196841486440712e-04 0.0005291977755209665 0.0026216435570308 0.00011049430615921586 0.00047362178770749865 nan 3.2   
48 432 0.18721312353223188 8.505752483723871 0.00038290714668454465 4.1970089768958733e-04 0.000491730956178566 0.0031972191493114224 0.0004705187385354066 0.0004499340151833237 nan 3.2   
47 423 0.47959487400254663 7.921338444122423 0.00047720870761100464 6.0198498015813929e-04 0.0009111357520415299 0.16553447435829255 0.041533849003679284 0.0006759696849155075 nan 3.2   
48 432 0.4772233623898363 6.574011330517634 0.0005664274928369326 6.6179985196240690e-04 0.0010559138661871592 0.20070086752368638 0.039536506409971806 0.0008360489335704868 nan 3.2   
49 441 0.09657728736995777 7.1073225933119755 0.0004686044390546832 4.6860443905468320e-04 0.0004991821085779927 0.0018696394559167646 0.0002015123020960921 0.0004895649624930499 nan 3.2   
48 432 0.3238668873757163 10.262820665189386 0.0003937097189874471 4.7312025307630644e-04 0.0017974451119220423 0.2518453336195064 0.032403639987474524 0.0006276995246098836 nan 3.2   
48 432 0.1835069707810383 5.860842234370083 0.0004319684148644071 4.3242619726551157e-04 0.0005127324828623738 0.008180338092217274 0.001134022726353129 0.00047101968751840406 nan 3.2   
49 441 0.18818037892533584 8.377572120517282 0.00038290714668454465 4.0701346044963389e-04 0.0004856653296290086 0.001343271503552871 0.0005543042492674056 0.0004317702108871803 nan 3.2   
49 441 0.45309017495835474 6.426246371534345 0.0005045853458632842 5.0458534586328419e-04 0.0008804616788094782 0.02004806557708106 0.00010070359341240911 0.0008115174162157202 nan 3.2   
48 432 0.5436060240182619 8.443506567615263 0.00040593956027917014 4.0593956027917014e-04 0.0006622455316768189 0.05542832995257045 0.0035066908161925604 0.000553375334250333 nan 3.3   
50 450 0.0939131652766756 7.954548051234034 0.0004686044390546832 4.8458595063460239e-04 0.0005008639756066563 0.0009344334239968354 9.364098929209267e-05 0.00048640537703616203 nan 3.3   
49 441 0.2955427938771583 10.359440570991888 0.0003937097189874471 4.6064045409719405e-04 0.0005831609630765308 0.001929845374484079 0.00023271149179850516 0.0004988207071269263 nan 3.3   
49 441 0.16437691631274937 5.667489652010037 0.0004319684148644071 4.6115556146081608e-04 0.0005016108455901753 0.029175154613827213 0.0016616549436853536 0.00047604067536421155 nan 3.3   
50 450 0.19647697960063204 8.377140064252908 0.00038290714668454465 4.2993863104609037e-04 0.0005387558323521549 0.0027819612017552136 0.0017456964140901972 0.00045176022457982733 nan 3.3   
50 450 0.4069101923027599 6.700018829836353 0.0005045853458632842 6.8548565593486307e-04 0.0013899165387084222 0.0038297546902107274 0.0020959068699161094 0.0007671387438053397 nan 3.3   
49 441 0.5392135134018828 8.841808271307091 0.00040593956027917014 4.8693696936041636e-04 0.001497425899073254 0.36129910434499535 0.12015072581844759 0.0008973592125391279 nan 3.3   
51 459 0.08915525934940968 7.9816143381005835 0.0004682491754881696 4.6824917548816958e-04 0.00048311490014148027 0.0005090476622849509 1.4460565846219917e-05 0.0004739523277058166 nan 3.3   
50 450 0.28318481965304837 10.837976433196221 0.0003937097189874471 4.5739914051721537e-04 0.0004693557602135442 0.0016813987055716891 8.295740165146338e-05 0.0004653370332654098 nan 3.4   
51 459 0.38444730372786456 6.501240927037062 0.0005045853458632842 5.4872483881220101e-04 0.0007598261747259706 0.002182844493753615 8.843759939852487e-05 0.0007235387393139859 nan 3.4   
50 450 0.15422963352790878 6.465377524991145 0.0004319684148644071 4.3356049302230580e-04 0.000489013177282576 0.0008292212304913263 4.3418076143299494e-05 0.0004704486335683661 nan 3.4   
51 459 0.19251287557093588 8.438134802475428 0.00038290714668454465 4.0142940056320443e-04 0.0005939958570375132 0.00827355635455087 0.0024312714472474054 0.0004411221639645369 nan 3.4   
50 450 0.5155116839249542 8.724313226762352 0.00040593956027917014 4.7965138278302586e-04 0.0031794540855265667 0.35081889513640024 0.04998661401910731 0.0007329737642239898 nan 3.4   
52 468 0.08915842352572333 7.864328280682767 0.00046595748310520934 4.6595748310520934e-04 0.00047952146885776783 0.0007507369134352286 1.9938376438627555e-05 0.00047181280738072955 nan 3.4   
51 459 0.2794969084902884 10.689193888587985 0.0003937097189874471 4.0534292541716526e-04 0.00044559483602576625 0.0005681574019915059 6.679303870390688e-05 0.000418726200501998 nan 3.4   
52 468 0.18504397463088468 8.650819494711483 0.00038290714668454465 4.2044544907030821e-04 0.0006781550028337267 0.00656624368743293 0.0015635870901043248 0.00044575334326306284 nan 3.4   
52 468 0.38834419849355367 6.647992412133834 0.00045735661482010657 4.5735661482010657e-04 0.0007512538729074559 0.011940772532210037 0.0002227115390915455 0.000636857612484663 nan 3.4   
51 459 0.1486183290026176 6.469562962395501 0.0004319684148644071 4.3653746025248903e-04 0.0005242448429029694 0.011862122303679688 0.004356401574812117 0.0004470540754681235 nan 3.4   
51 459 0.4739794497527188 8.821681053500313 0.0004000936137162164 4.0009361371621638e-04 0.0005685318734820655 0.0010134925332426607 0.00018315267713305992 0.0005280925996604327 nan 3.4   
53 477 0.08094642444231107 8.4393171960709 0.00046595748310520934 4.7372782784043836e-04 0.0004920923355868789 0.0007517833424754269 5.963706798246934e-05 0.0004759760527652501 nan 3.4   
52 468 0.2478903891756396 10.786483443840677 0.0003937097189874471 4.0523139128333829e-04 0.0006695267668257174 0.06878688285065573 0.0032442912669701667 0.00045122794391229154 nan 3.5   
53 477 0.18746654016572245 8.860698253578999 0.00038290714668454465 4.0912936388072063e-04 0.0004869253763720045 0.0014692533324515479 0.00014706784534739112 0.0004491337790833178 nan 3.5   
53 477 0.4059392982047645 6.600575720005409 0.00045735661482010657 4.8273660734446307e-04 0.0006096525917653993 0.0008016260183675589 0.0001566684077551377 0.0005538561395241135 nan 3.5   
52 468 0.13189868848067582 6.547627821931532 0.0004319684148644071 4.6766199823683534e-04 0.0004917473724310243 0.009513254159904278 0.002489506940627164 0.0004766572970127675 nan 3.5   
54 486 0.07544387375423517 8.598930372520877 0.0004633434274851694 4.6334342748516940e-04 0.0004836550009483256 0.0007846964066573494 9.289383764496932e-05 0.0004765802659832381 nan 3.5   
52 468 0.4696653450480334 9.073790422438613 0.0004000936137162164 4.5049761442510515e-04 0.0019093770700238744 0.38717792644341564 0.005950310091613542 0.0011241380722990173 nan 3.5   
53 477 0.2286887442583446 10.737199272847924 0.000388504082450855 3.8850408245085497e-04 0.0005174024123345945 0.002162577359088101 0.0009269665299827801 0.0004596886208914168 nan 3.5   
54 486 0.1666886230283381 9.037703156326428 0.00038290714668454465 4.1656724484140644e-04 0.0004698498092517983 0.0018273423432778988 0.00017749184776893524 0.00043515602461328224 nan 3.6   
54 486 0.40535870119990325 6.567939791115579 0.0004565967913249644 4.5659679132496441e-04 0.000778823954252367 0.012349129336549507 0.002773009934369962 0.0005689196224872281 nan 3.6   
53 477 0.13319738545423274 6.7211216231815865 0.0004217635127592421 4.2176351275924210e-04 0.00045491145950249146 0.000485456076185345 2.1635192802023037e-05 0.0004395494564799982 nan 3.6   
55 495 0.07232887082286771 8.58838796339768 0.0004633434274851694 4.6492613546086713e-04 0.0004759678240417723 0.0008126222823614849 6.088710314975976e-05 0.000474324304955932 nan 3.6   
53 477 0.4309623903478673 9.36216991751501 0.0004000936137162164 4.4647333796125069e-04 0.0007964498897823587 0.4751506495125899 0.026146570047686342 0.0006216663115025519 nan 3.6   
54 486 0.2675166146612667 11.02250734911518 0.000388504082450855 4.2462553711078525e-04 0.0004793434001122024 0.0016646664658624053 0.00018652998411201188 0.0004581340907413168 nan 3.6   
55 495 0.1569676550156202 9.139160740681689 0.00038290714668454465 4.2273599260401833e-04 0.0004876763793501597 0.01127923630878274 0.002335730186373004 0.0004368811803143814 nan 3.6   
55 495 0.42739195478230596 6.519965831119865 0.0004565967913249644 5.3835241195505674e-04 0.0006779515060630902 0.12929996949345873 0.013355332690796837 0.0006100050717875232 nan 3.6   
54 486 0.14413584062353577 6.945228345934663 0.0004216129716596466 4.2161297165964660e-04 0.0004605958488869504 0.005517959510901616 0.0007853489881992497 0.0004377130588992243 nan 3.6   
56 504 0.06886934721422996 8.791935948141868 0.0004633434274851694 4.6475087695789535e-04 0.00047675651568992127 0.0008793612827561218 7.522029377698644e-05 0.00047350495096414264 nan 3.6   
54 486 0.4061102328429805 9.678844506323335 0.0004000936137162164 4.6132126757094039e-04 0.00384040179671607 0.589736199955258 0.09464533116715614 0.0005851651720047013 nan 3.6   
55 495 0.2749977519579807 11.619633683806649 0.000388504082450855 3.9815205780408788e-04 0.0004988335715532763 0.012069072863624963 0.006050657162359612 0.00045782248996353105 nan 3.7   
56 504 0.15535743836369018 9.036777400559988 0.00038290714668454465 3.9606725484868220e-04 0.00044146764700294267 0.002432441968498195 0.0010348057245614963 0.00042834850850362316 nan 3.7   
56 504 0.3754648156673817 7.303815443878351 0.0004486687344877403 4.4866873448774032e-04 0.0006816216663901455 0.022059566932820494 0.00027830803106813776 0.0005844049845289444 nan 3.7   
55 495 0.1674982467900062 6.920658460927985 0.0004088490391514951 4.0884903915149512e-04 0.0004509677115160355 0.005958582620613554 4.191725036082266e-05 0.00044283516966808507 nan 3.7   
57 513 0.0676196982629769 8.983858580690434 0.0004588346437348609 4.5883464373486091e-04 0.00047642787218824846 0.0007461287779579118 1.1482753060931697e-05 0.0004686036929262259 nan 3.7   
55 495 0.3664907334715793 9.695126881099544 0.0004000936137162164 4.1251821068980443e-04 0.0005425188233707526 0.2780930266839425 0.013239619916213573 0.00045878400024873376 nan 3.7   
56 504 0.2694632310139367 11.758473078683105 0.000388504082450855 4.1678128170644893e-04 0.0029800599649814664 0.010341022994009194 0.0028965532413604634 0.00048716883451932393 nan 3.7   
57 513 0.14266256712425815 9.341781511873576 0.00038290714668454465 4.0814965187405545e-04 0.0004482620668355322 0.009189539337521126 0.0016781122127951544 0.00042286638707497866 nan 3.8   
57 513 0.3498203833597675 7.624229807519422 0.0004486687344877403 4.7929997194364078e-04 0.0007811705608076119 0.01506274900850424 0.003165918284211054 0.0006243444205505412 nan 3.8   
58 522 0.06540477724428687 8.955556087161451 0.0004588346437348609 4.6362446290975409e-04 0.0004682186837270962 0.0007908103338522697 5.779218845525317e-05 0.00046592933886621543 nan 3.8   
56 504 0.16250077756640155 7.467027746424668 0.0004088490391514951 4.1142864050775483e-04 0.0008314382051420114 0.006427332356703272 0.0020522707905441927 0.0004673135495641766 nan 3.8   
56 504 0.3967703163422047 9.696493363408996 0.0004000936137162164 4.4026571666191684e-04 0.00048261584037885297 0.13550698474858358 0.00042480001263035826 0.0004664284757335787 nan 3.8   
57 513 0.2781039775952485 11.990958992054901 0.0003713462352759394 3.7134623527593940e-04 0.0004555142110327661 0.0009440443729867037 0.00023497636236399788 0.0003939906619009429 nan 3.8   
58 522 0.1315701676506272 9.35485215152085 0.00038290714668454465 3.9960073819508927e-04 0.00043241150004946603 0.007213977545449599 0.0012544922492031692 0.00041584018602562384 nan 3.8   
58 522 0.3065777031543574 7.514112579757889 0.0004486687344877403 4.6226897811553729e-04 0.0005687247477605851 0.008059163485179974 0.00040466152784738804 0.0005240655177753332 nan 3.8   
59 531 0.063578101137932 9.75415233742021 0.0004588346437348609 4.6059598023232999e-04 0.00046575449921510824 0.00047805989366913785 1.2635626095941575e-05 0.0004615805877017502 nan 3.8   
57 513 0.16048182663805188 7.885768063663219 0.0004088490391514951 4.1179762809335748e-04 0.00043219405203665504 0.0008637553019122681 7.523347555297619e-05 0.0004274636939606835 nan 3.8   
57 513 0.4030886739831894 10.109048692936078 0.0004000936137162164 4.7488342630521471e-04 0.0018132534822692726 0.022195643870348027 0.004610271534486803 0.0005713168745273638 nan 3.8   
58 522 0.2691561569205638 11.654036497129201 0.0003713462352759394 3.9212152119336483e-04 0.0019702192946033353 0.02397113136009446 0.008519208674196461 0.0004377590313726507 nan 3.9   
59 531 0.12065675470580234 9.928239292071996 0.00038290714668454465 3.9475648396174276e-04 0.00041056040537471825 0.0009399519246151149 5.632575360731232e-05 0.0004009622469067761 nan 3.9   
59 531 0.277542828504268 7.869757915902882 0.00040073810738049635 4.0073810738049635e-04 0.0005035987406648315 0.002068441300962476 0.0002431725576971841 0.0004630827122579804 nan 3.9   
60 540 0.06263606739265924 10.160965699830836 0.0004588346437348609 4.6416327350567641e-04 0.0004737607670529946 0.001356017496518494 0.00010017925477859058 0.000468351685856002 nan 3.9   
58 522 0.14928566771541554 8.020072680894916 0.0004088490391514951 4.0927606353381078e-04 0.0004668120016605201 0.003227796632262767 0.0004995374566724331 0.0004192707361387336 nan 3.9   
58 522 0.380170003193143 10.719583065325441 0.00039639643659027725 3.9639643659027725e-04 0.0006195273335368219 0.003616026953038601 0.00045732556794668964 0.0004986436218125756 nan 3.9   
59 531 0.23041538398807335 12.720319658085042 0.0003713462352759394 4.0971265862055860e-04 0.0004767257009378521 0.0037266174889451944 0.0014730829429553994 0.0004159273395969864 nan 3.9   
60 540 0.12266823436293506 9.942527383474776 0.00038290714668454465 4.0188247198807628e-04 0.0004458893417172521 0.002700841604566782 0.0003003468370763534 0.0004283361554673601 nan 3.9   
60 540 0.2727909555744098 7.947855203564981 0.00040073810738049635 4.5491675201426735e-04 0.0005462909947804802 0.010920479126512988 0.0007258822168554645 0.0004972973495717919 nan 4.0   
61 549 0.06502018260711923 10.871462735021538 0.00045778544192005306 4.5778544192005306e-04 0.00046893097566303273 0.0004898912723875938 7.0530535151048655e-06 0.00046623786378764557 nan 4.0   
59 531 0.13483607257075803 8.313717776815258 0.00040666295264593964 4.0666295264593964e-04 0.0004407250690401661 0.008079251320694397 0.000970580440388411 0.00042938498756882044 nan 4.0   
59 531 0.320541012246476 11.133240069052674 0.00039639643659027725 4.2411732291849826e-04 0.0005072862075526561 0.2183801707613567 0.003755100025496156 0.00047013240875776137 nan 4.0   
60 540 0.2472120221452092 12.28808406222841 0.0003713462352759394 3.8387088962469013e-04 0.0004453752616421653 0.031762537606744176 0.0013720972479597832 0.0004036138556334625 nan 4.0   
61 549 0.12627570637484284 10.619721646928962 0.00038290714668454465 3.8755245646903568e-04 0.000443376336092417 0.0020339023870083782 0.0006153538425528594 0.000417907808251467 nan 4.0   
61 549 0.2798346566616013 8.077698681977992 0.00040073810738049635 4.5422174367201962e-04 0.0005514918319078697 0.0027740072135152777 0.00014052951807627862 0.0005271398499043455 nan 4.0   
62 558 0.06649030841097163 11.458521748329689 0.00045650282568785014 4.5650282568785014e-04 0.00046168558602273184 0.0005696085469801858 2.3999969770492884e-05 0.0004587124293246763 nan 4.0   
60 540 0.1256509309926907 8.705757558071742 0.00040577321059395493 4.0577321059395493e-04 0.00047981755490922404 0.037811995920584304 0.001647930024876105 0.0004383247406475747 nan 4.0   
60 540 0.3034877648886593 11.477295836347942 0.0003785056697748393 3.7850566977483928e-04 0.0006186981216427038 0.20690677135782695 0.10550804486298423 0.0004532809656895208 nan 4.0   
61 549 0.2872123686298488 14.541969533842874 0.0003713462352759394 3.7180036011832864e-04 0.001091013674254143 0.038007216115424326 0.002620083812015014 0.00040401698947052666 nan 4.1   
62 558 0.12121491003118948 11.281124313949123 0.00038290714668454465 4.1222861069735889e-04 0.0006814446154902517 0.0015383641095860386 0.0008022627676304197 0.0004272294100194864 nan 4.1   
62 558 0.2806351191148598 8.177841984176325 0.00040073810738049635 5.5045340495510624e-04 0.0006529504281397855 0.012353169004587317 0.0015543186262369844 0.0005842763303115311 nan 4.1   
63 567 0.07058590462260582 13.107901548062456 0.00045165279924261944 4.5165279924261944e-04 0.00046199707352296513 0.0005582356563012771 2.2399019812272794e-05 0.00045608608055532605 nan 4.1   
61 549 0.12477592837233797 9.55935257686157 0.00040577321059395493 4.1833517365301963e-04 0.0004398141795823615 0.004275823780078677 0.0011119655880524133 0.0004360492460153393 nan 4.1   
61 549 0.2983202160832211 11.347646208386918 0.0003785056697748393 4.1721518917332433e-04 0.0015127238681576715 0.09590280728036132 0.03756497736708749 0.0004361474070744395 nan 4.1   
62 558 0.266513175002424 16.992611644809863 0.0003713462352759394 4.0202396936165328e-04 0.0022013518172733343 0.00848327138726768 0.004614049595622966 0.00045236090344626524 nan 4.1   
63 567 0.11658600272355057 11.848700567356975 0.00038290714668454465 4.0667886535126444e-04 0.00042856790813545543 0.0010112754011045 3.450469734807358e-05 0.000415374672431303 nan 4.1   
63 567 0.24699504929694222 8.027178479225064 0.00040073810738049635 4.7403634580477522e-04 0.0006606963501998071 0.002977877883996122 0.0002133208781697042 0.0005674263278205905 nan 4.1   
64 576 0.07544218366637813 15.169453555541795 0.00044855894319097763 4.4855894319097763e-04 0.0004629885672880454 0.000557515929000982 1.2658234392301927e-05 0.00046073837530701586 nan 4.1   
62 558 0.11957594427740571 10.693322319947358 0.00040510431456943554 4.0510431456943554e-04 0.0004657420719198381 0.004664539480435261 0.0006464515697717281 0.00044005623159934927 nan 4.1   
62 558 0.27467961465947166 11.636067349418335 0.0003785056697748393 3.9201331292916503e-04 0.0005026083978936939 0.0342675600665005 0.0006636480486635677 0.00047780193093139835 nan 4.2   
63 567 0.23841625044697778 18.374516986262286 0.0003713462352759394 3.8162592955965149e-04 0.0004725273395921072 0.001964132157992327 0.001377781635892353 0.0004070791263162838 nan 4.2   
64 576 0.10488908591812256 12.932185382098163 0.00038290714668454465 3.9487697296288691e-04 0.0004246720527733023 0.000878232903237201 2.6531235598219584e-05 0.0004130285285042499 nan 4.2   
65 585 0.07106416155744442 17.291631063200118 0.00044855894319097763 4.4900898069847277e-04 0.00046279443534948876 0.000799745590790766 6.901219911193627e-05 0.0004592199045047906 nan 4.2   
64 576 0.24973661209696738 8.049865659169814 0.00040073810738049635 4.3606081576382275e-04 0.0005484950033724106 0.0005924763617777768 0.00011990774389590922 0.00046810029570702944 nan 4.2   
63 567 0.11336199981958332 11.213850624463564 0.0004024045366768512 4.0240453667685121e-04 0.00043463836505989117 0.005341091111713389 0.0004570764278808563 0.00041516003685172846 nan 4.2   
63 567 0.2684129825598644 12.76773146928804 0.00035637262947266283 3.5637262947266283e-04 0.0004782750848004813 0.2399132537279121 0.0004522202555228958 0.0004155156397081154 nan 4.2   
64 576 0.21212633677942438 18.968811783384528 0.0003713462352759394 4.1645085218523607e-04 0.0006915471607763022 0.005055410346822927 0.001553637873495153 0.00042183408145758276 nan 4.2   
65 585 0.10181962018575241 13.397303330775058 0.00038290714668454465 3.9064306747576936e-04 0.00040465427462762577 0.002355360319704527 0.00010643401254294995 0.0003914681347006509 nan 4.3   
66 594 0.07371885627825266 18.92851349620877 0.00044855894319097763 4.5405787037303998e-04 0.00047252358073627453 0.0005884767682436443 0.00011804841929255819 0.00046261072332219805 nan 4.3   
65 585 0.23910176497282198 8.627678384733882 0.00040073810738049635 4.2656064409310517e-04 0.0005118223350900451 0.006642137315516258 0.0008921133832494565 0.00045193666531752536 nan 4.3   
64 576 0.11513435786594708 11.742505988889809 0.0004024045366768512 4.1407662690559811e-04 0.0004275315981409562 0.003277721677629529 0.00033181094187223264 0.0004211214793516428 nan 4.3   
64 576 0.2539881797168403 12.757253197379166 0.00035396003443099013 3.5396003443099013e-04 0.0004673043247064719 0.0012986278389235633 0.00017552106748219658 0.00041417465338265615 nan 4.3   
65 585 0.18471527174156943 21.02071673161953 0.0003713462352759394 3.7351650850145747e-04 0.000426100009276777 0.0027260924273642528 0.00011947731439928877 0.00040341986310612506 nan 4.3   
66 594 0.09821288267879387 14.506518563850458 0.00038290714668454465 3.9145175034415922e-04 0.0007044966692110739 0.0024380434373776887 0.0005258800380937694 0.00041959567816744346 nan 4.3   
67 603 0.06912774109431466 19.88874901660811 0.00044855894319097763 4.5331561279977797e-04 0.00047074974406166283 0.0005279572779982421 1.6791352211516187e-05 0.00046192609209035816 nan 4.3   
66 594 0.2381844768108782 9.387162820296483 0.00040073810738049635 4.4427923310206018e-04 0.0005102716572963945 0.003121887681052174 0.0010323854620975332 0.00045866863035967713 nan 4.3   
65 585 0.10543778261931083 12.869787631212295 0.0003987517485487936 3.9875174854879362e-04 0.0004287444104421648 0.008502442924202533 0.00038653014731133604 0.00041792125715170523 nan 4.3   
65 585 0.22793340385148472 13.673082664009572 0.00035396003443099013 3.6456775190858915e-04 0.0004409052705934124 0.01862526620920774 0.0005780124000044633 0.00041412822839791797 nan 4.3   
66 594 0.18141780229645862 20.988636391982197 0.0003713462352759394 3.7463474288510818e-04 0.0004187753382351688 0.0023470951969348577 0.0003244187422532568 0.00039162863018384937 nan 4.4   
67 603 0.09165760311779965 14.212820702939466 0.00038290714668454465 3.9422839406198058e-04 0.00040420214364169374 0.0031223762429301487 1.5780759520759072e-05 0.0003983578098623575 nan 4.4   
67 603 0.22689767036644398 8.693103567455662 0.00040073810738049635 4.3869725022435669e-04 0.0014529582399973727 0.009131549050283145 0.006650448457343082 0.0004952222914678676 nan 4.4   
66 594 0.10310155581791604 13.827459601979134 0.0003987517485487936 4.1402271952118244e-04 0.0004360927726753034 0.00197710784999302 0.00019890758895071032 0.00041934272853350274 nan 4.4   
66 594 0.23120724906551846 14.864391070909086 0.00035396003443099013 4.0019973267843193e-04 0.00044428769861434646 0.013543154314804969 0.0006664899255085668 0.00041315929458876047 nan 4.4   
67 603 0.18651215621350908 20.514897063406206 0.00035718110034113577 3.5718110034113577e-04 0.00040151823926973766 0.00371314413695629 0.0026589942004209798 0.00037865692071720094 nan 4.4   
67 603 0.10026639993076228 13.62455345423431 0.0003987517485487936 4.0120354125323726e-04 0.0005857971482707031 0.0030857648499926864 0.0013439662937950617 0.0004097319032200578 nan 4.5   
67 603 0.2273809672628737 14.58348548828984 0.00035396003443099013 3.9579072605940929e-04 0.0004178369580655881 0.001372805250339378 0.00016272922621582626 0.00039904525945526 nan 4.5   
