% # columns="iteration, evaluation, sigma, beta, void,  sigvec==sigma_vec.scaling factors from diagonal decoding", seed=2567, Fri Aug 28 18:40:49 2026, <python>{}</python>
1 9 0.9449729899729058 1 0 0.03749999999999999 0.037500000000000006 0.08996575 1.5707963267948966 0.18849555921538758 0.7696902001294993 0.0175
1 9 0.9449729899729059 1 0 0.03749999999999999 0.037500000000000006 0.08996575 1.5707963267948966 0.18849555921538758 0.7696902001294993 0.0175
1 9 0.9449729899729059 1 0 0.037500000000000006 0.037500000000000006 0.08996575 1.5707963267948966 0.18849555921538758 0.7696902001294993 0.0175
1 9 0.9449729899729059 1 0 0.037500000000000006 0.037500000000000006 0.08996575 1.5707963267948966 0.18849555921538758 0.7696902001294993 0.0175
1 9 0.9449729899729059 1 0 0.03749999999999999 0.037500000000000006 0.08996575 1.5707963267948966 0.18849555921538758 0.7696902001294993 0.0175
1 9 0.944972989972906 1 0 0.037500000000000006 0.037500000000000006 0.08996575 1.5707963267948966 0.18849555921538758 0.7696902001294993 0.0175
2 18 0.9087555735421707 1 0 0.037500000000000006 0.037500000000000006 0.08996575 1.5707963267948966 0.18849555921538758 0.7696902001294993 0.0175
2 18 0.9087555735421712 1 0 0.03749999999999999 0.037500000000000006 0.08996575 1.5707963267948966 0.18849555921538758 0.7696902001294993 0.0175
2 18 0.908755573542171 1 0 0.037500000000000006 0.037500000000000006 0.08996575 1.5707963267948966 0.18849555921538758 0.7696902001294993 0.0175
2 18 0.9087555735421708 1 0 0.03749999999999999 0.037500000000000006 0.08996575 1.5707963267948966 0.18849555921538758 0.7696902001294993 0.0175
2 18 0.9087555735421707 1 0 0.03749999999999999 0.037500000000000006 0.08996575 1.5707963267948966 0.18849555921538758 0.7696902001294993 0.0175
2 18 0.9087555735421704 1 0 0.037500000000000006 0.037500000000000006 0.08996575 1.5707963267948966 0.18849555921538758 0.7696902001294993 0.0175
3 27 0.8929064494700618 1 0 0.037500000000000006 0.037500000000000006 0.08996575 1.5707963267948966 0.18849555921538758 0.7696902001294993 0.0175
3 27 0.8929064494700619 1 0 0.037500000000000006 0.037500000000000006 0.08996575 1.5707963267948966 0.18849555921538758 0.7696902001294993 0.0175
3 27 0.8929064494700624 1 0 0.03749999999999999 0.037500000000000006 0.08996575 1.5707963267948966 0.18849555921538758 0.7696902001294993 0.0175
3 27 0.892906449470062 1 0 0.037500000000000006 0.037500000000000006 0.08996575 1.5707963267948966 0.18849555921538758 0.7696902001294993 0.0175
3 27 0.8929064494700621 1 0 0.03749999999999999 0.037500000000000006 0.08996575 1.5707963267948966 0.18849555921538758 0.7696902001294993 0.0175
3 27 0.8929064494700617 1 0 0.03749999999999999 0.037500000000000006 0.08996575 1.5707963267948966 0.18849555921538758 0.7696902001294993 0.0175
4 36 0.9107936243491093 1 0 0.037500000000000006 0.037500000000000006 0.08996575 1.5707963267948966 0.18849555921538758 0.7696902001294993 0.0175
4 36 0.9107936243491087 1 0 0.03749999999999999 0.037500000000000006 0.08996575 1.5707963267948966 0.18849555921538758 0.7696902001294993 0.0175
4 36 0.9107936243491089 1 0 0.037500000000000006 0.037500000000000006 0.08996575 1.5707963267948966 0.18849555921538758 0.7696902001294993 0.0175
4 36 0.9107936243491095 1 0 0.03749999999999999 0.037500000000000006 0.08996575 1.5707963267948966 0.18849555921538758 0.7696902001294993 0.0175
4 36 0.9107936243491096 1 0 0.03749999999999999 0.037500000000000006 0.08996575 1.5707963267948966 0.18849555921538758 0.7696902001294993 0.0175
4 36 0.9107936243491088 1 0 0.037500000000000006 0.037500000000000006 0.08996575 1.5707963267948966 0.18849555921538758 0.7696902001294993 0.0175
5 45 0.9600110149980424 1 0 0.037500000000000006 0.037500000000000006 0.08996575 1.5707963267948966 0.18849555921538758 0.7696902001294993 0.0175
5 45 0.9600110149980426 1 0 0.03749999999999999 0.037500000000000006 0.08996575 1.5707963267948966 0.18849555921538758 0.7696902001294993 0.0175
5 45 0.9600110149980415 1 0 0.037500000000000006 0.037500000000000006 0.08996575 1.5707963267948966 0.18849555921538758 0.7696902001294993 0.0175
5 45 0.9600110149980414 1 0 0.03749999999999999 0.037500000000000006 0.08996575 1.5707963267948966 0.18849555921538758 0.7696902001294993 0.0175
5 45 0.9600110149980423 1 0 0.03749999999999999 0.037500000000000006 0.08996575 1.5707963267948966 0.18849555921538758 0.7696902001294993 0.0175
5 45 0.9600110149980416 1 0 0.037500000000000006 0.037500000000000006 0.08996575 1.5707963267948966 0.18849555921538758 0.7696902001294993 0.0175
6 54 1.046901611262995 1 0 0.03749999999999999 0.037500000000000006 0.08996575 1.5707963267948966 0.18849555921538758 0.7696902001294993 0.0175
6 54 1.0469016112629943 1 0 0.037500000000000006 0.037500000000000006 0.08996575 1.5707963267948966 0.18849555921538758 0.7696902001294993 0.0175
6 54 1.0469016112629932 1 0 0.037500000000000006 0.037500000000000006 0.08996575 1.5707963267948966 0.18849555921538758 0.7696902001294993 0.0175
6 54 1.0469016112629939 1 0 0.03749999999999999 0.037500000000000006 0.08996575 1.5707963267948966 0.18849555921538758 0.7696902001294993 0.0175
6 54 1.0469016112629932 1 0 0.03749999999999999 0.037500000000000006 0.08996575 1.5707963267948966 0.18849555921538758 0.7696902001294993 0.0175
6 54 1.0469016112629934 1 0 0.037500000000000006 0.037500000000000006 0.08996575 1.5707963267948966 0.18849555921538758 0.7696902001294993 0.0175
7 63 0.9808150963897795 1 0 0.03749999999999999 0.037500000000000006 0.08996575 1.5707963267948966 0.18849555921538758 0.7696902001294993 0.0175
7 63 0.9808150963897788 1 0 0.037500000000000006 0.037500000000000006 0.08996575 1.5707963267948966 0.18849555921538758 0.7696902001294993 0.0175
7 63 0.9808150963897805 1 0 0.03749999999999999 0.037500000000000006 0.08996575 1.5707963267948966 0.18849555921538758 0.7696902001294993 0.0175
7 63 0.9808150963897785 1 0 0.03749999999999999 0.037500000000000006 0.08996575 1.5707963267948966 0.18849555921538758 0.7696902001294993 0.0175
7 63 0.980815096389779 1 0 0.037500000000000006 0.037500000000000006 0.08996575 1.5707963267948966 0.18849555921538758 0.7696902001294993 0.0175
7 63 0.9808150963897795 1 0 0.037500000000000006 0.037500000000000006 0.08996575 1.5707963267948966 0.18849555921538758 0.7696902001294993 0.0175
8 72 0.9955610830343333 1 0 0.03749999999999999 0.037500000000000006 0.08996575 1.5707963267948966 0.18849555921538758 0.7696902001294993 0.0175
8 72 0.9439356079277104 1 0 0.03749999999999999 0.037500000000000006 0.08996575 1.5707963267948966 0.18849555921538758 0.7696902001294993 0.0175
8 72 0.9439356079277089 1 0 0.037500000000000006 0.037500000000000006 0.08996575 1.5707963267948966 0.18849555921538758 0.7696902001294993 0.0175
8 72 0.9439356079277094 1 0 0.037500000000000006 0.037500000000000006 0.08996575 1.5707963267948966 0.18849555921538758 0.7696902001294993 0.0175
8 72 0.943935607927708 1 0 0.03749999999999999 0.037500000000000006 0.08996575 1.5707963267948966 0.18849555921538758 0.7696902001294993 0.0175
8 72 0.9439356079277089 1 0 0.037500000000000006 0.037500000000000006 0.08996575 1.5707963267948966 0.18849555921538758 0.7696902001294993 0.0175
9 81 0.965896639094801 1 0 0.03749999999999999 0.037500000000000006 0.08996575 1.5707963267948966 0.18849555921538758 0.7696902001294993 0.0175
9 81 0.8206293312726286 1 0 0.037500000000000006 0.037500000000000006 0.08996575 1.5707963267948966 0.18849555921538758 0.7696902001294993 0.0175
9 81 0.8513798812064012 1 0 0.03749999999999999 0.037500000000000006 0.08996575 1.5707963267948966 0.18849555921538758 0.7696902001294993 0.0175
9 81 0.8206293312726274 1 0 0.03749999999999999 0.037500000000000006 0.08996575 1.5707963267948966 0.18849555921538758 0.7696902001294993 0.0175
9 81 0.8206293312726289 1 0 0.037500000000000006 0.037500000000000006 0.08996575 1.5707963267948966 0.18849555921538758 0.7696902001294993 0.0175
9 81 0.8206293312726286 1 0 0.037500000000000006 0.037500000000000006 0.08996575 1.5707963267948966 0.18849555921538758 0.7696902001294993 0.0175
10 90 0.7289711996298516 1 0 0.037500000000000006 0.037500000000000006 0.08996575 1.5707963267948966 0.18849555921538758 0.7696902001294993 0.0175
10 90 0.8857070582603395 1 0 0.03749999999999999 0.037500000000000006 0.08996575 1.5707963267948966 0.18849555921538758 0.7696902001294993 0.0175
10 90 0.7289711996298504 1 0 0.03749999999999999 0.037500000000000006 0.08996575 1.5707963267948966 0.18849555921538758 0.7696902001294993 0.0175
10 90 0.7289711996298519 1 0 0.037500000000000006 0.037500000000000006 0.08996575 1.5707963267948966 0.18849555921538758 0.7696902001294993 0.0175
10 90 0.8078747559212417 1 0 0.03749999999999999 0.037500000000000006 0.08996575 1.5707963267948966 0.18849555921538758 0.7696902001294993 0.0175
10 90 0.7289711996298516 1 0 0.037500000000000006 0.037500000000000006 0.08996575 1.5707963267948966 0.18849555921538758 0.7696902001294993 0.0175
11 99 0.8154028175505734 1 0 0.03749999999999999 0.037500000000000006 0.08996575 1.5707963267948966 0.18849555921538758 0.7696902001294993 0.0175
11 99 0.6581829545660882 1 0 0.037500000000000006 0.037500000000000006 0.08996575 1.5707963267948966 0.18849555921538758 0.7696902001294993 0.0175
11 99 0.658182954566088 1 0 0.037500000000000006 0.037500000000000006 0.08996575 1.5707963267948966 0.18849555921538758 0.7696902001294993 0.0175
11 99 0.6581829545660871 1 0 0.03749999999999999 0.037500000000000006 0.08996575 1.5707963267948966 0.18849555921538758 0.7696902001294993 0.0175
11 99 0.6581829545660886 1 0 0.037500000000000006 0.037500000000000006 0.08996575 1.5707963267948966 0.18849555921538758 0.7696902001294993 0.0175
11 99 0.8331957561926445 1 0 0.03749999999999999 0.037500000000000006 0.08996575 1.5707963267948966 0.18849555921538758 0.7696902001294993 0.0175
12 108 0.7587252535166238 1 0 0.03749999999999999 0.037500000000000006 0.08996575 1.5707963267948966 0.18849555921538758 0.7696902001294993 0.0175
12 108 0.6545252902319133 1 0 0.037500000000000006 0.037500000000000006 0.08996575 1.5707963267948966 0.18849555921538758 0.7696902001294993 0.0175
12 108 0.6545252902319124 1 0 0.03749999999999999 0.037500000000000006 0.08996575 1.5707963267948966 0.18849555921538758 0.7696902001294993 0.0175
12 108 0.654525290231914 1 0 0.037500000000000006 0.037500000000000006 0.08996575 1.5707963267948966 0.18849555921538758 0.7696902001294993 0.0175
12 108 0.7805308994169261 1 0 0.03749999999999999 0.037500000000000006 0.08996575 1.5707963267948966 0.18849555921538758 0.7696902001294993 0.0175
12 108 0.6545252902319132 1 0 0.037500000000000006 0.037500000000000006 0.08996575 1.5707963267948966 0.18849555921538758 0.7696902001294993 0.0175
13 117 0.6633481010970335 1 0 0.03749999999999999 0.037500000000000006 0.08996575 1.5707963267948966 0.18849555921538758 0.7696902001294993 0.0175
13 117 0.602422371043557 1 0 0.03749999999999999 0.037500000000000006 0.08996575 1.5707963267948966 0.18849555921538758 0.7696902001294993 0.0175
13 117 0.6024223710435577 1 0 0.037500000000000006 0.037500000000000006 0.08996575 1.5707963267948966 0.18849555921538758 0.7696902001294993 0.0175
13 117 0.6024223710435581 1 0 0.037500000000000006 0.037500000000000006 0.08996575 1.5707963267948966 0.18849555921538758 0.7696902001294993 0.0175
13 117 0.797176179331306 1 0 0.03749999999999999 0.037500000000000006 0.08996575 1.5707963267948966 0.18849555921538758 0.7696902001294993 0.0175
13 117 0.6024223710435577 1 0 0.037500000000000006 0.037500000000000006 0.08996575 1.5707963267948966 0.18849555921538758 0.7696902001294993 0.0175
14 126 0.6047168603697054 1 0 0.03749999999999999 0.037500000000000006 0.08996575 1.5707963267948966 0.18849555921538758 0.7696902001294993 0.0175
14 126 0.5854219039113706 1 0 0.03749999999999999 0.037500000000000006 0.08996575 1.5707963267948966 0.18849555921538758 0.7696902001294993 0.0175
14 126 0.9398803603999784 1 0 0.03749999999999999 0.037500000000000006 0.08996575 1.5707963267948966 0.18849555921538758 0.7696902001294993 0.0175
14 126 0.5854219039113713 1 0 0.037500000000000006 0.037500000000000006 0.08996575 1.5707963267948966 0.18849555921538758 0.7696902001294993 0.0175
14 126 0.5854219039113716 1 0 0.037500000000000006 0.037500000000000006 0.08996575 1.5707963267948966 0.18849555921538758 0.7696902001294993 0.0175
14 126 0.5854219039113713 1 0 0.037500000000000006 0.037500000000000006 0.08996575 1.5707963267948966 0.18849555921538758 0.7696902001294993 0.0175
15 135 0.6436897705386986 1 0 0.03749999999999999 0.037500000000000006 0.08996575 1.5707963267948966 0.18849555921538758 0.7696902001294993 0.0175
15 135 0.5797498023185446 1 0 0.03749999999999999 0.037500000000000006 0.08996575 1.5707963267948966 0.18849555921538758 0.7696902001294993 0.0175
15 135 0.8655317777034395 1 0 0.03749999999999999 0.037500000000000006 0.08996575 1.5707963267948966 0.18849555921538758 0.7696902001294993 0.0175
15 135 0.5797498023185456 1 0 0.037500000000000006 0.037500000000000006 0.08996575 1.5707963267948966 0.18849555921538758 0.7696902001294993 0.0175
15 135 0.5978422546143433 1 0 0.037500000000000006 0.037500000000000006 0.08996575 1.5707963267948966 0.18849555921538758 0.7696902001294993 0.0175
15 135 0.5797498023185452 1 0 0.037500000000000006 0.037500000000000006 0.08996575 1.5707963267948966 0.18849555921538758 0.7696902001294993 0.0175
16 144 0.6421313468021472 1 0 0.03749999999999999 0.037500000000000006 0.08996575 1.5707963267948966 0.18849555921538758 0.7696902001294993 0.0175
16 144 0.5140866459178055 1 0 0.03749999999999999 0.037500000000000006 0.08996575 1.5707963267948966 0.18849555921538758 0.7696902001294993 0.0175
16 144 0.7710259698063476 1 0 0.03749999999999999 0.037500000000000006 0.08996575 1.5707963267948966 0.18849555921538758 0.7696902001294993 0.0175
16 144 0.6264484526708747 1 0 0.037500000000000006 0.037500000000000006 0.08996575 1.5707963267948966 0.18849555921538758 0.7696902001294993 0.0175
16 144 0.5521830450072918 1 0 0.037500000000000006 0.037500000000000006 0.08996575 1.5707963267948966 0.18849555921538758 0.7696902001294993 0.0175
16 144 0.6264484526708743 1 0 0.037500000000000006 0.037500000000000006 0.08996575 1.5707963267948966 0.18849555921538758 0.7696902001294993 0.0175
17 153 0.6230433229227466 1 0 0.03749999999999999 0.037500000000000006 0.08996575 1.5707963267948966 0.18849555921538758 0.7696902001294993 0.0175
17 153 0.47151680426088494 1 0 0.03749999999999999 0.037500000000000006 0.08996575 1.5707963267948966 0.18849555921538758 0.7696902001294993 0.0175
17 153 0.7220366342288955 1 0 0.03749999999999999 0.037500000000000006 0.08996575 1.5707963267948966 0.18849555921538758 0.7696902001294993 0.0175
17 153 0.5369191732041608 1 0 0.037500000000000006 0.037500000000000006 0.08996575 1.5707963267948966 0.18849555921538758 0.7696902001294993 0.0175
17 153 0.6139845244575164 1 0 0.037500000000000006 0.037500000000000006 0.08996575 1.5707963267948966 0.18849555921538758 0.7696902001294993 0.0175
17 153 0.6696284845836317 1 0 0.037500000000000006 0.037500000000000006 0.08996575 1.5707963267948966 0.18849555921538758 0.7696902001294993 0.0175
18 162 0.6243787968221706 1 0 0.03749999999999999 0.037500000000000006 0.08996575 1.5707963267948966 0.18849555921538758 0.7696902001294993 0.0175
18 162 0.41621693052464653 1 0 0.03749999999999999 0.037500000000000006 0.08996575 1.5707963267948966 0.18849555921538758 0.7696902001294993 0.0175
18 162 0.6976467045659206 1 0 0.03749999999999999 0.037500000000000006 0.08996575 1.5707963267948966 0.18849555921538758 0.7696902001294993 0.0175
18 162 0.4982761895244113 1 0 0.037500000000000006 0.037500000000000006 0.08996575 1.5707963267948966 0.18849555921538758 0.7696902001294993 0.0175
18 162 0.5942389294110265 1 0 0.037500000000000006 0.037500000000000006 0.08996575 1.5707963267948966 0.18849555921538758 0.7696902001294993 0.0175
18 162 0.6868723757389836 1 0 0.037500000000000006 0.037500000000000006 0.08996575 1.5707963267948966 0.18849555921538758 0.7696902001294993 0.0175
19 171 0.6074906988173338 1 0 0.03749999999999999 0.037500000000000006 0.08996575 1.5707963267948966 0.18849555921538758 0.7696902001294993 0.0175
19 171 0.6330660002572167 1 0 0.03749999999999999 0.037500000000000006 0.08996575 1.5707963267948966 0.18849555921538758 0.7696902001294993 0.0175
19 171 0.3741746976439526 1 0 0.03749999999999999 0.037500000000000006 0.08996575 1.5707963267948966 0.18849555921538758 0.7696902001294993 0.0175
19 171 0.45021616170917145 1 0 0.037500000000000006 0.037500000000000006 0.08996575 1.5707963267948966 0.18849555921538758 0.7696902001294993 0.0175
19 171 0.5461368350997862 1 0 0.037500000000000006 0.037500000000000006 0.08996575 1.5707963267948966 0.18849555921538758 0.7696902001294993 0.0175
19 171 0.6095942569692011 1 0 0.037500000000000006 0.037500000000000006 0.08996575 1.5707963267948966 0.18849555921538758 0.7696902001294993 0.0175
20 180 0.6296812576859657 1 0 0.03749999999999999 0.037500000000000006 0.08996575 1.5707963267948966 0.18849555921538758 0.7696902001294993 0.0175
20 180 0.6254733855267897 1 0 0.03749999999999999 0.037500000000000006 0.08996575 1.5707963267948966 0.18849555921538758 0.7696902001294993 0.0175
20 180 0.36974118678844775 1 0 0.03749999999999999 0.037500000000000006 0.08996575 1.5707963267948966 0.18849555921538758 0.7696902001294993 0.0175
20 180 0.45359207212347213 1 0 0.037500000000000006 0.037500000000000006 0.08996575 1.5707963267948966 0.18849555921538758 0.7696902001294993 0.0175
20 180 0.4882110160348319 1 0 0.037500000000000006 0.037500000000000006 0.08996575 1.5707963267948966 0.18849555921538758 0.7696902001294993 0.0175
20 180 0.6039100365958338 1 0 0.037500000000000006 0.037500000000000006 0.08996575 1.5707963267948966 0.18849555921538758 0.7696902001294993 0.0175
21 189 0.5475754051153212 1 0 0.03749999999999999 0.037500000000000006 0.08996575 1.5707963267948966 0.18849555921538758 0.7696902001294993 0.0175
21 189 0.6836512559374393 1 0 0.03749999999999999 0.037500000000000006 0.08996575 1.5707963267948966 0.18849555921538758 0.7696902001294993 0.0175
21 189 0.39341829319394 1 0 0.03749999999999999 0.037500000000000006 0.08996575 1.5707963267948966 0.18849555921538758 0.7696902001294993 0.0175
21 189 0.4303680035547821 1 0 0.037500000000000006 0.037500000000000006 0.08996575 1.5707963267948966 0.18849555921538758 0.7696902001294993 0.0175
21 189 0.4665559599185 1 0 0.037500000000000006 0.037500000000000006 0.08996575 1.5707963267948966 0.18849555921538758 0.7696902001294993 0.0175
21 189 0.6367322375543087 1 0 0.037500000000000006 0.037500000000000006 0.08996575 1.5707963267948966 0.18849555921538758 0.7696902001294993 0.0175
22 198 0.514784593451536 1 0 0.03749999999999999 0.037500000000000006 0.08996575 1.5707963267948966 0.18849555921538758 0.7696902001294993 0.0175
22 198 0.6842005050827217 1 0 0.03749999999999999 0.037500000000000006 0.08996575 1.5707963267948966 0.18849555921538758 0.7696902001294993 0.0175
22 198 0.4138196382564465 1 0 0.03749999999999999 0.037500000000000006 0.08996575 1.5707963267948966 0.18849555921538758 0.7696902001294993 0.0175
22 198 0.4071753701940064 1 0 0.037500000000000006 0.037500000000000006 0.08996575 1.5707963267948966 0.18849555921538758 0.7696902001294993 0.0175
22 198 0.45546272155283346 1 0 0.037500000000000006 0.037500000000000006 0.08996575 1.5707963267948966 0.18849555921538758 0.7696902001294993 0.0175
22 198 0.6741311851189097 1 0 0.037500000000000006 0.037500000000000006 0.08996575 1.5707963267948966 0.18849555921538758 0.7696902001294993 0.0175
23 207 0.4702680491441073 1 0 0.03749999999999999 0.037500000000000006 0.08996575 1.5707963267948966 0.18849555921538758 0.7696902001294993 0.0175
23 207 0.6851377075581374 1 0 0.03749999999999999 0.037500000000000006 0.08996575 1.5707963267948966 0.18849555921538758 0.7696902001294993 0.0175
23 207 0.42379119975842633 1 0 0.03749999999999999 0.037500000000000006 0.08996575 1.5707963267948966 0.18849555921538758 0.7696902001294993 0.0175
23 207 0.38824183286713193 1 0 0.037500000000000006 0.037500000000000006 0.08996575 1.5707963267948966 0.18849555921538758 0.7696902001294993 0.0175
23 207 0.463293371794997 1 0 0.037500000000000006 0.037500000000000006 0.08996575 1.5707963267948966 0.18849555921538758 0.7696902001294993 0.0175
23 207 0.6192692822446367 1 0 0.037500000000000006 0.037500000000000006 0.08996575 1.5707963267948966 0.18849555921538758 0.7696902001294993 0.0175
24 216 0.4154752169588787 1 0 0.03749999999999999 0.037500000000000006 0.08996575 1.5707963267948966 0.18849555921538758 0.7696902001294993 0.0175
24 216 0.42010720905876914 1 0 0.03749999999999999 0.037500000000000006 0.08996575 1.5707963267948966 0.18849555921538758 0.7696902001294993 0.0175
24 216 0.6338199568976929 1 0 0.03749999999999999 0.037500000000000006 0.08996575 1.5707963267948966 0.18849555921538758 0.7696902001294993 0.0175
24 216 0.345628140655928 1 0 0.037500000000000006 0.037500000000000006 0.08996575 1.5707963267948966 0.18849555921538758 0.7696902001294993 0.0175
24 216 0.43546421002152635 1 0 0.037500000000000006 0.037500000000000006 0.08996575 1.5707963267948966 0.18849555921538758 0.7696902001294993 0.0175
24 216 0.6155512434007923 1 0 0.037500000000000006 0.037500000000000006 0.08996575 1.5707963267948966 0.18849555921538758 0.7696902001294993 0.0175
25 225 0.42617131458673646 1 0 0.03749999999999999 0.037500000000000006 0.08996575 1.5707963267948966 0.18849555921538758 0.7696902001294993 0.0175
25 225 0.4160769148945917 1 0 0.03749999999999999 0.037500000000000006 0.08996575 1.5707963267948966 0.18849555921538758 0.7696902001294993 0.0175
25 225 0.6058850237568504 1 0 0.03749999999999999 0.037500000000000006 0.08996575 1.5707963267948966 0.18849555921538758 0.7696902001294993 0.0175
25 225 0.3244447664536252 1 0 0.037500000000000006 0.037500000000000006 0.08996575 1.5707963267948966 0.18849555921538758 0.7696902001294993 0.0175
25 225 0.4218046595955844 1 0 0.037500000000000006 0.037500000000000006 0.08996575 1.5707963267948966 0.18849555921538758 0.7696902001294993 0.0175
25 225 0.6631171179751647 1 0 0.037500000000000006 0.037500000000000006 0.08996575 1.5707963267948966 0.18849555921538758 0.7696902001294993 0.0175
26 234 0.4360495890553851 1 0 0.03749999999999999 0.037500000000000006 0.08996575 1.5707963267948966 0.18849555921538758 0.7696902001294993 0.0175
26 234 0.5607844220686861 1 0 0.03749999999999999 0.037500000000000006 0.08996575 1.5707963267948966 0.18849555921538758 0.7696902001294993 0.0175
26 234 0.4026412010974057 1 0 0.03749999999999999 0.037500000000000006 0.08996575 1.5707963267948966 0.18849555921538758 0.7696902001294993 0.0175
26 234 0.3051294344343841 1 0 0.037500000000000006 0.037500000000000006 0.08996575 1.5707963267948966 0.18849555921538758 0.7696902001294993 0.0175
26 234 0.379158565059408 1 0 0.037500000000000006 0.037500000000000006 0.08996575 1.5707963267948966 0.18849555921538758 0.7696902001294993 0.0175
26 234 0.6929473910854292 1 0 0.037500000000000006 0.037500000000000006 0.08996575 1.5707963267948966 0.18849555921538758 0.7696902001294993 0.0175
27 243 0.3710548929994687 1 0 0.03749999999999999 0.037500000000000006 0.08996575 1.5707963267948966 0.18849555921538758 0.7696902001294993 0.0175
27 243 0.4976405661743336 1 0 0.03749999999999999 0.037500000000000006 0.08996575 1.5707963267948966 0.18849555921538758 0.7696902001294993 0.0175
27 243 0.3766322084780538 1 0 0.03749999999999999 0.037500000000000006 0.08996575 1.5707963267948966 0.18849555921538758 0.7696902001294993 0.0175
27 243 0.33377309627177154 1 0 0.037500000000000006 0.037500000000000006 0.08996575 1.5707963267948966 0.18849555921538758 0.7696902001294993 0.0175
27 243 0.37707383593291205 1 0 0.037500000000000006 0.037500000000000006 0.08996575 1.5707963267948966 0.18849555921538758 0.7696902001294993 0.0175
27 243 0.7731083748870318 1 0 0.037500000000000006 0.037500000000000006 0.08996575 1.5707963267948966 0.18849555921538758 0.7696902001294993 0.0175
28 252 0.3347241709817537 1 0 0.03749999999999999 0.037500000000000006 0.08996575 1.5707963267948966 0.18849555921538758 0.7696902001294993 0.0175
28 252 0.4445395018980845 1 0 0.03749999999999999 0.037500000000000006 0.08996575 1.5707963267948966 0.18849555921538758 0.7696902001294993 0.0175
28 252 0.35438588007678945 1 0 0.03749999999999999 0.037500000000000006 0.08996575 1.5707963267948966 0.18849555921538758 0.7696902001294993 0.0175
28 252 0.3308741703443905 1 0 0.037500000000000006 0.037500000000000006 0.08996575 1.5707963267948966 0.18849555921538758 0.7696902001294993 0.0175
28 252 0.39151585264485694 1 0 0.037500000000000006 0.037500000000000006 0.08996575 1.5707963267948966 0.18849555921538758 0.7696902001294993 0.0175
28 252 0.848698791712149 1 0 0.037500000000000006 0.037500000000000006 0.08996575 1.5707963267948966 0.18849555921538758 0.7696902001294993 0.0175
29 261 0.3260041026966188 1 0 0.03749999999999999 0.037500000000000006 0.08996575 1.5707963267948966 0.18849555921538758 0.7696902001294993 0.0175
29 261 0.35565670737641275 1 0 0.03749999999999999 0.037500000000000006 0.08996575 1.5707963267948966 0.18849555921538758 0.7696902001294993 0.0175
29 261 0.4086604848666472 1 0 0.03749999999999999 0.037500000000000006 0.08996575 1.5707963267948966 0.18849555921538758 0.7696902001294993 0.0175
29 261 0.31795382847510706 1 0 0.037500000000000006 0.037500000000000006 0.08996575 1.5707963267948966 0.18849555921538758 0.7696902001294993 0.0175
29 261 0.3582279260588071 1 0 0.037500000000000006 0.037500000000000006 0.08996575 1.5707963267948966 0.18849555921538758 0.7696902001294993 0.0175
29 261 0.8718500659500704 1 0 0.037500000000000006 0.037500000000000006 0.08996575 1.5707963267948966 0.18849555921538758 0.7696902001294993 0.0175
30 270 0.32389178291319726 1 0 0.03749999999999999 0.037500000000000006 0.08996575 1.5707963267948966 0.18849555921538758 0.7696902001294993 0.0175
30 270 0.3418285234322487 1 0 0.03749999999999999 0.037500000000000006 0.08996575 1.5707963267948966 0.18849555921538758 0.7696902001294993 0.0175
30 270 0.3698676662315412 1 0 0.03749999999999999 0.037500000000000006 0.08996575 1.5707963267948966 0.18849555921538758 0.7696902001294993 0.0175
30 270 0.33536794866812525 1 0 0.037500000000000006 0.037500000000000006 0.08996575 1.5707963267948966 0.18849555921538758 0.7696902001294993 0.0175
30 270 0.30204092686905004 1 0 0.037500000000000006 0.037500000000000006 0.08996575 1.5707963267948966 0.18849555921538758 0.7696902001294993 0.0175
30 270 0.8653991591484397 1 0 0.037500000000000006 0.037500000000000006 0.08996575 1.5707963267948966 0.18849555921538758 0.7696902001294993 0.0175
31 279 0.33199740546511414 1 0 0.03749999999999999 0.037500000000000006 0.08996575 1.5707963267948966 0.18849555921538758 0.7696902001294993 0.0175
31 279 0.3286288105873131 1 0 0.03749999999999999 0.037500000000000006 0.08996575 1.5707963267948966 0.18849555921538758 0.7696902001294993 0.0175
31 279 0.32329452106108536 1 0 0.03749999999999999 0.037500000000000006 0.08996575 1.5707963267948966 0.18849555921538758 0.7696902001294993 0.0175
31 279 0.3084730207543038 1 0 0.037500000000000006 0.037500000000000006 0.08996575 1.5707963267948966 0.18849555921538758 0.7696902001294993 0.0175
31 279 0.36413600278385183 1 0 0.037500000000000006 0.037500000000000006 0.08996575 1.5707963267948966 0.18849555921538758 0.7696902001294993 0.0175
31 279 0.9427957554970177 1 0 0.037500000000000006 0.037500000000000006 0.08996575 1.5707963267948966 0.18849555921538758 0.7696902001294993 0.0175
32 288 0.30973062616202857 1 0 0.03749999999999999 0.037500000000000006 0.08996575 1.5707963267948966 0.18849555921538758 0.7696902001294993 0.0175
32 288 0.3573109471897913 1 0 0.03749999999999999 0.037500000000000006 0.08996575 1.5707963267948966 0.18849555921538758 0.7696902001294993 0.0175
32 288 0.2933000121919466 1 0 0.03749999999999999 0.037500000000000006 0.08996575 1.5707963267948966 0.18849555921538758 0.7696902001294993 0.0175
32 288 0.3217190941455789 1 0 0.037500000000000006 0.037500000000000006 0.08996575 1.5707963267948966 0.18849555921538758 0.7696902001294993 0.0175
32 288 0.9889521718222981 1 0 0.037500000000000006 0.037500000000000006 0.08996575 1.5707963267948966 0.1827999585796023 0.7696902001294993 0.0175
32 288 0.35057984618791965 1 0 0.037500000000000006 0.037500000000000006 0.08996575 1.5707963267948966 0.18849555921538758 0.7696902001294993 0.0175
33 297 0.2890531393199794 1 0 0.03749999999999999 0.037500000000000006 0.08996575 1.5707963267948966 0.18849555921538758 0.7696902001294993 0.0175
33 297 0.30229098682051825 1 0 0.03749999999999999 0.037500000000000006 0.08996575 1.5707963267948966 0.18849555921538758 0.7696902001294993 0.0175
33 297 0.33037490477875286 1 0 0.03749999999999999 0.037500000000000006 0.08996575 1.5707963267948966 0.18849555921538758 0.7696902001294993 0.0175
33 297 0.3240637379545563 1 0 0.037500000000000006 0.037500000000000006 0.08996575 1.5707963267948966 0.18849555921538758 0.7696902001294993 0.0175
33 297 1.0282218764627893 1 0 0.037500000000000006 0.037500000000000006 0.08996575 1.5707963267948966 0.1736398195884837 0.7696902001294993 0.0175
33 297 0.30822200382839987 1 0 0.037500000000000006 0.037500000000000006 0.08996575 1.5707963267948966 0.18849555921538758 0.7696902001294993 0.0175
34 306 0.2653438353092922 1 0 0.03749999999999999 0.037500000000000006 0.08996575 1.5707963267948966 0.18849555921538758 0.7696902001294993 0.0175
34 306 0.24789921835734083 1 0 0.03749999999999999 0.037500000000000006 0.08996575 1.5707963267948966 0.18849555921538758 0.7696902001294993 0.0175
34 306 0.40621659096247037 1 0 0.03749999999999999 0.037500000000000006 0.08996575 1.5707963267948966 0.18849555921538758 0.7696902001294993 0.0175
34 306 0.32167097643068915 1 0 0.037500000000000006 0.037500000000000006 0.08996575 1.5707963267948966 0.18849555921538758 0.7696902001294993 0.0175
34 306 0.9594202508100318 1 0 0.037500000000000006 0.037500000000000006 0.08996575 1.5707963267948966 0.1736398195884837 0.7696902001294993 0.0175
34 306 0.3025725928681794 1 0 0.037500000000000006 0.037500000000000006 0.08996575 1.5707963267948966 0.18849555921538758 0.7696902001294993 0.0175
35 315 0.2521308251961318 1 0 0.03749999999999999 0.037500000000000006 0.08996575 1.5707963267948966 0.18849555921538758 0.7696902001294993 0.0175
35 315 0.2466204980660445 1 0 0.03749999999999999 0.037500000000000006 0.08996575 1.5707963267948966 0.18849555921538758 0.7696902001294993 0.0175
35 315 0.46188657652481474 1 0 0.03749999999999999 0.037500000000000006 0.08996575 1.5707963267948966 0.18849555921538758 0.7696902001294993 0.0175
35 315 0.31631720510462547 1 0 0.037500000000000006 0.037500000000000006 0.08996575 1.5707963267948966 0.18849555921538758 0.7696902001294993 0.0175
35 315 0.3084769926647043 1 0 0.037500000000000006 0.037500000000000006 0.08996575 1.5707963267948966 0.18849555921538758 0.7696902001294993 0.0175
35 315 0.8610923191131614 1 0 0.037500000000000006 0.037500000000000006 0.08996575 1.5707963267948966 0.1736398195884837 0.7696902001294993 0.0175
36 324 0.24404009456557224 1 0 0.03749999999999999 0.037500000000000006 0.08996575 1.5707963267948966 0.18849555921538758 0.7696902001294993 0.0175
36 324 0.25000539296050694 1 0 0.03749999999999999 0.037500000000000006 0.08996575 1.5707963267948966 0.18849555921538758 0.7696902001294993 0.0175
36 324 0.49113198208864833 1 0 0.03749999999999999 0.037500000000000006 0.08996575 1.5707963267948966 0.18849555921538758 0.7696902001294993 0.0175
36 324 0.3039295503387727 1 0 0.037500000000000006 0.037500000000000006 0.08996575 1.5707963267948966 0.18849555921538758 0.7696902001294993 0.0175
37 333 0.22400372876414978 1 0 0.03749999999999999 0.037500000000000006 0.08996575 1.5707963267948966 0.18849555921538758 0.7696902001294993 0.0175
36 324 0.3232542561828105 1 0 0.037500000000000006 0.037500000000000006 0.08996575 1.5707963267948966 0.18849555921538758 0.7696902001294993 0.0175
36 324 0.8395785246092344 1 0 0.037500000000000006 0.037500000000000006 0.08996575 1.5707963267948966 0.1736398195884837 0.7696902001294993 0.0175
37 333 0.2382622613501507 1 0 0.03749999999999999 0.037500000000000006 0.08996575 1.5707963267948966 0.18849555921538758 0.7696902001294993 0.0175
37 333 0.4480212309076789 1 0 0.03749999999999999 0.037500000000000006 0.08996575 1.5707963267948966 0.18849555921538758 0.7696902001294993 0.0175
37 333 0.2888799777014076 1 0 0.037500000000000006 0.037500000000000006 0.08996575 1.5707963267948966 0.18849555921538758 0.7696902001294993 0.0175
38 342 0.21824799302588424 1 0 0.03749999999999999 0.037500000000000006 0.08996575 1.5707963267948966 0.18849555921538758 0.7696902001294993 0.0175
37 333 0.3119363047039405 1 0 0.037500000000000006 0.037500000000000006 0.08996575 1.5707963267948966 0.18849555921538758 0.7696902001294993 0.0175
37 333 0.8063614695987246 1 0 0.037500000000000006 0.037500000000000006 0.08996575 1.5707963267948966 0.1736398195884837 0.7696902001294993 0.0175
38 342 0.2428651764491632 1 0 0.03749999999999999 0.037500000000000006 0.08996575 1.5707963267948966 0.18849555921538758 0.7696902001294993 0.0175
38 342 0.4113126758272926 1 0 0.03749999999999999 0.037500000000000006 0.08996575 1.5707963267948966 0.18849555921538758 0.7696902001294993 0.0175
39 351 0.22125929853880133 1 0 0.03749999999999999 0.037500000000000006 0.08996575 1.5707963267948966 0.18849555921538758 0.7696902001294993 0.0175
38 342 0.27268476589452206 1 0 0.037500000000000006 0.037500000000000006 0.08996575 1.5707963267948966 0.18849555921538758 0.7696902001294993 0.0175
38 342 0.2979951643955029 1 0 0.037500000000000006 0.037500000000000006 0.08996575 1.5707963267948966 0.18849555921538758 0.7696902001294993 0.0175
38 342 0.7471395057081825 1 0 0.037500000000000006 0.037500000000000006 0.08996575 1.5707963267948966 0.1736398195884837 0.7696902001294993 0.0175
39 351 0.23716466286013382 1 0 0.03749999999999999 0.037500000000000006 0.08996575 1.5707963267948966 0.18849555921538758 0.7696902001294993 0.0175
39 351 0.39356779990133883 1 0 0.03749999999999999 0.037500000000000006 0.08996575 1.5707963267948966 0.18849555921538758 0.7696902001294993 0.0175
40 360 0.21620272561272066 1 0 0.03749999999999999 0.037500000000000006 0.08996575 1.5707963267948966 0.18849555921538758 0.7696902001294993 0.0175
39 351 0.2855486540623861 1 0 0.037500000000000006 0.037500000000000006 0.08996575 1.5707963267948966 0.18849555921538758 0.7696902001294993 0.0175
39 351 0.2929426575155356 1 0 0.037500000000000006 0.037500000000000006 0.08996575 1.5707963267948966 0.18849555921538758 0.7696902001294993 0.0175
39 351 0.6675862838846071 1 0 0.037500000000000006 0.037500000000000006 0.08996575 1.5707963267948966 0.1736398195884837 0.7696902001294993 0.0175
40 360 0.22537674814984168 1 0 0.03749999999999999 0.037500000000000006 0.08996575 1.5707963267948966 0.18849555921538758 0.7696902001294993 0.0175
40 360 0.4164688660305605 1 0 0.03749999999999999 0.037500000000000006 0.08996575 1.5707963267948966 0.18849555921538758 0.7696902001294993 0.0175
41 369 0.18325988525234138 1 0 0.03749999999999999 0.037500000000000006 0.08996575 1.5707963267948966 0.18849555921538758 0.7696902001294993 0.0175
40 360 0.2937396673357381 1 0 0.037500000000000006 0.037500000000000006 0.08996575 1.5707963267948966 0.18849555921538758 0.7696902001294993 0.0175
40 360 0.6894466911135535 1 0 0.037500000000000006 0.037500000000000006 0.08996575 1.5707963267948966 0.1736398195884837 0.7696902001294993 0.0175
40 360 0.33095214882596463 1 0 0.037500000000000006 0.037500000000000006 0.08996575 1.5707963267948966 0.18849555921538758 0.7696902001294993 0.0175
41 369 0.21493588260972155 1 0 0.03749999999999999 0.037500000000000006 0.08996575 1.5707963267948966 0.18849555921538758 0.7696902001294993 0.0175
41 369 0.4581313256719677 1 0 0.03749999999999999 0.037500000000000006 0.08996575 1.5707963267948966 0.18849555921538758 0.7696902001294993 0.0175
42 378 0.15539379059123828 1 0 0.03749999999999999 0.037500000000000006 0.08996575 1.5707963267948966 0.18849555921538758 0.7696902001294993 0.0175
41 369 0.35332752097382875 1 0 0.037500000000000006 0.037500000000000006 0.08996575 1.5707963267948966 0.18849555921538758 0.7696902001294993 0.0175
41 369 0.6253574755772595 1 0 0.037500000000000006 0.037500000000000006 0.08996575 1.5707963267948966 0.1736398195884837 0.7696902001294993 0.0175
41 369 0.29117721655900886 1 0 0.037500000000000006 0.037500000000000006 0.08996575 1.5707963267948966 0.18849555921538758 0.7696902001294993 0.0175
42 378 0.1952573878106843 1 0 0.03749999999999999 0.037500000000000006 0.08996575 1.5707963267948966 0.18849555921538758 0.7696902001294993 0.0175
42 378 0.5345614585785528 1 0 0.03749999999999999 0.037500000000000006 0.08996575 1.5707963267948966 0.18849555921538758 0.7696902001294993 0.0175
43 387 0.1375951467690204 1 0 0.03749999999999999 0.037500000000000006 0.08996575 1.5707963267948966 0.18849555921538758 0.7696902001294993 0.0175
42 378 0.35723622856425996 1 0 0.037500000000000006 0.037500000000000006 0.08996575 1.5707963267948966 0.18849555921538758 0.7696902001294993 0.0175
42 378 0.5970220849308864 1 0 0.037500000000000006 0.037500000000000006 0.08996575 1.5707963267948966 0.1736398195884837 0.7696902001294993 0.0175
42 378 0.2641671975941895 1 0 0.037500000000000006 0.037500000000000006 0.08996575 1.5707963267948966 0.18849555921538758 0.7696902001294993 0.0175
43 387 0.1669960614180004 1 0 0.03749999999999999 0.037500000000000006 0.08996575 1.5707963267948966 0.18849555921538758 0.7696902001294993 0.0175
43 387 0.5750866891158122 1 0 0.03749999999999999 0.037500000000000006 0.08996575 1.5707963267948966 0.18849555921538758 0.7696902001294993 0.0175
44 396 0.1327106750309431 1 0 0.03749999999999999 0.037500000000000006 0.08996575 1.5707963267948966 0.18849555921538758 0.7696902001294993 0.0175
43 387 0.5438246312721786 1 0 0.037500000000000006 0.037500000000000006 0.08996575 1.5707963267948966 0.1736398195884837 0.7696902001294993 0.0175
43 387 0.35677235114066963 1 0 0.037500000000000006 0.037500000000000006 0.08996575 1.5707963267948966 0.18849555921538758 0.7696902001294993 0.0175
43 387 0.2619122762751143 1 0 0.037500000000000006 0.037500000000000006 0.08996575 1.5707963267948966 0.18849555921538758 0.7696902001294993 0.0175
44 396 0.14634571691466203 1 0 0.03749999999999999 0.037500000000000006 0.08996575 1.5707963267948966 0.18849555921538758 0.7696902001294993 0.0175
44 396 0.5984063135864144 1 0 0.03749999999999999 0.037500000000000006 0.08996575 1.5707963267948966 0.18849555921538758 0.7696902001294993 0.0175
45 405 0.12138165529160452 1 0 0.03749999999999999 0.037500000000000006 0.08996575 1.5707963267948966 0.18849555921538758 0.7696902001294993 0.0175
44 396 0.3471040777524447 1 0 0.037500000000000006 0.037500000000000006 0.08996575 1.5707963267948966 0.18849555921538758 0.7696902001294993 0.0175
44 396 0.24829261511855658 1 0 0.037500000000000006 0.037500000000000006 0.08996575 1.5707963267948966 0.18849555921538758 0.7696902001294993 0.0175
44 396 0.5307820646365554 1 0 0.037500000000000006 0.037500000000000006 0.08996575 1.5707963267948966 0.1736398195884837 0.7696902001294993 0.0175
45 405 0.15052078738797448 1 0 0.03749999999999999 0.037500000000000006 0.08996575 1.5707963267948966 0.18849555921538758 0.7696902001294993 0.0175
45 405 0.581390776429963 1 0 0.03749999999999999 0.037500000000000006 0.08996575 1.5707963267948966 0.18849555921538758 0.7696902001294993 0.0175
46 414 0.12669299424047153 1 0 0.03749999999999999 0.037500000000000006 0.08996575 1.5707963267948966 0.18849555921538758 0.7696902001294993 0.0175
45 405 0.3658582064709958 1 0 0.037500000000000006 0.037500000000000006 0.08996575 1.5707963267948966 0.18849555921538758 0.7696902001294993 0.0175
45 405 0.23191016480282878 1 0 0.037500000000000006 0.037500000000000006 0.08996575 1.5707963267948966 0.18849555921538758 0.7696902001294993 0.0175
45 405 0.5397706648172415 1 0 0.037500000000000006 0.037500000000000006 0.08996575 1.5707963267948966 0.1736398195884837 0.7696902001294993 0.0175
46 414 0.16769323125862284 1 0 0.03749999999999999 0.037500000000000006 0.08996575 1.5707963267948966 0.18849555921538758 0.7696902001294993 0.0175
46 414 0.5649442859178107 1 0 0.03749999999999999 0.037500000000000006 0.08996575 1.5707963267948966 0.18849555921538758 0.7696902001294993 0.0175
47 423 0.11683575594545528 1 0 0.03749999999999999 0.037500000000000006 0.08996575 1.5707963267948966 0.18849555921538758 0.7696902001294993 0.0175
46 414 0.3600887477906368 1 0 0.037500000000000006 0.037500000000000006 0.08996575 1.5707963267948966 0.18849555921538758 0.7696902001294993 0.0175
46 414 0.20769848012887973 1 0 0.037500000000000006 0.037500000000000006 0.08996575 1.5707963267948966 0.18849555921538758 0.7696902001294993 0.0175
46 414 0.5121555525832066 1 0 0.037500000000000006 0.037500000000000006 0.08996575 1.5707963267948966 0.1736398195884837 0.7696902001294993 0.0175
47 423 0.18310298624453805 1 0 0.03749999999999999 0.037500000000000006 0.08996575 1.5707963267948966 0.18849555921538758 0.7696902001294993 0.0175
47 423 0.527156056119766 1 0 0.03749999999999999 0.037500000000000006 0.08996575 1.5707963267948966 0.18849555921538758 0.7696902001294993 0.0175
48 432 0.1080801602220178 1 0 0.03749999999999999 0.037500000000000006 0.08996575 1.5707963267948966 0.18849555921538758 0.7696902001294993 0.0175
47 423 0.35043396813535727 1 0 0.037500000000000006 0.037500000000000006 0.08996575 1.5707963267948966 0.18849555921538758 0.7696902001294993 0.0175
47 423 0.1874766449855635 1 0 0.037500000000000006 0.037500000000000006 0.08996575 1.5707963267948966 0.18849555921538758 0.7696902001294993 0.0175
48 432 0.18721312353223188 1 0 0.03749999999999999 0.037500000000000006 0.08996575 1.5707963267948966 0.18849555921538758 0.7696902001294993 0.0175
47 423 0.47959487400254663 1 0 0.037500000000000006 0.037500000000000006 0.08996575 1.5707963267948966 0.1736398195884837 0.7696902001294993 0.0175
48 432 0.4772233623898363 1 0 0.03749999999999999 0.037500000000000006 0.08996575 1.5707963267948966 0.18849555921538758 0.7696902001294993 0.0175
49 441 0.09657728736995777 1 0 0.03749999999999999 0.037500000000000006 0.08996575 1.5707963267948966 0.18849555921538758 0.7696902001294993 0.0175
48 432 0.3238668873757163 1 0 0.037500000000000006 0.037500000000000006 0.08996575 1.5707963267948966 0.18849555921538758 0.7696902001294993 0.0175
48 432 0.1835069707810383 1 0 0.037500000000000006 0.037500000000000006 0.08996575 1.5707963267948966 0.18849555921538758 0.7696902001294993 0.0175
49 441 0.18818037892533584 1 0 0.03749999999999999 0.037500000000000006 0.08996575 1.5707963267948966 0.18849555921538758 0.7696902001294993 0.0175
49 441 0.45309017495835474 1 0 0.03749999999999999 0.037500000000000006 0.08996575 1.5707963267948966 0.18849555921538758 0.7696902001294993 0.0175
48 432 0.5436060240182619 1 0 0.037500000000000006 0.037500000000000006 0.08996575 1.5707963267948966 0.1736398195884837 0.7696902001294993 0.0175
50 450 0.0939131652766756 1 0 0.03749999999999999 0.037500000000000006 0.08996575 1.5707963267948966 0.18849555921538758 0.7696902001294993 0.0175
49 441 0.2955427938771583 1 0 0.037500000000000006 0.037500000000000006 0.08996575 1.5707963267948966 0.18849555921538758 0.7696902001294993 0.0175
49 441 0.16437691631274937 1 0 0.037500000000000006 0.037500000000000006 0.08996575 1.5707963267948966 0.18849555921538758 0.7696902001294993 0.0175
50 450 0.19647697960063204 1 0 0.03749999999999999 0.037500000000000006 0.08996575 1.5707963267948966 0.18849555921538758 0.7696902001294993 0.0175
50 450 0.4069101923027599 1 0 0.03749999999999999 0.037500000000000006 0.08996575 1.5707963267948966 0.18849555921538758 0.7696902001294993 0.0175
49 441 0.5392135134018828 1 0 0.037500000000000006 0.037500000000000006 0.08996575 1.5707963267948966 0.1736398195884837 0.7696902001294993 0.0175
51 459 0.08915525934940968 1 0 0.03749999999999999 0.037500000000000006 0.08996575 1.5707963267948966 0.18849555921538758 0.7696902001294993 0.0175
50 450 0.28318481965304837 1 0 0.037500000000000006 0.037500000000000006 0.08996575 1.5707963267948966 0.18849555921538758 0.7696902001294993 0.0175
51 459 0.38444730372786456 1 0 0.03749999999999999 0.037500000000000006 0.08996575 1.5707963267948966 0.18849555921538758 0.7696902001294993 0.0175
51 459 0.19251287557093588 1 0 0.03749999999999999 0.037500000000000006 0.08996575 1.5707963267948966 0.18849555921538758 0.7696902001294993 0.0175
50 450 0.15422963352790878 1 0 0.037500000000000006 0.037500000000000006 0.08996575 1.5707963267948966 0.18849555921538758 0.7696902001294993 0.0175
50 450 0.5155116839249542 1 0 0.037500000000000006 0.037500000000000006 0.08996575 1.5707963267948966 0.1736398195884837 0.7696902001294993 0.0175
52 468 0.08915842352572333 1 0 0.03749999999999999 0.037500000000000006 0.08996575 1.5707963267948966 0.18849555921538758 0.7696902001294993 0.0175
51 459 0.2794969084902884 1 0 0.037500000000000006 0.037500000000000006 0.08996575 1.5707963267948966 0.18849555921538758 0.7696902001294993 0.0175
52 468 0.18504397463088468 1 0 0.03749999999999999 0.037500000000000006 0.08996575 1.5707963267948966 0.18849555921538758 0.7696902001294993 0.0175
51 459 0.1486183290026176 1 0 0.037500000000000006 0.037500000000000006 0.08996575 1.5707963267948966 0.18849555921538758 0.7696902001294993 0.0175
52 468 0.38834419849355367 1 0 0.03749999999999999 0.037500000000000006 0.08996575 1.5707963267948966 0.18849555921538758 0.7696902001294993 0.0175
51 459 0.4739794497527188 1 0 0.037500000000000006 0.037500000000000006 0.08996575 1.5707963267948966 0.1736398195884837 0.7696902001294993 0.0175
53 477 0.08094642444231107 1 0 0.03749999999999999 0.037500000000000006 0.08996575 1.5707963267948966 0.18849555921538758 0.7696902001294993 0.0175
52 468 0.2478903891756396 1 0 0.037500000000000006 0.037500000000000006 0.08996575 1.5707963267948966 0.18849555921538758 0.7696902001294993 0.0175
53 477 0.18746654016572245 1 0 0.03749999999999999 0.037500000000000006 0.08996575 1.5707963267948966 0.18849555921538758 0.7696902001294993 0.0175
53 477 0.4059392982047645 1 0 0.03749999999999999 0.037500000000000006 0.08996575 1.5707963267948966 0.18849555921538758 0.7696902001294993 0.0175
52 468 0.13189868848067582 1 0 0.037500000000000006 0.037500000000000006 0.08996575 1.5707963267948966 0.18849555921538758 0.7696902001294993 0.0175
54 486 0.07544387375423517 1 0 0.03749999999999999 0.037500000000000006 0.08996575 1.5707963267948966 0.18849555921538758 0.7696902001294993 0.0175
52 468 0.4696653450480334 1 0 0.037500000000000006 0.037500000000000006 0.08996575 1.5707963267948966 0.1736398195884837 0.7696902001294993 0.0175
53 477 0.2286887442583446 1 0 0.037500000000000006 0.037500000000000006 0.08996575 1.5707963267948966 0.18849555921538758 0.7696902001294993 0.0175
54 486 0.1666886230283381 1 0 0.03749999999999999 0.037500000000000006 0.08996575 1.5707963267948966 0.18849555921538758 0.7696902001294993 0.0175
54 486 0.40535870119990325 1 0 0.03749999999999999 0.037500000000000006 0.08996575 1.5707963267948966 0.18849555921538758 0.7696902001294993 0.0175
53 477 0.13319738545423274 1 0 0.037500000000000006 0.037500000000000006 0.08996575 1.5707963267948966 0.18849555921538758 0.7696902001294993 0.0175
55 495 0.07232887082286771 1 0 0.03749999999999999 0.037500000000000006 0.08996575 1.5707963267948966 0.18849555921538758 0.7696902001294993 0.0175
53 477 0.4309623903478673 1 0 0.037500000000000006 0.037500000000000006 0.08996575 1.5707963267948966 0.1736398195884837 0.7696902001294993 0.0175
54 486 0.2675166146612667 1 0 0.037500000000000006 0.037500000000000006 0.08996575 1.5707963267948966 0.18849555921538758 0.7696902001294993 0.0175
55 495 0.1569676550156202 1 0 0.03749999999999999 0.037500000000000006 0.08996575 1.5707963267948966 0.18849555921538758 0.7696902001294993 0.0175
55 495 0.42739195478230596 1 0 0.03749999999999999 0.037500000000000006 0.08996575 1.5707963267948966 0.18849555921538758 0.7696902001294993 0.0175
54 486 0.14413584062353577 1 0 0.037500000000000006 0.037500000000000006 0.08996575 1.5707963267948966 0.18849555921538758 0.7696902001294993 0.0175
56 504 0.06886934721422996 1 0 0.03749999999999999 0.037500000000000006 0.08996575 1.5707963267948966 0.18849555921538758 0.7696902001294993 0.0175
54 486 0.4061102328429805 1 0 0.037500000000000006 0.037500000000000006 0.08996575 1.5707963267948966 0.1736398195884837 0.7696902001294993 0.0175
55 495 0.2749977519579807 1 0 0.037500000000000006 0.037500000000000006 0.08996575 1.5707963267948966 0.18849555921538758 0.7696902001294993 0.0175
56 504 0.15535743836369018 1 0 0.03749999999999999 0.037500000000000006 0.08996575 1.5707963267948966 0.18849555921538758 0.7696902001294993 0.0175
56 504 0.3754648156673817 1 0 0.03749999999999999 0.037500000000000006 0.08996575 1.5707963267948966 0.18849555921538758 0.7696902001294993 0.0175
57 513 0.0676196982629769 1 0 0.03749999999999999 0.037500000000000006 0.08996575 1.5707963267948966 0.18849555921538758 0.7696902001294993 0.0175
55 495 0.1674982467900062 1 0 0.037500000000000006 0.037500000000000006 0.08996575 1.5707963267948966 0.18849555921538758 0.7696902001294993 0.0175
55 495 0.3664907334715793 1 0 0.037500000000000006 0.037500000000000006 0.08996575 1.5707963267948966 0.1736398195884837 0.7696902001294993 0.0175
56 504 0.2694632310139367 1 0 0.037500000000000006 0.037500000000000006 0.08996575 1.5707963267948966 0.18849555921538758 0.7696902001294993 0.0175
57 513 0.14266256712425815 1 0 0.03749999999999999 0.037500000000000006 0.08996575 1.5707963267948966 0.18849555921538758 0.7696902001294993 0.0175
57 513 0.3498203833597675 1 0 0.03749999999999999 0.037500000000000006 0.08996575 1.5707963267948966 0.18849555921538758 0.7696902001294993 0.0175
58 522 0.06540477724428687 1 0 0.03749999999999999 0.037500000000000006 0.08996575 1.5707963267948966 0.18849555921538758 0.7696902001294993 0.0175
56 504 0.16250077756640155 1 0 0.037500000000000006 0.037500000000000006 0.08996575 1.5707963267948966 0.18849555921538758 0.7696902001294993 0.0175
56 504 0.3967703163422047 1 0 0.037500000000000006 0.037500000000000006 0.08996575 1.5707963267948966 0.1736398195884837 0.7696902001294993 0.0175
57 513 0.2781039775952485 1 0 0.037500000000000006 0.037500000000000006 0.08996575 1.5707963267948966 0.18849555921538758 0.7696902001294993 0.0175
58 522 0.1315701676506272 1 0 0.03749999999999999 0.037500000000000006 0.08996575 1.5707963267948966 0.18849555921538758 0.7696902001294993 0.0175
58 522 0.3065777031543574 1 0 0.03749999999999999 0.037500000000000006 0.08996575 1.5707963267948966 0.18849555921538758 0.7696902001294993 0.0175
59 531 0.063578101137932 1 0 0.03749999999999999 0.037500000000000006 0.08996575 1.5707963267948966 0.18849555921538758 0.7696902001294993 0.0175
57 513 0.16048182663805188 1 0 0.037500000000000006 0.037500000000000006 0.08996575 1.5707963267948966 0.18849555921538758 0.7696902001294993 0.0175
57 513 0.4030886739831894 1 0 0.037500000000000006 0.037500000000000006 0.08996575 1.5707963267948966 0.1736398195884837 0.7696902001294993 0.0175
58 522 0.2691561569205638 1 0 0.037500000000000006 0.037500000000000006 0.08996575 1.5707963267948966 0.18849555921538758 0.7696902001294993 0.0175
59 531 0.12065675470580234 1 0 0.03749999999999999 0.037500000000000006 0.08996575 1.5707963267948966 0.18849555921538758 0.7696902001294993 0.0175
59 531 0.277542828504268 1 0 0.03749999999999999 0.037500000000000006 0.08996575 1.5707963267948966 0.18849555921538758 0.7696902001294993 0.0175
60 540 0.06263606739265924 1 0 0.03749999999999999 0.037500000000000006 0.08996575 1.5707963267948966 0.18849555921538758 0.7696902001294993 0.0175
58 522 0.14928566771541554 1 0 0.037500000000000006 0.037500000000000006 0.08996575 1.5707963267948966 0.18849555921538758 0.7696902001294993 0.0175
58 522 0.380170003193143 1 0 0.037500000000000006 0.037500000000000006 0.08996575 1.5707963267948966 0.1736398195884837 0.7696902001294993 0.0175
59 531 0.23041538398807335 1 0 0.037500000000000006 0.037500000000000006 0.08996575 1.5707963267948966 0.18849555921538758 0.7696902001294993 0.0175
60 540 0.12266823436293506 1 0 0.03749999999999999 0.037500000000000006 0.08996575 1.5707963267948966 0.18849555921538758 0.7696902001294993 0.0175
60 540 0.2727909555744098 1 0 0.03749999999999999 0.037500000000000006 0.08996575 1.5707963267948966 0.18849555921538758 0.7696902001294993 0.0175
61 549 0.06502018260711923 1 0 0.03749999999999999 0.037500000000000006 0.08996575 1.5707963267948966 0.18849555921538758 0.7696902001294993 0.0175
59 531 0.13483607257075803 1 0 0.037500000000000006 0.037500000000000006 0.08996575 1.5707963267948966 0.18849555921538758 0.7696902001294993 0.0175
59 531 0.320541012246476 1 0 0.037500000000000006 0.037500000000000006 0.08996575 1.5707963267948966 0.1736398195884837 0.7696902001294993 0.0175
60 540 0.2472120221452092 1 0 0.037500000000000006 0.037500000000000006 0.08996575 1.5707963267948966 0.18849555921538758 0.7696902001294993 0.0175
61 549 0.12627570637484284 1 0 0.03749999999999999 0.037500000000000006 0.08996575 1.5707963267948966 0.18849555921538758 0.7696902001294993 0.0175
61 549 0.2798346566616013 1 0 0.03749999999999999 0.037500000000000006 0.08996575 1.5707963267948966 0.18849555921538758 0.7696902001294993 0.0175
62 558 0.06649030841097163 1 0 0.03749999999999999 0.037500000000000006 0.08996575 1.5707963267948966 0.18849555921538758 0.7696902001294993 0.0175
60 540 0.1256509309926907 1 0 0.037500000000000006 0.037500000000000006 0.08996575 1.5707963267948966 0.18849555921538758 0.7696902001294993 0.0175
60 540 0.3034877648886593 1 0 0.037500000000000006 0.037500000000000006 0.08996575 1.5707963267948966 0.1736398195884837 0.7696902001294993 0.0175
61 549 0.2872123686298488 1 0 0.037500000000000006 0.037500000000000006 0.08996575 1.5707963267948966 0.18849555921538758 0.7696902001294993 0.0175
62 558 0.12121491003118948 1 0 0.03749999999999999 0.037500000000000006 0.08996575 1.5707963267948966 0.18849555921538758 0.7696902001294993 0.0175
62 558 0.2806351191148598 1 0 0.03749999999999999 0.037500000000000006 0.08996575 1.5707963267948966 0.18849555921538758 0.7696902001294993 0.0175
63 567 0.07058590462260582 1 0 0.03749999999999999 0.037500000000000006 0.08996575 1.5707963267948966 0.18849555921538758 0.7696902001294993 0.0175
61 549 0.12477592837233797 1 0 0.037500000000000006 0.037500000000000006 0.08996575 1.5707963267948966 0.18849555921538758 0.7696902001294993 0.0175
61 549 0.2983202160832211 1 0 0.037500000000000006 0.037500000000000006 0.08996575 1.5707963267948966 0.1736398195884837 0.7696902001294993 0.0175
62 558 0.266513175002424 1 0 0.037500000000000006 0.037500000000000006 0.08996575 1.5707963267948966 0.18849555921538758 0.7696902001294993 0.0175
63 567 0.11658600272355057 1 0 0.03749999999999999 0.037500000000000006 0.08996575 1.5707963267948966 0.18849555921538758 0.7696902001294993 0.0175
63 567 0.24699504929694222 1 0 0.03749999999999999 0.037500000000000006 0.08996575 1.5707963267948966 0.18849555921538758 0.7696902001294993 0.0175
64 576 0.07544218366637813 1 0 0.03749999999999999 0.037500000000000006 0.08996575 1.5707963267948966 0.18849555921538758 0.7696902001294993 0.0175
62 558 0.11957594427740571 1 0 0.037500000000000006 0.037500000000000006 0.08996575 1.5707963267948966 0.18849555921538758 0.7696902001294993 0.0175
62 558 0.27467961465947166 1 0 0.037500000000000006 0.037500000000000006 0.08996575 1.5707963267948966 0.1736398195884837 0.7696902001294993 0.0175
63 567 0.23841625044697778 1 0 0.037500000000000006 0.037500000000000006 0.08996575 1.5707963267948966 0.18849555921538758 0.7696902001294993 0.0175
64 576 0.10488908591812256 1 0 0.03749999999999999 0.037500000000000006 0.08996575 1.5707963267948966 0.18849555921538758 0.7696902001294993 0.0175
65 585 0.07106416155744442 1 0 0.03749999999999999 0.037500000000000006 0.08996575 1.5707963267948966 0.18849555921538758 0.7696902001294993 0.0175
64 576 0.24973661209696738 1 0 0.03749999999999999 0.037500000000000006 0.08996575 1.5707963267948966 0.18849555921538758 0.7696902001294993 0.0175
63 567 0.11336199981958332 1 0 0.037500000000000006 0.037500000000000006 0.08996575 1.5707963267948966 0.18849555921538758 0.7696902001294993 0.0175
63 567 0.2684129825598644 1 0 0.037500000000000006 0.037500000000000006 0.08996575 1.5707963267948966 0.1736398195884837 0.7696902001294993 0.0175
64 576 0.21212633677942438 1 0 0.037500000000000006 0.037500000000000006 0.08996575 1.5707963267948966 0.18849555921538758 0.7696902001294993 0.0175
65 585 0.10181962018575241 1 0 0.03749999999999999 0.037500000000000006 0.08996575 1.5707963267948966 0.18849555921538758 0.7696902001294993 0.0175
66 594 0.07371885627825266 1 0 0.03749999999999999 0.037500000000000006 0.08996575 1.5707963267948966 0.18849555921538758 0.7696902001294993 0.0175
65 585 0.23910176497282198 1 0 0.03749999999999999 0.037500000000000006 0.08996575 1.5707963267948966 0.18849555921538758 0.7696902001294993 0.0175
64 576 0.11513435786594708 1 0 0.037500000000000006 0.037500000000000006 0.08996575 1.5707963267948966 0.18849555921538758 0.7696902001294993 0.0175
64 576 0.2539881797168403 1 0 0.037500000000000006 0.037500000000000006 0.08996575 1.5707963267948966 0.1736398195884837 0.7696902001294993 0.0175
65 585 0.18471527174156943 1 0 0.037500000000000006 0.037500000000000006 0.08996575 1.5707963267948966 0.18849555921538758 0.7696902001294993 0.0175
66 594 0.09821288267879387 1 0 0.03749999999999999 0.037500000000000006 0.08996575 1.5707963267948966 0.18849555921538758 0.7696902001294993 0.0175
67 603 0.06912774109431466 1 0 0.03749999999999999 0.037500000000000006 0.08996575 1.5707963267948966 0.18849555921538758 0.7696902001294993 0.0175
66 594 0.2381844768108782 1 0 0.03749999999999999 0.037500000000000006 0.08996575 1.5707963267948966 0.18849555921538758 0.7696902001294993 0.0175
67 603 0.06912774109431466 1 0 0.03749999999999999 0.037500000000000006 0.08996575 1.5707963267948966 0.18849555921538758 0.7696902001294993 0.0175
65 585 0.10543778261931083 1 0 0.037500000000000006 0.037500000000000006 0.08996575 1.5707963267948966 0.18849555921538758 0.7696902001294993 0.0175
65 585 0.22793340385148472 1 0 0.037500000000000006 0.037500000000000006 0.08996575 1.5707963267948966 0.1736398195884837 0.7696902001294993 0.0175
66 594 0.18141780229645862 1 0 0.037500000000000006 0.037500000000000006 0.08996575 1.5707963267948966 0.18849555921538758 0.7696902001294993 0.0175
67 603 0.09165760311779965 1 0 0.03749999999999999 0.037500000000000006 0.08996575 1.5707963267948966 0.18849555921538758 0.7696902001294993 0.0175
67 603 0.22689767036644398 1 0 0.03749999999999999 0.037500000000000006 0.08996575 1.5707963267948966 0.18849555921538758 0.7696902001294993 0.0175
67 603 0.09165760311779965 1 0 0.03749999999999999 0.037500000000000006 0.08996575 1.5707963267948966 0.18849555921538758 0.7696902001294993 0.0175
66 594 0.10310155581791604 1 0 0.037500000000000006 0.037500000000000006 0.08996575 1.5707963267948966 0.18849555921538758 0.7696902001294993 0.0175
67 603 0.22689767036644398 1 0 0.03749999999999999 0.037500000000000006 0.08996575 1.5707963267948966 0.18849555921538758 0.7696902001294993 0.0175
66 594 0.23120724906551846 1 0 0.037500000000000006 0.037500000000000006 0.08996575 1.5707963267948966 0.1736398195884837 0.7696902001294993 0.0175
67 603 0.18651215621350908 1 0 0.037500000000000006 0.037500000000000006 0.08996575 1.5707963267948966 0.18849555921538758 0.7696902001294993 0.0175
67 603 0.18651215621350908 1 0 0.037500000000000006 0.037500000000000006 0.08996575 1.5707963267948966 0.18849555921538758 0.7696902001294993 0.0175
67 603 0.10026639993076228 1 0 0.037500000000000006 0.037500000000000006 0.08996575 1.5707963267948966 0.18849555921538758 0.7696902001294993 0.0175
67 603 0.10026639993076228 1 0 0.037500000000000006 0.037500000000000006 0.08996575 1.5707963267948966 0.18849555921538758 0.7696902001294993 0.0175
67 603 0.2273809672628737 1 0 0.037500000000000006 0.037500000000000006 0.08996575 1.5707963267948966 0.1736398195884837 0.7696902001294993 0.0175
67 603 0.2273809672628737 1 0 0.037500000000000006 0.037500000000000006 0.08996575 1.5707963267948966 0.1736398195884837 0.7696902001294993 0.0175
