% # columns="iteration, evaluation, sigma, void, void,  stds==sigma*sigma_vec.scaling*sqrt(diag(C))", seed=2567, Fri Aug 28 18:40:49 2026, <python>{}</python>
1 9 0.9449729899729058 0 0 0.03587690611771667 0.03576522996535265 0.08048810889316227 1.5376968588120659 0.17692963321268973 0.7141808469386624 0.016413959188801616
1 9 0.9449729899729059 0 0 0.03587690611771668 0.035765229965352655 0.08048810889316227 1.5376968588120659 0.17692963321268976 0.7141808469386624 0.016413959188801616
1 9 0.9449729899729059 0 0 0.03587690611771669 0.035765229965352655 0.08048810889316227 1.5376968588120659 0.17692963321268976 0.7141808469386624 0.016413959188801616
1 9 0.9449729899729059 0 0 0.03587690611771669 0.035765229965352655 0.08048810889316227 1.5376968588120659 0.17692963321268976 0.7141808469386624 0.016413959188801616
1 9 0.9449729899729059 0 0 0.03587690611771668 0.035765229965352655 0.08048810889316227 1.5376968588120659 0.17692963321268976 0.7141808469386624 0.016413959188801616
1 9 0.944972989972906 0 0 0.03587690611771669 0.035765229965352655 0.08048810889316228 1.5376968588120663 0.17692963321268979 0.7141808469386625 0.01641395918880162
2 18 0.9087555735421712 0 0 0.035560483756812436 0.03440087039610023 0.07750971109625693 1.5086792054175457 0.16760484635697623 0.6446680750393452 0.015315522704229236
2 18 0.9087555735421707 0 0 0.0355604837568124 0.03440087039610023 0.07750971109625687 1.5086792054175462 0.16760484635697617 0.6446680750393443 0.015315522704229236
2 18 0.908755573542171 0 0 0.03556048375681242 0.034400870396100236 0.07750971109625691 1.5086792054175466 0.16760484635697623 0.644668075039344 0.015315522704229237
2 18 0.9087555735421707 0 0 0.035560483756812394 0.03440087039610023 0.07750971109625689 1.5086792054175466 0.1676048463569763 0.644668075039343 0.015315522704229236
2 18 0.9087555735421708 0 0 0.035560483756812394 0.03440087039610023 0.0775097110962569 1.5086792054175462 0.16760484635697634 0.6446680750393438 0.015315522704229236
2 18 0.9087555735421704 0 0 0.03556048375681235 0.03440087039610022 0.07750971109625686 1.5086792054175457 0.16760484635697623 0.6446680750393436 0.015315522704229229
3 27 0.8929064494700618 0 0 0.03289725957605626 0.034341748785506235 0.07624799252026666 1.4282398270977836 0.16236293371412303 0.642423754642575 0.015272062487237335
3 27 0.8929064494700619 0 0 0.03289725957605621 0.034341748785506235 0.07624799252026669 1.4282398270977839 0.16236293371412316 0.6424237546425746 0.01527206248723737
3 27 0.892906449470062 0 0 0.032897259576056305 0.03434174878550627 0.07624799252026669 1.428239827097784 0.16236293371412305 0.6424237546425747 0.015272062487237323
3 27 0.8929064494700621 0 0 0.03289725957605627 0.03434174878550628 0.07624799252026669 1.4282398270977845 0.16236293371412316 0.6424237546425743 0.015272062487237335
3 27 0.8929064494700617 0 0 0.032897259576056256 0.0343417487855063 0.07624799252026668 1.4282398270977839 0.16236293371412305 0.6424237546425733 0.015272062487237321
3 27 0.8929064494700624 0 0 0.03289725957605632 0.03434174878550624 0.0762479925202667 1.4282398270977867 0.16236293371412316 0.6424237546425757 0.015272062487237302
4 36 0.9107936243491093 0 0 0.033416604265543444 0.03444676161343906 0.07319742923994874 1.528673681360815 0.16541310501614667 0.6632684526898155 0.015292275662676862
4 36 0.9107936243491087 0 0 0.033416604265543465 0.03444676161343905 0.0731974292399486 1.528673681360815 0.16541310501614664 0.6632684526898145 0.01529227566267683
4 36 0.9107936243491095 0 0 0.0334166042655435 0.03444676161343907 0.07319742923994868 1.5286736813608175 0.16541310501614673 0.6632684526898152 0.015292275662676843
4 36 0.9107936243491096 0 0 0.03341660426554355 0.03444676161343904 0.07319742923994867 1.5286736813608215 0.16541310501614653 0.6632684526898155 0.01529227566267681
4 36 0.9107936243491088 0 0 0.03341660426554352 0.03444676161343904 0.07319742923994865 1.5286736813608162 0.16541310501614648 0.663268452689816 0.015292275662676783
4 36 0.9107936243491089 0 0 0.033416604265543486 0.03444676161343904 0.07319742923994864 1.5286736813608162 0.16541310501614648 0.6632684526898154 0.015292275662676828
5 45 0.9600110149980424 0 0 0.03487928211550101 0.03653802380900856 0.07528447340820556 1.5533185546677193 0.16810744775063927 0.718840333749351 0.017308537549242105
5 45 0.9600110149980415 0 0 0.034879282115501134 0.03653802380900847 0.07528447340820543 1.5533185546677235 0.16810744775063885 0.7188403337493519 0.017308537549241974
5 45 0.9600110149980414 0 0 0.034879282115501016 0.03653802380900851 0.07528447340820535 1.553318554667719 0.16810744775063907 0.7188403337493505 0.017308537549242064
5 45 0.9600110149980426 0 0 0.034879282115501065 0.03653802380900856 0.07528447340820546 1.5533185546677233 0.1681074477506392 0.7188403337493509 0.017308537549242088
5 45 0.9600110149980423 0 0 0.03487928211550115 0.03653802380900848 0.07528447340820545 1.55331855466773 0.16810744775063877 0.7188403337493502 0.017308537549242026
5 45 0.9600110149980416 0 0 0.03487928211550105 0.036538023809008495 0.07528447340820542 1.5533185546677217 0.1681074477506389 0.7188403337493506 0.017308537549242057
6 54 1.046901611262995 0 0 0.037479248865311454 0.040415001109531015 0.08048086695103783 1.6335933465334118 0.18227366291718447 0.8591763884865816 0.018887031810498986
6 54 1.0469016112629943 0 0 0.037479248865311246 0.040415001109531085 0.08048086695103793 1.633593346533409 0.18227366291718444 0.859176388486581 0.018887031810499
6 54 1.0469016112629932 0 0 0.03747924886531151 0.04041500110953081 0.0804808669510378 1.6335933465334143 0.1822736629171841 0.8591763884865824 0.018887031810498833
6 54 1.0469016112629939 0 0 0.03747924886531161 0.040415001109530876 0.08048086695103776 1.6335933465334194 0.18227366291718394 0.8591763884865783 0.0188870318104989
6 54 1.0469016112629932 0 0 0.037479248865311406 0.040415001109530904 0.0804808669510377 1.6335933465334054 0.18227366291718422 0.8591763884865816 0.018887031810498948
6 54 1.0469016112629934 0 0 0.0374792488653114 0.04041500110953095 0.08048086695103779 1.6335933465334112 0.18227366291718414 0.8591763884865797 0.01888703181049894
7 63 0.9808150963897795 0 0 0.03450080269588274 0.03826265557904098 0.07495341848196495 1.4369929803953163 0.17154891437668293 0.7959320700772251 0.0179420820868709
7 63 0.9808150963897805 0 0 0.03450080269588254 0.03826265557904117 0.07495341848196488 1.4369929803953065 0.17154891437668332 0.7959320700772295 0.017942082086870998
7 63 0.9808150963897788 0 0 0.03450080269588269 0.03826265557904096 0.0749534184819649 1.4369929803953052 0.171548914376683 0.7959320700772307 0.01794208208687085
7 63 0.9808150963897785 0 0 0.034500802695882495 0.03826265557904104 0.07495341848196478 1.4369929803952997 0.171548914376683 0.7959320700772298 0.017942082086870946
7 63 0.980815096389779 0 0 0.034500802695882515 0.03826265557904111 0.07495341848196485 1.4369929803953048 0.17154891437668304 0.7959320700772274 0.017942082086870953
7 63 0.9808150963897795 0 0 0.03450080269588234 0.03826265557904125 0.0749534184819649 1.4369929803953012 0.1715489143766833 0.7959320700772282 0.01794208208687101
8 72 0.9955610830343333 0 0 0.03538514815346727 0.038082180707529736 0.07673080553091254 1.4131708704238242 0.16762764839460662 0.7994235610837509 0.018302769657939776
8 72 0.9439356079277104 0 0 0.032728609429924095 0.03610739471349369 0.07323478496454261 1.3347874147853058 0.15847857213330474 0.7661279465051019 0.017387923671930827
8 72 0.9439356079277089 0 0 0.032594051339763 0.03600390315232196 0.07324583952264667 1.334740993940172 0.15894430565302825 0.761697529812313 0.017402534528154125
8 72 0.9439356079277094 0 0 0.03259405133976281 0.03600390315232215 0.07324583952264653 1.3347409939401698 0.15894430565302836 0.7616975298123105 0.01740253452815426
8 72 0.943935607927708 0 0 0.03259405133976291 0.03600390315232193 0.0732458395226465 1.3347409939401667 0.15894430565302814 0.7616975298123112 0.017402534528154195
8 72 0.9439356079277089 0 0 0.032594051339762925 0.03600390315232203 0.07324583952264654 1.3347409939401715 0.15894430565302822 0.7616975298123101 0.017402534528154216
9 81 0.965896639094801 0 0 0.03487846127199864 0.03513736233459172 0.07263143310524074 1.3069327616971107 0.16259461899925606 0.7834581818686217 0.01772467456866088
9 81 0.8206293312726286 0 0 0.028321310857614645 0.03184449341503684 0.06170791462053576 1.0964242811394445 0.13469147230449194 0.6392991248892032 0.015191161272258485
9 81 0.8513798812064012 0 0 0.0298342690170761 0.032432018715160105 0.06369245356187023 1.1352526634244375 0.1416292450677273 0.671653285034798 0.016144177502066873
9 81 0.8206293312726274 0 0 0.028321310857614548 0.031844493415036805 0.06170791462053556 1.096424281139439 0.13469147230449183 0.6392991248892014 0.01519116127225853
9 81 0.8206293312726289 0 0 0.028321310857614454 0.03184449341503704 0.06170791462053564 1.0964242811394416 0.134691472304492 0.6392991248892017 0.01519116127225858
9 81 0.8206293312726286 0 0 0.028321310857614565 0.03184449341503691 0.06170791462053563 1.0964242811394431 0.1346914723044919 0.6392991248892012 0.015191161272258556
10 90 0.7289711996298516 0 0 0.024798980344324806 0.027453077728103632 0.05194447453299214 0.9652983755221889 0.11584485526975279 0.5803198010490941 0.01370714333892741
10 90 0.8857070582603395 0 0 0.03246241229935839 0.031625589289894424 0.06635231737020332 1.0955673195351017 0.15169861661688733 0.7069912499886085 0.016399207905716015
10 90 0.7289711996298504 0 0 0.024798980344324695 0.027453077728103632 0.05194447453299197 0.9652983755221826 0.11584485526975262 0.5803198010490928 0.013707143338927447
10 90 0.7289711996298519 0 0 0.024798980344324616 0.02745307772810386 0.05194447453299197 0.9652983755221864 0.1158448552697528 0.5803198010490929 0.013707143338927497
10 90 0.8078747559212417 0 0 0.02883458919032906 0.03147580044108452 0.05630491348894582 1.0511891673674651 0.13168400411400638 0.6319358521790535 0.015422484042395452
10 90 0.7289711996298516 0 0 0.024798980344324716 0.02745307772810372 0.051944474532991995 0.9652983755221871 0.11584485526975274 0.5803198010490928 0.013707143338927474
11 99 0.8154028175505734 0 0 0.029136729120078697 0.029181165068608957 0.058903908041414474 0.9746564417068428 0.1398830007588413 0.6501510225063785 0.01480370236474653
11 99 0.6581829545660882 0 0 0.02246489367984557 0.023798892041589182 0.04677181505387622 0.8055707427870114 0.1031890937584268 0.5358392735201005 0.012237374669546105
11 99 0.658182954566088 0 0 0.022464893679845506 0.023798892041589245 0.046771815053876085 0.8055707427870097 0.10318909375842676 0.5358392735200993 0.012237374669546145
11 99 0.6581829545660871 0 0 0.022464893679845496 0.023798892041589182 0.046771815053876065 0.8055707427870064 0.10318909375842675 0.5358392735200992 0.012237374669546119
11 99 0.6581829545660886 0 0 0.022464893679845454 0.02379889204158937 0.04677181505387606 0.8055707427870094 0.10318909375842698 0.5358392735200996 0.012237374669546153
11 99 0.8331957561926445 0 0 0.029983501398145408 0.03406946119731141 0.05670030126218171 1.0062105750855448 0.12952027291851895 0.695976703810375 0.015685577514312533
12 108 0.7587252535166238 0 0 0.02695226642401893 0.02652274188564139 0.05238917579331953 0.8543092576674609 0.13448740113430863 0.592164503990917 0.01321933179720405
12 108 0.6545252902319133 0 0 0.02267528697897582 0.023422689157958497 0.04449958546443084 0.7852413733262766 0.10161429232518207 0.5407291611928321 0.013201986642128221
12 108 0.654525290231914 0 0 0.02267528697897578 0.023422689157958695 0.04449958546443064 0.7852413733262723 0.10161429232518222 0.5407291611928314 0.013201986642128292
12 108 0.6545252902319124 0 0 0.02267528697897579 0.023422689157958552 0.044499585464430697 0.7852413733262686 0.10161429232518203 0.540729161192831 0.01320198664212823
12 108 0.7805308994169261 0 0 0.027404124940971927 0.03214409687668589 0.05018105220474044 0.9056791814041092 0.12087072351447871 0.6796893402765082 0.014585790147521892
12 108 0.6545252902319132 0 0 0.0226752869789758 0.023422689157958577 0.04449958546443067 0.7852413733262735 0.10161429232518203 0.5407291611928309 0.013201986642128264
13 117 0.6633481010970335 0 0 0.023144117378633686 0.02284790139521775 0.04360840025030362 0.7165090746420741 0.11812510273017136 0.49466558488084966 0.011753324954446353
13 117 0.602422371043557 0 0 0.02084020140711446 0.021512138344167 0.03953837315731615 0.6938865204263384 0.09439542024263711 0.48505223737669223 0.011801882500214462
13 117 0.6024223710435577 0 0 0.020840201407114508 0.02151213834416694 0.03953837315731628 0.6938865204263467 0.09439542024263699 0.48505223737669373 0.011801882500214432
13 117 0.6024223710435581 0 0 0.020840201407114425 0.021512138344167132 0.0395383731573161 0.6938865204263417 0.09439542024263722 0.4850522373766931 0.011801882500214494
13 117 0.797176179331306 0 0 0.029029954451737144 0.03244490455875359 0.049651696964370856 0.8946680200232732 0.11934699588683402 0.7446436400720643 0.014977935874684463
13 117 0.6024223710435577 0 0 0.020840201407114466 0.021512138344167018 0.03953837315731612 0.6938865204263428 0.09439542024263699 0.4850522373766932 0.011801882500214477
14 126 0.6047168603697054 0 0 0.020762791627618436 0.02072007185763065 0.038016983570978574 0.6418301910572296 0.10938060178175257 0.44955749101251763 0.010707973610404735
14 126 0.5854219039113706 0 0 0.01966278726724807 0.020667905861295303 0.03738457073243639 0.6550980141211629 0.09126874741238712 0.5035245637715035 0.01131431122030676
14 126 0.9398803603999784 0 0 0.03477832560069566 0.04197707644888175 0.060198928415216346 1.0087424787510737 0.1394384494787741 0.9035699373877594 0.017830570136505807
14 126 0.5854219039113713 0 0 0.01966278726724811 0.020667905861295233 0.03738457073243651 0.6550980141211721 0.09126874741238683 0.5035245637715052 0.011314311220306728
14 126 0.5854219039113716 0 0 0.019662787267248027 0.02066790586129543 0.03738457073243629 0.6550980141211669 0.09126874741238711 0.5035245637715047 0.011314311220306785
14 126 0.5854219039113713 0 0 0.01966278726724808 0.020667905861295313 0.03738457073243635 0.6550980141211676 0.09126874741238683 0.5035245637715049 0.01131431122030677
15 135 0.6436897705386986 0 0 0.022649543012535224 0.021579553825816254 0.03870279665419492 0.6789055966790193 0.11842159723664253 0.5409827298287944 0.011045889635204122
15 135 0.5797498023185446 0 0 0.01958076811184864 0.020350796747595063 0.03457155392515331 0.6377793608039948 0.08754695987308182 0.5271273272710376 0.0109333206052894
15 135 0.8655317777034395 0 0 0.032252583200244454 0.03835495737156971 0.055075280637544424 0.9027254290604063 0.12682485961188175 0.8228957878984654 0.01650972618141332
15 135 0.5797498023185456 0 0 0.019585671000207295 0.020504492449602372 0.034623206109383055 0.63711483233933 0.08725969554266677 0.5279909403948685 0.01091111286654644
15 135 0.5978422546143433 0 0 0.020294608400353152 0.020899651887658053 0.035606223577695474 0.6610738957423485 0.09018242634736014 0.5458300897600074 0.011294035214777646
15 135 0.5797498023185452 0 0 0.01958567100020736 0.020504492449602278 0.03462320610938314 0.6371148323393295 0.0872596955426665 0.5279909403948684 0.010911112866546427
16 144 0.6421313468021472 0 0 0.022391113601424494 0.021433330266759053 0.03799063023505678 0.6501540387388278 0.12215767564615133 0.5410415991772036 0.010857564757173794
16 144 0.5140866459178055 0 0 0.017233681758275825 0.017763926071520702 0.030361672635390007 0.5608045473286272 0.07695594225076473 0.4669470968220618 0.009244467694480694
16 144 0.7710259698063476 0 0 0.027599722233143237 0.03364965645483413 0.04850295614057339 0.7374574101479369 0.1132222513316603 0.7218214965413584 0.01464929301380153
16 144 0.6264484526708747 0 0 0.021008691670666994 0.022088461296538353 0.03513733614219118 0.6722962699262706 0.0934081029597048 0.5775415849923803 0.01248014377265666
16 144 0.5521830450072918 0 0 0.019006638550109797 0.01894808710589498 0.03159146399479412 0.5880340662136075 0.08269062950210444 0.49899686142656274 0.010063575848277486
16 144 0.6264484526708743 0 0 0.020744690908075014 0.022068317712601253 0.03514218600631709 0.66981756868112 0.09308845846828259 0.5812426540942573 0.012574149019328093
17 153 0.6230433229227466 0 0 0.021876754109414046 0.020559840852960344 0.036237493570371045 0.6003523047282189 0.11726143897445343 0.5171517027090335 0.01028581270074695
17 153 0.47151680426088494 0 0 0.015699476092400907 0.016293769827570043 0.025942637224619768 0.5283023323317606 0.06970822707414961 0.4346823547330319 0.008228157689533874
17 153 0.7220366342288955 0 0 0.025119535650388613 0.03244151918400063 0.04565653456097959 0.6360798305385826 0.10442113996348329 0.6812928433435668 0.013738945591313029
17 153 0.5369191732041608 0 0 0.01839978867470182 0.01813974986985831 0.02817092985654806 0.5698651302910517 0.08174472282459766 0.47633496462645003 0.010074222883742547
17 153 0.6139845244575164 0 0 0.020840029816380935 0.021892602490170558 0.031626902628856556 0.6437931312657073 0.09106546440875427 0.5556711321716472 0.012109746180153943
17 153 0.6696284845836317 0 0 0.02212936790502095 0.023306357491512903 0.034389418969773565 0.7166367391891488 0.10940539769097705 0.6179385420644762 0.013232332141198648
18 162 0.6243787968221706 0 0 0.021930590988347574 0.020883264488134996 0.035433141795952444 0.6074022616217354 0.11631480180677305 0.5141559116528599 0.010345550784900962
18 162 0.41621693052464653 0 0 0.01365508010739441 0.014223833129136335 0.02154554846721477 0.46082692021095284 0.061809816702181795 0.3813380293618411 0.007187920169675402
18 162 0.6976467045659206 0 0 0.024239292031616285 0.030809881758134004 0.04407471382017549 0.5800812502691036 0.10134232396835277 0.6500664699267937 0.01355510485804487
18 162 0.4982761895244113 0 0 0.017462040474830673 0.016145172474510004 0.025870633589275736 0.5087176826751197 0.0754282571107118 0.4408269888485028 0.009283045243757167
18 162 0.5942389294110265 0 0 0.020267433240898625 0.021162961266074667 0.027801960168028692 0.6339159826393391 0.08841190617579132 0.5330686525764505 0.011713736004286558
18 162 0.6868723757389836 0 0 0.022645088751176892 0.024043875174417275 0.033764327016560985 0.7208850970600768 0.11134350349562584 0.6299695373819387 0.013766056846621445
19 171 0.6074906988173338 0 0 0.02117158309905016 0.018574146660069873 0.033459332222333396 0.5891611342838347 0.11366418867979738 0.5031294279731537 0.010244969912733588
19 171 0.6330660002572167 0 0 0.021291937060742745 0.027852056318435372 0.04053400295542909 0.5259554605089678 0.0913728785197315 0.5493439670595992 0.012433438935237255
19 171 0.3741746976439526 0 0 0.01210858346266297 0.012684833514102396 0.018916570651076953 0.40590938885864847 0.05409980221389824 0.3255005599532748 0.006493740824896458
19 171 0.45021616170917145 0 0 0.015229020131988596 0.014538671459497804 0.022897874211260997 0.4398459960396019 0.06842542001548747 0.39349557571247634 0.008067652027963538
19 171 0.5461368350997862 0 0 0.018781638705074898 0.019851600081997673 0.025800347384601862 0.5943575822723595 0.07707221342040856 0.48263756778686695 0.010128116273427377
19 171 0.6095942569692011 0 0 0.020790940408301973 0.020159046492101516 0.029565717304199168 0.5908496079900051 0.09942101645630529 0.5604513538526146 0.012027267622530577
20 180 0.6296812576859657 0 0 0.02236024070362254 0.019397115573115232 0.03300936613717143 0.6063167069302503 0.12753722502833512 0.5223009233675746 0.010521799843733057
20 180 0.6254733855267897 0 0 0.019983193442399363 0.027073018997934625 0.040322357286979006 0.5252103573625495 0.08488380874315563 0.5789697564990857 0.01207243233016781
20 180 0.36974118678844775 0 0 0.01187374540007878 0.012540043402590776 0.01777998168840884 0.3887302716836061 0.05351622868768964 0.3373942325927166 0.00661573801276329
20 180 0.45359207212347213 0 0 0.015423425808523931 0.014865058795492726 0.021366817827791953 0.44287094730988313 0.07037695659088614 0.40575120038579265 0.008025033214461066
20 180 0.4882110160348319 0 0 0.016302599150797292 0.017823132396413238 0.022142916598515087 0.508924120716889 0.06835380499781984 0.44282531365071287 0.008777974568719846
20 180 0.6039100365958338 0 0 0.020887655673281144 0.01989527493589737 0.028725478232879447 0.5447715258373199 0.10090583169904103 0.5555635920823666 0.012085967955819604
21 189 0.5475754051153212 0 0 0.01935793976683323 0.015829467060230546 0.02795099142410588 0.49807875196192125 0.1127334686079198 0.46652742073432174 0.008919704495542474
21 189 0.6836512559374393 0 0 0.022500600085446094 0.028557038213633108 0.04267439914312631 0.5861858333092304 0.09143135683992694 0.6731886127039706 0.013534224234797207
21 189 0.39341829319394 0 0 0.012867936035692173 0.013501546916760775 0.018324852385684046 0.4080508907927906 0.056306254465123384 0.3594543404102407 0.006961322627603915
21 189 0.4303680035547821 0 0 0.014433115521668784 0.014087231707410571 0.019870150955093514 0.41984814101776174 0.06617420349023952 0.4001167996007964 0.007800932829864371
21 189 0.4665559599185 0 0 0.015409379670438003 0.017445622886083038 0.020462078588803296 0.4660157280996918 0.06444202484215253 0.42201764981910417 0.00818067986506743
21 189 0.6367322375543087 0 0 0.02169047364409747 0.02095087698822878 0.03092490637759991 0.5388607424069966 0.11570631829695383 0.5709840315066574 0.013320600308079663
22 198 0.514784593451536 0 0 0.01793448265693838 0.015049847187284748 0.024271041950707832 0.45520602203250154 0.10572986341303676 0.434826238389134 0.008477099885393207
22 198 0.6842005050827217 0 0 0.022630212612638357 0.028657052542974876 0.042272460153650486 0.5502193654397809 0.09094234720078843 0.6934449329845828 0.013379674486776088
22 198 0.4138196382564465 0 0 0.013550370673117871 0.0149478795551857 0.0181680220497872 0.42344612307213997 0.061743265670528846 0.36722447708288963 0.007335351846250784
22 198 0.4071753701940064 0 0 0.013461073349035657 0.013169743003764988 0.017934576905510462 0.39756963363360637 0.061452134392530805 0.37187154259459043 0.00733598089677984
22 198 0.45546272155283346 0 0 0.015207176871934193 0.01696889655959395 0.018446545408411535 0.4608131692928616 0.0633043922012382 0.4172831933937674 0.007933529879566541
22 198 0.6741311851189097 0 0 0.022994428298340138 0.021632405229096072 0.03158420553964528 0.5685480013215294 0.12326804319179283 0.6077480520817591 0.014083424689843891
23 207 0.4702680491441073 0 0 0.016388399892614477 0.013506242959769635 0.021391390753411645 0.3988179602309301 0.09580869605427546 0.3810758608209519 0.007348815646284102
23 207 0.6851377075581374 0 0 0.021830147661819684 0.028048406302919663 0.041946932802281886 0.5459234333495119 0.09082175596893795 0.7219496020081411 0.013254099990434469
23 207 0.42379119975842633 0 0 0.013840806501292177 0.014012677771557219 0.018896419377293854 0.422366525604251 0.06387453715708323 0.37087416092001557 0.0074400338430250165
23 207 0.38824183286713193 0 0 0.012806806727739263 0.012558510546324259 0.01710527853050653 0.36902664381453526 0.05713048961516772 0.3439313643310245 0.006572442310446409
23 207 0.463293371794997 0 0 0.015199861037194758 0.016919803406505382 0.017794714508745868 0.47713896169408426 0.06652307273990161 0.4359133257858045 0.007974124470718002
23 207 0.6192692822446367 0 0 0.02087079701091929 0.020220721940523295 0.0274234237580024 0.49827990133580913 0.11322110235237402 0.5325996595771555 0.012891578498236628
24 216 0.4154752169588787 0 0 0.014278497959149608 0.011973069594544972 0.018744128091843112 0.3220532940565293 0.08646528070923075 0.3172933825500164 0.006417188849346259
24 216 0.42010720905876914 0 0 0.013539943698926485 0.014524639581827752 0.018197885885649547 0.41101593755231003 0.06139817037906457 0.40246710187279383 0.006851796325598188
24 216 0.6338199568976929 0 0 0.020278512070954893 0.025903543791676673 0.0370221166774621 0.5065000351112998 0.08371591708360321 0.6607191626587687 0.0116277996175725
24 216 0.345628140655928 0 0 0.011115306752344714 0.011023715663489274 0.014626503808407017 0.32679475782265766 0.04866150940037954 0.30114702843805513 0.005671383206538841
24 216 0.43546421002152635 0 0 0.014073274606036166 0.015388688908280074 0.016234834328107742 0.43096328780868753 0.06274168020353757 0.40923067507341104 0.0073205248610151655
24 216 0.6155512434007923 0 0 0.022175402399908773 0.020284633139765054 0.026252898870496668 0.48279644423084006 0.11178623397112322 0.490467025910287 0.01242495004072128
25 225 0.42617131458673646 0 0 0.01462003436328219 0.01222135712820933 0.01841813489682624 0.33639915708583945 0.08608456586821711 0.31898428190638245 0.006659751521216896
25 225 0.4160769148945917 0 0 0.013244230893860457 0.0145420342443946 0.01738832391463211 0.36884570120478044 0.06310193710013326 0.401392848964378 0.006635537747589595
25 225 0.6058850237568504 0 0 0.019002654932858017 0.024318083835396284 0.03289198714033404 0.46505557991638796 0.079252666522829 0.6292829068210476 0.01175225306811361
25 225 0.3244447664536252 0 0 0.010552829360658721 0.009825653419010483 0.013327237537746556 0.3156096778142997 0.04522214262611668 0.26472895379316297 0.005399922479953047
25 225 0.4218046595955844 0 0 0.013364353256123151 0.01414442808143343 0.015403432935775561 0.41847284633485476 0.05958524165659503 0.391514431711005 0.006907386562559034
25 225 0.6631171179751647 0 0 0.02470050168870011 0.02215222467506397 0.026603953184977405 0.5163031865072216 0.1345639937160315 0.49711909094717205 0.013371070872370782
26 234 0.4360495890553851 0 0 0.014979897710626163 0.012103960660281693 0.017708822617747408 0.33378586045062036 0.08580222645223931 0.34275918938172156 0.007233366615936781
26 234 0.5607844220686861 0 0 0.017243734698164235 0.022685950815194384 0.028356432543879723 0.4270574469433887 0.07150456702518955 0.5828236052535544 0.010915697727490473
26 234 0.4026412010974057 0 0 0.012683831801604655 0.01405815632091391 0.016398320439978763 0.3403866982444402 0.06142427338688517 0.3900145423676341 0.006398136572915525
26 234 0.3051294344343841 0 0 0.010387973119621965 0.009240871632207345 0.011545838709092083 0.2966376849282331 0.04080687983177514 0.24836657202977905 0.004947297776174554
26 234 0.379158565059408 0 0 0.01188633228264485 0.01204358239928266 0.013706141836276949 0.38701676037616245 0.05154436764124482 0.3570780971988364 0.0062035245386374265
26 234 0.6929473910854292 0 0 0.025690079431140957 0.023346260857432917 0.026245530337495524 0.5397693957662077 0.15040622861160616 0.5115224443377767 0.013847710377747773
27 243 0.3710548929994687 0 0 0.012116045493250096 0.010136614734192844 0.014479086725624306 0.27897488039617574 0.07210688076338229 0.29177792913408535 0.005923202445271772
27 243 0.4976405661743336 0 0 0.01525246955818775 0.01887231216256863 0.024786536334060597 0.37625140005463603 0.06268719307825824 0.5023697092646799 0.00966145425742854
27 243 0.3766322084780538 0 0 0.011869068500705947 0.01334936769307728 0.014664665800923597 0.323142224693874 0.05743890586841483 0.3569130459574493 0.00569280714204023
27 243 0.33377309627177154 0 0 0.011318087195034292 0.010113800075364835 0.012566638688731264 0.31050559403219813 0.05470261347302317 0.27409543721750934 0.005013385613682573
27 243 0.37707383593291205 0 0 0.011447270580704322 0.01232079787438019 0.01329206240934583 0.36871605879453545 0.05109036268327049 0.3695702237342265 0.0061248181456386944
27 243 0.7731083748870318 0 0 0.02894667280632029 0.02637578940073196 0.028217090159384416 0.640522846061193 0.1711982540406668 0.6070536360613482 0.015647579092932667
28 252 0.3347241709817537 0 0 0.010818773975452336 0.009020857517751604 0.012650629875902802 0.24931378209009195 0.06337235813380718 0.2501829634559952 0.005564580206373794
28 252 0.4445395018980845 0 0 0.013118003709965301 0.01680089561627783 0.02093291950456081 0.3331397980383994 0.05728556781305218 0.42281319211418256 0.00883252453910252
28 252 0.35438588007678945 0 0 0.011016207755194907 0.012603354841996385 0.013070371019104696 0.3041662291722151 0.05290693235916733 0.3491970156120484 0.004977536334484114
28 252 0.3308741703443905 0 0 0.0113809471569781 0.01010055253093275 0.012015373255386829 0.299812411450852 0.054134089739633184 0.28553889530975385 0.005096612823794015
28 252 0.39151585264485694 0 0 0.011798801930629448 0.01253964837634041 0.012678231455456887 0.36698643726090524 0.05298763842326603 0.418856523639527 0.006367792224100456
28 252 0.848698791712149 0 0 0.03173733994491317 0.03017422970341646 0.0295977652228758 0.6651441352941716 0.20622948072281497 0.6791455488614758 0.01788872333804527
29 261 0.3260041026966188 0 0 0.011093152234504808 0.008744460052544874 0.011830357891665356 0.24101632643864251 0.06235395488203828 0.24252088417871556 0.00521984061377911
29 261 0.35565670737641275 0 0 0.011255586179562996 0.012339538251178485 0.012767618732975798 0.2983772452130663 0.055205776789049366 0.34455082151989425 0.004984385749212469
29 261 0.4086604848666472 0 0 0.012741336213355095 0.015497519306840547 0.01874104544300635 0.2991723375120809 0.051828365465104546 0.3832830459185643 0.0075847699757367396
29 261 0.31795382847510706 0 0 0.010994175509913525 0.009012196733906673 0.011191363908213391 0.28571170005720736 0.05238353708725719 0.27947239435618737 0.004796285351520169
29 261 0.3582279260588071 0 0 0.010705820860965769 0.010969780664895472 0.011378887864263583 0.33411751407673057 0.04687244860891516 0.3825997038429356 0.0057280097185737795
29 261 0.8718500659500704 0 0 0.03094761208393569 0.030540458683120743 0.02967514121949889 0.6748214065195759 0.22002125288270247 0.6909903822178374 0.01839778694947209
30 270 0.32389178291319726 0 0 0.01103583625800006 0.00849488622283239 0.011606384026681148 0.23571615661498332 0.06405409071429559 0.24525567817045557 0.005248111781785086
30 270 0.3418285234322487 0 0 0.010844401746651636 0.011638721106985505 0.011443508501236778 0.2855530673038695 0.04956064800776561 0.3313871641860722 0.004991588857859621
30 270 0.3698676662315412 0 0 0.011811645460015884 0.013796353988226404 0.01643752633250247 0.2594918761619029 0.04568267326907435 0.336596070124572 0.006846628406295041
30 270 0.33536794866812525 0 0 0.010127784249024422 0.00957070480263717 0.01019580662340553 0.30586769670062763 0.044418088728008065 0.35809944565655766 0.005400039620231616
30 270 0.30204092686905004 0 0 0.010100481072386095 0.008253174258937412 0.01047215900689642 0.256796061078973 0.05053786141455905 0.2714845736620726 0.00460061799074262
30 270 0.8653991591484397 0 0 0.030233265588287147 0.03060508421049824 0.028426797580786874 0.6691670783756545 0.2145985749448306 0.7075095329704085 0.017754336362240785
31 279 0.33199740546511414 0 0 0.010935034482597703 0.009452987905865578 0.01133608875324642 0.2391021039984036 0.06577422076887812 0.25039587599862034 0.005651399875705259
31 279 0.3286288105873131 0 0 0.010807122629144355 0.01118413255909804 0.010427592366498938 0.26559728379756936 0.0465939351251833 0.3145268993183573 0.0048156655538254605
31 279 0.32329452106108536 0 0 0.010148308222054758 0.011786924694108136 0.013937096877973336 0.22815284891760068 0.03777134289319316 0.2982949939079763 0.005872643094722411
31 279 0.3084730207543038 0 0 0.01035930978822127 0.008114645919226723 0.01031501671563428 0.2756558051779378 0.05170663411245066 0.28126326047037087 0.004651841647168454
31 279 0.36413600278385183 0 0 0.011053191847961727 0.01117403364596653 0.010591878660963491 0.32702927429265766 0.04941444763024288 0.4037972246831913 0.005796961999931082
31 279 0.9427957554970177 0 0 0.033762088443422544 0.03380772378427378 0.02959095598367765 0.7228111786919809 0.2417962071022712 0.8338548769130038 0.019644488932215928
32 288 0.30973062616202857 0 0 0.010158635125936483 0.008875992776937736 0.010198242934578874 0.22324897869703086 0.05968499567854068 0.23683585018553477 0.0053231633383446705
32 288 0.3573109471897913 0 0 0.011942338877719685 0.011627529895525781 0.01099406198307759 0.2963260801809296 0.05687887303533418 0.3254234463211625 0.004938870296302613
32 288 0.2933000121919466 0 0 0.009222023621699377 0.010400577240855136 0.012147557866987308 0.2043918209130756 0.03387086491412926 0.2536102167179754 0.005288655126936105
32 288 0.3217190941455789 0 0 0.010584055227216515 0.008446569367390355 0.0103856606304487 0.2842618451574861 0.053462763606627106 0.3146463369845989 0.0047352809536754855
32 288 0.9889521718222981 0 0 0.03492378736334564 0.035651038121335465 0.029182531895592705 0.7501341564761916 0.25132741228718336 0.8949555906519819 0.02033424694773464
32 288 0.35057984618791965 0 0 0.010435953800500922 0.010573693377603067 0.009827624442315618 0.31061483954337543 0.04862388817162156 0.3837013884030136 0.005770486594828873
33 297 0.2890531393199794 0 0 0.009791574805377748 0.008289637100747418 0.009062762714667626 0.19975639641949283 0.05344064811660205 0.21983379104230266 0.0049547878288172965
33 297 0.30229098682051825 0 0 0.010033626778763622 0.009715846147851287 0.009002439948769836 0.23474624127511198 0.04838421194062895 0.2779559498876413 0.004123688177045938
33 297 0.33037490477875286 0 0 0.010588546631742387 0.011996546168291147 0.012633149196309737 0.2345278195266494 0.038643867157309136 0.2959020810202935 0.00610113078575556
33 297 0.3240637379545563 0 0 0.010147809650081574 0.008485538176421562 0.01017023262765571 0.2732359887213568 0.05441055170977782 0.31677872355983944 0.005079246244237513
33 297 1.0282218764627893 0 0 0.03544656665113183 0.03741170029713959 0.029341357352031274 0.7542165498353811 0.25132741228718336 0.9514970525767807 0.021676397582610973
33 297 0.30822200382839987 0 0 0.008963699138002563 0.009153939842431673 0.008410923767872544 0.25892113214296075 0.04317094591528169 0.34388259683421724 0.005121409293806667
34 306 0.2653438353092922 0 0 0.009056709781186239 0.007823924012825959 0.0076621266286535025 0.17871083598884316 0.049148648908392566 0.20296014693993822 0.004436750383549972
34 306 0.24789921835734083 0 0 0.00828091221823214 0.008117762522264586 0.006814407065444833 0.1894945654424465 0.03765787399172084 0.22605581470907274 0.003304563292593651
34 306 0.40621659096247037 0 0 0.013192461675616288 0.015594516614509136 0.014399170707644376 0.299252551495909 0.04855349809497045 0.3652579014799537 0.007645325711799809
34 306 0.32167097643068915 0 0 0.009911139178884684 0.008125278096898633 0.009752855373879887 0.2680969937491232 0.0552169994941354 0.3129355165126791 0.0050658847654863875
34 306 0.9594202508100318 0 0 0.03318985733998574 0.0350965418849655 0.027061966759413202 0.6585397968798947 0.23142727243319114 0.8781716051675976 0.020314882328863717
34 306 0.3025725928681794 0 0 0.009248762887018503 0.009021275592114268 0.007741183658403239 0.25797596688212265 0.042190717005710324 0.3301971255872977 0.005162462184776301
35 315 0.2521308251961318 0 0 0.00886218480139174 0.007117858725353102 0.0069397813153464485 0.16691148326922806 0.046308918216351955 0.18958446313157895 0.0040722652464387984
35 315 0.2466204980660445 0 0 0.008371749348227897 0.007955417168524938 0.006815300038736264 0.1863907637196882 0.035721547452940414 0.2324698950066981 0.003265788826020871
35 315 0.46188657652481474 0 0 0.016702847060617157 0.017601619408224602 0.01572345913857402 0.3336191561487333 0.0546914731232935 0.4415331787562175 0.008287273465251653
35 315 0.31631720510462547 0 0 0.010393516870142807 0.008150086583025278 0.009486057538952389 0.25484203178369585 0.05234491226377496 0.29942360828714193 0.004985620619232396
35 315 0.3084769926647043 0 0 0.009670506601102068 0.009164943460539957 0.007551313371130579 0.25887049142595564 0.04190152756551932 0.33360312114391527 0.005558168983583187
35 315 0.8610923191131614 0 0 0.028316505479865715 0.02983139493535847 0.023641068759402428 0.5602219184761634 0.21515952330106838 0.7907788780278485 0.018430069346573895
36 324 0.24404009456557224 0 0 0.008577109075953746 0.006743192322915632 0.006412456571582553 0.17001983486501349 0.044786107431610794 0.17783656588965088 0.003924200292351066
36 324 0.25000539296050694 0 0 0.008613254285270967 0.008171562868151856 0.006746402209597057 0.18566076321257888 0.03583786212954102 0.23435130850080188 0.0033013958509355737
36 324 0.49113198208864833 0 0 0.01817895835239489 0.018857553032151173 0.017404181367079784 0.35268237214976217 0.0574568907848088 0.47191267139092663 0.00914964417585071
36 324 0.3039295503387727 0 0 0.010109820304365122 0.007869979050161829 0.008996523704588096 0.2225910464011029 0.05153573998766452 0.2868870986749697 0.004726624989615742
37 333 0.22400372876414978 0 0 0.007790859669010159 0.005975873379177724 0.0057691162832044915 0.1567785921106056 0.040929203089697136 0.1603390404548126 0.0035758974195992258
36 324 0.3232542561828105 0 0 0.010042676737446691 0.009285464392145896 0.007581708973398918 0.28081549900016517 0.04423884986921698 0.34576399635329097 0.006002592454182434
36 324 0.8395785246092344 0 0 0.02748468693671813 0.028611145265360245 0.022693178529381065 0.5117822862664567 0.20864437680487768 0.7702395701146334 0.01831729309069281
37 333 0.2382622613501507 0 0 0.00824980758657712 0.007803866955109543 0.006226277404026309 0.17013920493839393 0.03355934699374489 0.22578765794821692 0.0029660167462347915
37 333 0.4480212309076789 0 0 0.017018367396553536 0.016475226887478978 0.015921922154081874 0.30834974748164357 0.05530025282236596 0.4144907082718478 0.00840675432352383
37 333 0.2888799777014076 0 0 0.009653815250956077 0.007802624439843875 0.008199975741183613 0.20800881212517178 0.04724029303942691 0.270236852758907 0.004426075389521008
38 342 0.21824799302588424 0 0 0.007566796970271969 0.005738579603753805 0.005364257101789157 0.14653755796901247 0.04069314077233018 0.16009827261836074 0.003459494298453668
37 333 0.3119363047039405 0 0 0.009340211110479658 0.008749300400848283 0.007203568898289605 0.2719767561032211 0.04236750096192911 0.3439471923639557 0.005652815365328028
37 333 0.8063614695987246 0 0 0.02532643083736842 0.027592171697831774 0.022143833811313105 0.49415162784485256 0.19861733914972354 0.7442726377401438 0.01824416270040334
38 342 0.2428651764491632 0 0 0.008078802522669347 0.00794628895985002 0.005914231821791945 0.1801602893064233 0.0338718184983689 0.23389749679469513 0.0031590575199050203
38 342 0.4113126758272926 0 0 0.015985656179155733 0.015263935167814383 0.013518994479803963 0.2621528788724894 0.05289261861778187 0.3808048713546984 0.00701590147449327
39 351 0.22125929853880133 0 0 0.0076410341370980635 0.005709937501259901 0.004837331251606578 0.14936253886997972 0.043496060550346625 0.15892999123423984 0.0035372572550210943
38 342 0.27268476589452206 0 0 0.0091443039143911 0.007182470158986039 0.007413592729714585 0.19226126465169108 0.044210667598459305 0.24584159938849623 0.004161830204234877
38 342 0.2979951643955029 0 0 0.008714952381723672 0.008466094464531147 0.006514466960197644 0.2560336660802478 0.04161420486558657 0.32531420935882466 0.005597304186827978
38 342 0.7471395057081825 0 0 0.02322264431954701 0.02467872740523998 0.01961521340175465 0.43888702551494524 0.18837570445892915 0.6987232044414334 0.01796500924034334
39 351 0.23716466286013382 0 0 0.007813989261583613 0.007670138631654208 0.005324265958548851 0.17861223854884184 0.03331078747575068 0.23618608912540287 0.003161643414104189
39 351 0.39356779990133883 0 0 0.015215478937057452 0.014467987395279325 0.011498590168604633 0.24625908422433712 0.051988875390006184 0.3617640757734862 0.006663717207692009
40 360 0.21620272561272066 0 0 0.00736290461259646 0.005696787689978076 0.004582614517145893 0.13440656242743998 0.0435431969433262 0.16034145993711343 0.0033651936571711
39 351 0.2855486540623861 0 0 0.00969088932100954 0.007767360551045317 0.007322762243968869 0.20084875833254784 0.048247239937340626 0.2546042455360937 0.004227533480267694
39 351 0.2929426575155356 0 0 0.008519977819040181 0.008409400537975373 0.006001507610839641 0.23765325511708904 0.04255329083224642 0.319142683010264 0.005649124281255512
39 351 0.6675862838846071 0 0 0.02019405618078566 0.02084686814958074 0.01686729252662858 0.4061470466333175 0.16428758066580348 0.6219857596379844 0.016300517878686912
40 360 0.22537674814984168 0 0 0.007550641616312667 0.007259044051777962 0.004932349499941418 0.16962283310852408 0.03177061102291225 0.22283757157501388 0.0029112443282117485
40 360 0.4164688660305605 0 0 0.015921081163888556 0.014884054861262711 0.011540940267472306 0.2551372834472219 0.053741837025755725 0.3853602957802993 0.0073671263767919395
41 369 0.18325988525234138 0 0 0.006267223194424876 0.004703803720576044 0.0037726303290078027 0.11315913743132291 0.035877942615476686 0.1265999771152874 0.002793959505336521
40 360 0.2937396673357381 0 0 0.010164228770458347 0.008207285476903189 0.00716851018187392 0.2133624993455971 0.049950663221784215 0.2554070136091471 0.004844258111977062
40 360 0.6894466911135535 0 0 0.020756610560182343 0.020662937939092487 0.017235688595570217 0.4134320342185939 0.1788481771095622 0.6627605945314329 0.016923591821562587
40 360 0.33095214882596463 0 0 0.009376154959677889 0.009654458434093658 0.006462999618333777 0.2644269674914369 0.04757304274643299 0.35806669242683775 0.007233432874721434
41 369 0.21493588260972155 0 0 0.006933734633140272 0.0069444272248357876 0.004620489847104633 0.16156897082483657 0.03117010529133621 0.20916433099880344 0.002761522706523698
41 369 0.4581313256719677 0 0 0.017612907631826755 0.016029937597752526 0.011945286312749359 0.28745623949744015 0.0561828242887739 0.43376152297161075 0.008475336284095268
42 378 0.15539379059123828 0 0 0.005186053602811339 0.0039017593724301938 0.003058432067545633 0.09362934459312729 0.029285598697122113 0.10683648762428752 0.002372707496542882
41 369 0.35332752097382875 0 0 0.009829352442823108 0.010286226823093743 0.006440600958098087 0.2759872155850587 0.04879218527862503 0.3799727246154845 0.007870133882562731
41 369 0.29117721655900886 0 0 0.01015286910814986 0.00826799953795514 0.006915584555986617 0.1982181410554241 0.04969600998541672 0.26663720347096864 0.004494706072398391
41 369 0.6253574755772595 0 0 0.01750064785540303 0.01851184533473814 0.015321564399630375 0.37763292582596125 0.16310387440291133 0.589292334783272 0.014953152321984648
42 378 0.1952573878106843 0 0 0.00619920314873823 0.006369944945527066 0.004019508324736121 0.14194213126658703 0.027380228344488222 0.18984006987635121 0.0025208208719462726
42 378 0.5345614585785528 0 0 0.0198329985559305 0.017755382073845867 0.013879182044450001 0.3172765498090532 0.06548449110025985 0.5349410831201449 0.010934971648950577
43 387 0.1375951467690204 0 0 0.0044271398011298865 0.0034422479018690337 0.0025392041220984587 0.08223133332062701 0.02602954398255317 0.09687466773805863 0.002113919407180571
42 378 0.35723622856425996 0 0 0.009759171056912302 0.010116791089991696 0.006337318418152541 0.26677545664078917 0.04904302404107525 0.3865342342971149 0.008000174757812291
42 378 0.5970220849308864 0 0 0.016192444533531542 0.01655585484016566 0.01420893366830109 0.3605803868273001 0.15640574216128542 0.5577517905869734 0.014393109521051784
42 378 0.2641671975941895 0 0 0.008938447048554756 0.007417520127378757 0.00601588992932505 0.1728955710537957 0.04487336814545876 0.24436117437679808 0.003993720707960795
43 387 0.1669960614180004 0 0 0.005101854639029184 0.005297726768230121 0.0032969960564589135 0.11841488025920897 0.023228556694765288 0.16314589823358533 0.0021450445095283132
43 387 0.5750866891158122 0 0 0.02035130407418501 0.01972116478757896 0.014941272243586597 0.33319695710487734 0.07147401122588724 0.5780108900929408 0.01229230976834702
44 396 0.1327106750309431 0 0 0.004294533912562006 0.003138400796925179 0.0023698719628050605 0.07539224621687948 0.026028809942510236 0.09374801786442809 0.002083613822944435
43 387 0.5438246312721786 0 0 0.014294556201028433 0.01486412653605495 0.012147798659336727 0.30881010106379486 0.14380245030262778 0.5222230576835609 0.013074719544519327
43 387 0.35677235114066963 0 0 0.009298117279517445 0.009827455320455352 0.006346053264081357 0.26020949693302264 0.04818925997132941 0.3864985117772503 0.00855906927802542
43 387 0.2619122762751143 0 0 0.009081605203511452 0.007208401791801204 0.0057672597991596415 0.17129403658435358 0.04173803382341964 0.24393771029990782 0.004201325014236887
44 396 0.14634571691466203 0 0 0.00429610920397923 0.004584423805910397 0.0026509466544062115 0.10350456615321933 0.020680253408795667 0.14567115143673326 0.0018562487736701902
44 396 0.5984063135864144 0 0 0.020768368079109475 0.019639334385069186 0.014906922389139625 0.34990263391659515 0.07404539910871345 0.6021756458952621 0.01275630568145932
45 405 0.12138165529160452 0 0 0.003982405440687558 0.0027933728648049726 0.0021467748213606966 0.06565338204616983 0.024418871767502764 0.08569320092333031 0.0018751664828094853
44 396 0.3471040777524447 0 0 0.00854515307550789 0.009641194101016852 0.005838765900615437 0.24301510139268098 0.04795802366999631 0.38025429533401306 0.008693605408358755
44 396 0.24829261511855658 0 0 0.008388785858301353 0.006687912024649311 0.00518005888578173 0.15352044699135528 0.04042823043761568 0.22947639183151422 0.004039328598848767
44 396 0.5307820646365554 0 0 0.013674178012923746 0.013929463860081807 0.011886992483766668 0.30727454920573555 0.14077402187855106 0.4897023055380436 0.012662678377967035
45 405 0.15052078738797448 0 0 0.004489488293809401 0.00479431910631375 0.0026705084241697903 0.10475153907486065 0.02134715767544588 0.1470499003311195 0.0019380525029144245
45 405 0.581390776429963 0 0 0.01970623666475384 0.019084292475420414 0.013902625369300198 0.32948656108736024 0.07198246976840629 0.574660762606698 0.012477626605086127
46 414 0.12669299424047153 0 0 0.004014580569435307 0.0030203305388598585 0.002158471612557543 0.06791445052546315 0.025139394563514047 0.09270322387612767 0.0020024857262084107
45 405 0.3658582064709958 0 0 0.008837394709163436 0.009967918185257982 0.00602922352441368 0.2592624818235046 0.054922565017836406 0.39181222423301365 0.009533017563237753
45 405 0.23191016480282878 0 0 0.007521994934329524 0.006300691964691583 0.004815536689092891 0.13429155309775198 0.038933173972114966 0.21120994495934262 0.00380505899993285
45 405 0.5397706648172415 0 0 0.013882035842241042 0.013683237064028112 0.012284983697712054 0.3109817272166959 0.14063363069074214 0.5089730935728725 0.013238930237320133
46 414 0.16769323125862284 0 0 0.005196442074006259 0.005422888888294297 0.0028636989509281873 0.11534115649466518 0.024793258481722733 0.16916033775952447 0.002136319472343296
46 414 0.5649442859178107 0 0 0.018950892149334632 0.019062712679144285 0.012866154525822716 0.3176480942571837 0.06834269276923645 0.5611937610125014 0.012204565692165874
47 423 0.11683575594545528 0 0 0.0036004349698163557 0.0028225249474629183 0.0019069200244267637 0.05935614729371695 0.023135839790457902 0.08456999715298474 0.0018054807769390517
46 414 0.3600887477906368 0 0 0.008406402570730187 0.009657836304196865 0.005885319819686576 0.25305586043173434 0.055899476146682496 0.3900886570484668 0.009283063893532437
46 414 0.20769848012887973 0 0 0.006609186216014329 0.005505973916914999 0.00428820073218189 0.11694781677499462 0.03416944825778518 0.18601859569356843 0.0035315723085480167
46 414 0.5121555525832066 0 0 0.012664145244655782 0.013432759138570968 0.011609997119126286 0.2925964148297754 0.13098979903481717 0.47566714850189135 0.012352332162832916
47 423 0.18310298624453805 0 0 0.005799120766530143 0.0057751687125909045 0.003009431480602808 0.12146704932889259 0.028585152887185678 0.18676207819403068 0.0023345615701421516
47 423 0.527156056119766 0 0 0.017540778048387193 0.017893947245026444 0.011378382808565776 0.28765981937837637 0.06395631942022745 0.5206717205374675 0.011259296944221247
48 432 0.1080801602220178 0 0 0.0033281396383123495 0.002614890215884797 0.001701511306807332 0.05415137542763224 0.02069409506793554 0.07669045465790601 0.0016544498883993527
47 423 0.35043396813535727 0 0 0.008137775797410852 0.009306436181878732 0.005330468974288363 0.2349504911639429 0.05327612771126584 0.38378004800747145 0.009266982414962115
47 423 0.1874766449855635 0 0 0.00598914889787824 0.0051072906453504124 0.0036422098857692006 0.10148589096213752 0.029423367329096787 0.1550491646519812 0.0032552007105926704
48 432 0.18721312353223188 0 0 0.005840276908550047 0.0058468320633387905 0.003034931155950437 0.12453106769269086 0.028869673717384362 0.18985727832073943 0.0023448236173830143
47 423 0.47959487400254663 0 0 0.011849194143766107 0.012363211786325434 0.01029076269799249 0.2834358421606341 0.12242419498029804 0.4363984709112971 0.011681500233427962
48 432 0.4772233623898363 0 0 0.016049849002452186 0.015959738065602025 0.009819091497750327 0.262430739384356 0.058532691512860544 0.44467629508247686 0.010027363445698814
49 441 0.09657728736995777 0 0 0.0028792703350767478 0.0023796324666440667 0.0014138094369592613 0.048575140072907114 0.018560001557173907 0.06872949068751512 0.0014924834798585155
48 432 0.3238668873757163 0 0 0.007680729975276623 0.008545124765971657 0.005032182725016307 0.21482203739662525 0.04948052554198861 0.34406709070310726 0.008644477282769928
48 432 0.1835069707810383 0 0 0.005606941987782615 0.004861577426457784 0.0035295398237144737 0.09338605138062446 0.029463513093351136 0.1458530271759246 0.0031592110239761777
49 441 0.18818037892533584 0 0 0.005782077741585308 0.005653491118645352 0.0030031977761630067 0.12844299793344793 0.029945624494430226 0.182129533965144 0.002322998918190223
49 441 0.45309017495835474 0 0 0.01526677798350821 0.014635039628041574 0.008776040459674443 0.24937064766049966 0.056441906381185875 0.4055278850582325 0.009558258366973844
48 432 0.5436060240182619 0 0 0.01323100458410734 0.013534685109490251 0.011680470980822354 0.31401034394432076 0.13897299110823277 0.5717306177078699 0.013888995012173194
50 450 0.0939131652766756 0 0 0.0027195542197974115 0.0022932430863732882 0.001309659132921047 0.04670346077109366 0.017819448824272728 0.06900980334592226 0.0014315734203365791
49 441 0.2955427938771583 0 0 0.006753612233776527 0.007720749524551456 0.004340771318582316 0.19813207238697103 0.045901859884833675 0.31076798297903807 0.0077565795775523
49 441 0.16437691631274937 0 0 0.005035277827297504 0.004530648268458458 0.0028937324129114446 0.08138834432304114 0.025773863645694124 0.13035022158131335 0.002879807262840841
50 450 0.19647697960063204 0 0 0.006004243240279303 0.00580261771456367 0.0030844316304140923 0.13890285188554155 0.0304593897318584 0.1861393779889413 0.0025184516752214917
50 450 0.4069101923027599 0 0 0.013562453119543226 0.01308350746132366 0.007798799083496205 0.22051793736690425 0.04999080500056568 0.3510604231535688 0.008379531919203799
49 441 0.5392135134018828 0 0 0.012832009471748541 0.012786844152956257 0.011652902182071169 0.30938374731752577 0.1311582273815213 0.5616275336587209 0.013760383834325447
51 459 0.08915525934940968 0 0 0.0027117049660580076 0.0021352517071499973 0.0012518565083763306 0.042780372179069964 0.016497914848596258 0.06578314368604479 0.0013245763253118903
50 450 0.28318481965304837 0 0 0.006483689412673948 0.007552818317326602 0.004092815705905301 0.19009278064731694 0.04354543670639937 0.29084563425127363 0.007125193450260471
51 459 0.38444730372786456 0 0 0.012844221659818843 0.012025126341803158 0.007215648301136698 0.1969955604462372 0.04495085559369833 0.3286068344431935 0.007990844940890633
51 459 0.19251287557093588 0 0 0.005985140210458748 0.005539682493852913 0.0029562797709808274 0.131132710504116 0.029958640708685445 0.1823963560450529 0.0024563501925089362
50 450 0.15422963352790878 0 0 0.004748924446300812 0.004116133044774066 0.002622132987340751 0.074709021477831 0.023315835071346047 0.11782541806299443 0.0026655483478110436
50 450 0.5155116839249542 0 0 0.012268335077072407 0.011825488417918062 0.010667949913420344 0.2907982408711711 0.12794953336561712 0.5296223298074104 0.013067114248571883
52 468 0.08915842352572333 0 0 0.0027365626005587517 0.0022666177035700857 0.0011905838574386835 0.041844794428137135 0.016836487821561566 0.06348986905355944 0.0012870682195717758
51 459 0.2794969084902884 0 0 0.006263371190646643 0.007434527432637886 0.003993667927113925 0.18757629013775012 0.04232098135739288 0.29214417393093595 0.006957389705563532
52 468 0.18504397463088468 0 0 0.0057381947863959564 0.005258515386866784 0.002781067511986855 0.12365555088391429 0.025900140074411625 0.17628042954531548 0.0024215665845695295
51 459 0.1486183290026176 0 0 0.0044087169184879515 0.0039771105843975 0.0024980817831610526 0.06923934751373617 0.02232992023643562 0.1140782920416677 0.0026328010808599417
52 468 0.38834419849355367 0 0 0.012733271265824488 0.012001081009150458 0.0073124651891878474 0.1926522618799081 0.04570902608283304 0.327112731315438 0.007949339991592468
51 459 0.4739794497527188 0 0 0.011119343195325293 0.011186926290371527 0.009563505480155358 0.262114036010184 0.11688117547160035 0.4773562633564484 0.01171309210498015
53 477 0.08094642444231107 0 0 0.0024255513385053836 0.0020579205754750526 0.0010699077879116356 0.03637046294389976 0.01572524603816123 0.05755665234256387 0.0011605244081047282
52 468 0.2478903891756396 0 0 0.005473289618712178 0.006514819743796627 0.0034918051007007027 0.16122876560954216 0.0371806842387633 0.24484690664345576 0.006103866957984137
53 477 0.18746654016572245 0 0 0.005735005127682853 0.00531057571718957 0.00269620348252452 0.12107012887668298 0.0253580496947064 0.17894437489118986 0.0026586570171571117
53 477 0.4059392982047645 0 0 0.013221372271341935 0.011778972624183854 0.007468653098002693 0.2015837532306652 0.047232461847598765 0.34250940673841157 0.008460492984801686
52 468 0.13189868848067582 0 0 0.0037786977413013746 0.003603495928480427 0.002150093392727591 0.060124658448662445 0.01935287181627383 0.10214838742630832 0.002344823589668002
54 486 0.07544387375423517 0 0 0.002250237164271509 0.0019876035308505854 0.0009725054569218918 0.033120996103333786 0.014182844049248107 0.05343705131519075 0.0010469727495427306
52 468 0.4696653450480334 0 0 0.010956830711163568 0.011561595192934964 0.00909422203935673 0.2628218172430791 0.11564522624313175 0.43851113489441473 0.011723010023729151
53 477 0.2286887442583446 0 0 0.004983887981503935 0.006070857666334987 0.003191438694270779 0.14920913421817208 0.03168663018506324 0.22985251861321113 0.005594628875160198
54 486 0.1666886230283381 0 0 0.004818787599892859 0.00466006002344343 0.0023770716800046417 0.10730002709998865 0.021882659691639942 0.16070674222429096 0.002420151238900543
54 486 0.40535870119990325 0 0 0.012811806077177136 0.010950033692103704 0.007224358255251577 0.20590030475938592 0.05148911509166999 0.3405133040518617 0.008494214489361381
53 477 0.13319738545423274 0 0 0.003749241080608093 0.0035987748688953228 0.0021516963806783923 0.06463943298511769 0.020167448014247136 0.10212617403842915 0.0023610061716167943
55 495 0.07232887082286771 0 0 0.002139164126241416 0.0019444170005603052 0.0008767350833281361 0.032781599984054506 0.013024337583044077 0.0488073162097841 0.0009784943671589906
53 477 0.4309623903478673 0 0 0.009469552878868703 0.010526931525167498 0.008268168236932405 0.23290142827678967 0.10733189248677937 0.41012616812116076 0.010988604385027162
54 486 0.2675166146612667 0 0 0.005910752860390216 0.007316396861324664 0.0037367204474590535 0.17078844254501457 0.03822001594988274 0.28746837807642506 0.006579816448384424
55 495 0.1569676550156202 0 0 0.004436759068165115 0.004243116332234151 0.0021603730934910068 0.09563176710301173 0.020744150032965314 0.14566997506058865 0.002300115691669173
55 495 0.42739195478230596 0 0 0.013253228689290384 0.011474825142496285 0.007273160508708296 0.217448050547325 0.05476340267262158 0.3310274487990194 0.009819181225131958
54 486 0.14413584062353577 0 0 0.004054724169723103 0.0038546584890030823 0.002316170890679329 0.06802270239755405 0.021663339584652684 0.1120529170094716 0.002639071652400719
56 504 0.06886934721422996 0 0 0.0020593488219376585 0.0017812437529301016 0.0007882086712435577 0.030876155430675158 0.011980978028487414 0.0464987247949683 0.0009195202763166255
54 486 0.4061102328429805 0 0 0.008638847214533868 0.010084958631955538 0.0077925512220079814 0.2174504174695995 0.10041934142466766 0.39246392313421946 0.010288047228091651
55 495 0.2749977519579807 0 0 0.006300502193510039 0.007460726021949336 0.0036548311879300325 0.16733982337757886 0.04037153129957511 0.2845195570378103 0.006580039077400585
56 504 0.15535743836369018 0 0 0.004472564851364406 0.004023889465063859 0.0020229097366888295 0.09125459440246064 0.02110592261446821 0.14577486398198353 0.002270571270568466
56 504 0.3754648156673817 0 0 0.011241142342774763 0.010346002063603055 0.00620405333045213 0.18635703334140474 0.04770446128166538 0.279892263261693 0.008741097499479853
57 513 0.0676196982629769 0 0 0.0019160431594320024 0.001725296429872522 0.0007450950231033305 0.030089656942112637 0.01169486575242313 0.045049590787844145 0.0008850307948624961
55 495 0.1674982467900062 0 0 0.004943360629772255 0.004275580052551913 0.0025657922114968 0.07818101461374037 0.024259732585836913 0.13087323825216698 0.003231853810023635
55 495 0.3664907334715793 0 0 0.007794626331510192 0.009007550226405 0.006868111874102343 0.19626762703360912 0.08777302116846018 0.3411292426555898 0.008811079715264151
56 504 0.2694632310139367 0 0 0.005824915086980893 0.007388106540830774 0.003388170461485649 0.16883036987051367 0.038337985781824964 0.2823794761631785 0.006291293692138192
57 513 0.14266256712425815 0 0 0.004115713163858677 0.003648386647171397 0.001776411450881925 0.08201061928597812 0.018580383358805654 0.13054922079620626 0.002067640611120476
57 513 0.3498203833597675 0 0 0.010203130446286554 0.009311298645687457 0.0056731536131919575 0.17337948707847672 0.044924026579495895 0.2602572942313616 0.007851135456458564
58 522 0.06540477724428687 0 0 0.001811507286998304 0.0016903999277175724 0.0006654686900949131 0.02935226559827203 0.011437459724024424 0.041265277679831194 0.0008546398272006503
56 504 0.16250077756640155 0 0 0.00483009086322496 0.00416178405509257 0.002415373140477609 0.07674364849710058 0.02403510610826042 0.1217783962111493 0.003228727783350747
56 504 0.3967703163422047 0 0 0.007863841646372738 0.010078546616121 0.0072172956991271246 0.2164104123028106 0.0997326622413445 0.3566747765582047 0.009446829519809786
57 513 0.2781039775952485 0 0 0.006034603180714491 0.007749242350215157 0.003541627242780296 0.16945639337678386 0.041159916919842235 0.27339738228256866 0.0064694782412411354
58 522 0.1315701676506272 0 0 0.0039158063823531986 0.00328154211562556 0.0015012906404235904 0.07513965933315499 0.01715905795966129 0.11862040666890429 0.0018212850601872603
58 522 0.3065777031543574 0 0 0.008658833118457668 0.00817871040880117 0.004743361869760224 0.152416367453808 0.03874953516826642 0.22320686021083488 0.006667258692459915
59 531 0.063578101137932 0 0 0.0016947163603790883 0.0015729206206610202 0.0006261239467369848 0.028174971348560212 0.011143570772557185 0.04103365389462376 0.000850956824895247
57 513 0.16048182663805188 0 0 0.004711853599140492 0.004193665538057776 0.0023449881486728523 0.07577135835442672 0.023821514838965847 0.11727511193482021 0.0030899040957930004
57 513 0.4030886739831894 0 0 0.007816289293502175 0.010828558411519515 0.007100183693769808 0.22412574273087638 0.10444121547391237 0.36191883725416385 0.009587568172970927
58 522 0.2691561569205638 0 0 0.005867355505445807 0.007349269962626524 0.003173964530863095 0.1641502812532939 0.039804201883559494 0.25526699284192617 0.006423556317658886
59 531 0.12065675470580234 0 0 0.0036005674262203696 0.003102963314451938 0.0013446431541091065 0.06754721229760266 0.015400915108304663 0.10660425098313404 0.0016366388212188433
59 531 0.277542828504268 0 0 0.007638468371709204 0.007171139793512329 0.004253832363352652 0.13339291578581433 0.03376690072438689 0.20371487091337903 0.0059701774418814925
60 540 0.06263606739265924 0 0 0.001695545239444738 0.0015891755079207423 0.0005980799582998859 0.02809170264739802 0.01100284465789759 0.03799057468385723 0.0008550390341944824
58 522 0.14928566771541554 0 0 0.004371667102256645 0.003740520183767709 0.0021341069809914736 0.07061468695485545 0.02213670235182345 0.10701289970598404 0.0028713101371593253
58 522 0.380170003193143 0 0 0.007218526282779803 0.010027751594630626 0.006394900379194785 0.20106523175406443 0.10039316234995806 0.3347160232743696 0.008986616573524073
59 531 0.23041538398807335 0 0 0.004973427123756095 0.006287329929877349 0.0026521941071874352 0.13810446530914447 0.03340009933771921 0.2117699661759738 0.005127689465410636
60 540 0.12266823436293506 0 0 0.003622335593236353 0.003188573646683961 0.0013578709668936807 0.0652086546385595 0.01579021482205849 0.1189025241668992 0.001566104258965175
60 540 0.2727909555744098 0 0 0.0070738970564123834 0.00727514530559097 0.004081055457583046 0.13345524331181655 0.03334966322548636 0.20155110882663022 0.005770326584392285
61 549 0.06502018260711923 0 0 0.001769272239876031 0.0015907342779865681 0.0006020287393505954 0.030043798266228647 0.011482563724367975 0.04016299406952584 0.0009420219302271868
59 531 0.13483607257075803 0 0 0.0036236231797353866 0.003410358990636513 0.0018852607002330182 0.061941608802865415 0.019896079761669763 0.09815294725559416 0.0026147194169292543
59 531 0.320541012246476 0 0 0.00579270502730355 0.008275658568466078 0.005161496410691325 0.16722989626293142 0.08065585268989241 0.285373267325938 0.0076259806225711345
60 540 0.2472120221452092 0 0 0.00528030942287169 0.006731776843247632 0.0026700695315305307 0.14709945788507242 0.03860788355506994 0.2423118291140382 0.005669018393238171
61 549 0.12627570637484284 0 0 0.003797198085545558 0.0032546845099827755 0.0013744146303991955 0.06686644422320429 0.01641161922649256 0.1278145058111844 0.0015835499321926992
61 549 0.2798346566616013 0 0 0.0069684064448820755 0.007302427855130624 0.0041397946748043335 0.1458751254813018 0.03457286177946885 0.20465921371627435 0.005928553826663928
62 558 0.06649030841097163 0 0 0.0018562840619860367 0.0016291915226756563 0.0005520333736035256 0.03050661531523871 0.011433913392289325 0.04121581752388547 0.0010393614770884375
60 540 0.1256509309926907 0 0 0.003474850442960128 0.003146512031060099 0.0016496808399716057 0.05772227713591968 0.01850321716810326 0.08783067743417655 0.0025471213739626406
60 540 0.3034877648886593 0 0 0.005395871896251021 0.007509575977874771 0.004920395121259515 0.15457168272158972 0.07245330627389969 0.2840111037358484 0.007262755820956236
61 549 0.2872123686298488 0 0 0.005580686903482605 0.00777965415397674 0.0030872507491146724 0.16177584508301326 0.04812560975521558 0.3157564188710014 0.007398618880237445
62 558 0.12121491003118948 0 0 0.0035634071308093453 0.0031243372874040485 0.001295990470251637 0.06282950837294013 0.015875682039758837 0.12422407371915324 0.001523703553945425
62 558 0.2806351191148598 0 0 0.006981564152522735 0.007090064112055002 0.004270458396690769 0.14897514369468282 0.03429707474800003 0.20529487316215514 0.005891427895644125
63 567 0.07058590462260582 0 0 0.001961939532612607 0.0017630049050659585 0.0005660818371035306 0.03368856552194581 0.01257015010308246 0.04552609150981793 0.0011433191734806399
61 549 0.12477592837233797 0 0 0.0035920479968713152 0.003063382023767001 0.0015702656430588572 0.0550928927444273 0.01937342289495027 0.08681997570176767 0.0026880931520558743
61 549 0.2983202160832211 0 0 0.005275364020780049 0.0070596710203486325 0.004717233754454951 0.1588168252899727 0.0711729602207403 0.28431939250071736 0.00728240387030171
62 558 0.266513175002424 0 0 0.0050731205813217125 0.007151894166824872 0.002631992041966731 0.15346743581899353 0.04442678991058909 0.29624819603476915 0.006838882365009803
63 567 0.11658600272355057 0 0 0.00337682689488821 0.002929343349729792 0.0011730712926888672 0.061257106585929345 0.014596106308893332 0.1218144794908059 0.0014745231426955942
63 567 0.24699504929694222 0 0 0.006071272774043319 0.00595708173391904 0.003614413021660628 0.1347865220958313 0.031107276641123834 0.18009153757030294 0.005035087164847548
64 576 0.07544218366637813 0 0 0.0020441022387142874 0.001973555225866061 0.0005741086744026206 0.036062378290269655 0.013475164188103688 0.04916083003595939 0.0013228830486719245
62 558 0.11957594427740571 0 0 0.0034277827516928554 0.0029054407604103445 0.0014064874333448165 0.05799873266560435 0.01895810467766357 0.0814410449794706 0.0024963559654875953
62 558 0.27467961465947166 0 0 0.004789509339658924 0.006515429616401978 0.004033568104879994 0.14460785019383093 0.06815220213629668 0.26530622617489996 0.006840691973811907
63 567 0.23841625044697778 0 0 0.00443625404216606 0.006329421416304022 0.0022971914188236967 0.1347886482703362 0.03919404415007392 0.26566957578960526 0.006181258081859666
64 576 0.10488908591812256 0 0 0.0030600491631977166 0.0026302230273572225 0.0010380137858030415 0.05573623673857759 0.012773435384961099 0.11024566872461333 0.0012927437874616654
65 585 0.07106416155744442 0 0 0.0019105062467997065 0.0018874530589396647 0.0004973695534044474 0.033689648855284415 0.012731487439228485 0.046279190138460685 0.00127323106135493
64 576 0.24973661209696738 0 0 0.006170771895586917 0.006040692533596434 0.003613003908118243 0.144081796912615 0.03087589132062298 0.1783847652016291 0.005130360365129777
63 567 0.11336199981958332 0 0 0.003274152966493014 0.0026787813990806148 0.0012847285424423792 0.05728932032910011 0.01777331502284814 0.07662231518519286 0.0023734902082919915
63 567 0.2684129825598644 0 0 0.004514018969762838 0.006147377149627457 0.0038947996510571388 0.13200489662702977 0.06742641961856112 0.2601150356267756 0.006627165118359973
64 576 0.21212633677942438 0 0 0.003927260597882473 0.0056298240532790655 0.0018429465214942428 0.11700068647045941 0.03423455087924565 0.237858752060705 0.005524479624545154
65 585 0.10181962018575241 0 0 0.002866784052794705 0.0025623671015184337 0.0009579392550667943 0.051611848130342614 0.013075964986687451 0.10916800018395034 0.0012376199082820634
66 594 0.07371885627825266 0 0 0.0019325871382257665 0.002005075584539961 0.0004907289400983529 0.03483113344983791 0.012648476679746914 0.04870858386721115 0.0013281201677561236
65 585 0.23910176497282198 0 0 0.0059676932333017655 0.005549697080003124 0.003365595886175588 0.13619152280179775 0.028856726010655854 0.17046050799913678 0.005056110575453027
64 576 0.11513435786594708 0 0 0.0034500493572532523 0.002681742455498625 0.0012473261399637407 0.05797317556276943 0.01788102068543356 0.07780837840800844 0.0024424565197982092
64 576 0.2539881797168403 0 0 0.004339756654923074 0.005821519777050255 0.003497833894749306 0.12312189088804072 0.06257385567050361 0.24309661160755003 0.006386336813415338
65 585 0.18471527174156943 0 0 0.003460830551309038 0.004895024821201995 0.0016071393370089078 0.10012078280974532 0.028516516575665927 0.2058895802872861 0.004771213029906146
66 594 0.09821288267879387 0 0 0.0027807724179214825 0.002314180512217732 0.0009144951855516221 0.04943506638614623 0.012114063070166372 0.10240894658312522 0.001208974707660662
67 603 0.06912774109431466 0 0 0.0018012850360424864 0.0019075738463273611 0.00045728764766989527 0.03072675519747314 0.01187347391294061 0.045844269114750404 0.001235590828662183
66 594 0.2381844768108782 0 0 0.005702554561971226 0.005631739249398806 0.003393478385387835 0.13161115112113578 0.028552110354564723 0.16932549160426008 0.004809169586715405
67 603 0.06912774109431466 0 0 0.0018012850360424864 0.0019075738463273611 0.00045728764766989527 0.03072675519747314 0.01187347391294061 0.045844269114750404 0.001235590828662183
65 585 0.10543778261931083 0 0 0.003200316546817977 0.0024103101206241757 0.0010789292303076874 0.050028705155104276 0.01618424009316536 0.07125438878454624 0.002266242111874533
65 585 0.22793340385148472 0 0 0.0038820633284035793 0.005036532633065589 0.00291748435314013 0.10949158940438339 0.05636629918058185 0.2204670200950073 0.005771142795174983
66 594 0.18141780229645862 0 0 0.0033372919813749015 0.004612754295672755 0.0015973245263749794 0.09726195332063714 0.02775688387898106 0.1979309889403535 0.00452197108897455
67 603 0.09165760311779965 0 0 0.00250302840651937 0.0021743875013853116 0.0008329043224916968 0.04751096092893258 0.011400591525806789 0.09386409994072614 0.0010967858579919955
67 603 0.22689767036644398 0 0 0.0053270418473778626 0.005519605751957255 0.002967093919538344 0.12783319925225917 0.026858162998214634 0.1588308145862116 0.004567479294939032
67 603 0.09165760311779965 0 0 0.00250302840651937 0.0021743875013853116 0.0008329043224916968 0.04751096092893258 0.011400591525806789 0.09386409994072614 0.0010967858579919955
66 594 0.10310155581791604 0 0 0.003075333178663626 0.0022858055784402537 0.0009771150571168622 0.0480859680661082 0.014864372354957162 0.0682430378238742 0.0021363381404131193
67 603 0.22689767036644398 0 0 0.0053270418473778626 0.005519605751957255 0.002967093919538344 0.12783319925225917 0.026858162998214634 0.1588308145862116 0.004567479294939032
66 594 0.23120724906551846 0 0 0.003930409001889047 0.005208430438614724 0.0028788893218847857 0.11055011508862984 0.054686774894718626 0.21865069241402768 0.005671604139089938
67 603 0.18651215621350908 0 0 0.0034458234064120635 0.004694886705658469 0.0016584355013463047 0.10217450377148937 0.02700431750238114 0.20254870338429729 0.004577056245801841
67 603 0.18651215621350908 0 0 0.0034458234064120635 0.004694886705658469 0.0016584355013463047 0.10217450377148937 0.02700431750238114 0.20254870338429729 0.004577056245801841
67 603 0.10026639993076228 0 0 0.002904282415464719 0.002253802873538538 0.0009042559090903766 0.046166095457370306 0.015014119108349233 0.0661004780324467 0.00206755466228783
67 603 0.10026639993076228 0 0 0.002904282415464719 0.002253802873538538 0.0009042559090903766 0.046166095457370306 0.015014119108349233 0.0661004780324467 0.00206755466228783
67 603 0.2273809672628737 0 0 0.0036118681438050363 0.005216677672356053 0.0026623425867365546 0.11727261920383858 0.053945297532857726 0.211464723811417 0.005625755774073719
67 603 0.2273809672628737 0 0 0.0036118681438050363 0.005216677672356053 0.0026623425867365546 0.11727261920383858 0.053945297532857726 0.211464723811417 0.005625755774073719
