% # columns="iteration, evaluation, void, void, void, xmean", seed=2567, Fri Aug 28 18:40:49 2026, <python>{}</python> # scaling_of_variables: 1, typical_x: 0
1 9 0 0 0 0.44895321132383975 -0.01235587321210605 0.10493971979211406 -0.9640260454045447 -0.11677519162340762 0.05196965985161189 0.058900864566966776
1 9 0 0 0 0.47937119008742 0.026592403799407655 0.10500032467733457 -0.9640260454045447 -0.11677519162340762 0.05196965985161189 0.058900864566966776
1 9 0 0 0 0.3677596748038354 0.05649456210445661 0.10494452169130876 -0.9640260454045447 -0.11677519162340762 0.05196965985161189 0.058900864566966776
1 9 0 0 0 0.36317783595762876 0.07691967315983075 0.10494467256556586 -0.9640260454045447 -0.11677519162340762 0.05196965985161189 0.058900864566966776
1 9 0 0 0 0.5117968321009698 0.07038196004938382 0.10494321970234945 -0.9640260454045447 -0.11677519162340762 0.05196965985161189 0.058900864566966776
1 9 0 0 0 0.39060869814596794 0.07791625536989469 0.10494098639081552 -0.9640260454045447 -0.11677519162340762 0.05196965985161189 0.058900864566966776
2 18 0 0 0 0.48345814507352886 0.07751644237997599 0.057670340698301 -1.445504104194164 -0.06443902248645407 0.11288292160996041 0.060466853127369886
2 18 0 0 0 0.3394209877763946 0.06362904443504941 0.05767164268726021 -1.4455041041941699 -0.06443902248645358 0.11288292160996054 0.06046685312736959
2 18 0 0 0 0.3622700111185271 0.08505073770048739 0.057668107386767094 -1.4455041041941634 -0.06443902248645339 0.1128829216099633 0.06046685312736968
2 18 0 0 0 0.45103250305997916 0.03372688613000061 0.05772744567328614 -1.4455041041941612 -0.06443902248645371 0.11288292160995986 0.06046685312736962
2 18 0 0 0 0.33483914893018824 0.0840541554904241 0.057671793561517255 -1.445504104194175 -0.06443902248645307 0.11288292160995907 0.0604668531273694
2 18 0 0 0 0.42061452429639884 -0.005221390881513038 0.05766684078806566 -1.4455041041941572 -0.06443902248645364 0.11288292160996297 0.06046685312736959
3 27 0 0 0 0.3474502522317414 0.080891985361946 0.09459607676859635 -2.153638875836137 -0.038589379034749356 0.528614964915994 0.07161204145403333
3 27 0 0 0 0.4286437887517457 0.012041550045384097 0.09459127486940207 -2.153638875836118 -0.03858937903474924 0.5286149649159971 0.07161204145403313
3 27 0 0 0 0.34286841338553475 0.10131709641732019 0.09459622764285402 -2.1536388758361316 -0.03858937903474923 0.528614964915989 0.07161204145403344
3 27 0 0 0 0.4590617675153259 0.050989827056897453 0.09465187975462232 -2.153638875836131 -0.038589379034748954 0.5286149649159922 0.07161204145403327
3 27 0 0 0 0.49148740952887604 0.0947793833068728 0.09459477477963658 -2.153638875836167 -0.03858937903474892 0.5286149649159912 0.07161204145403334
3 27 0 0 0 0.37029927557387393 0.1023136786273843 0.09459254146810342 -2.15363887583613 -0.03858937903474947 0.5286149649159962 0.0716120414540333
4 36 0 0 0 0.35618910793137754 0.08522964113222202 0.11076504094830093 -3.3666854745158807 -0.011377600627340903 0.8007619180122036 0.07948208182030339
4 36 0 0 0 0.44196448329758825 -0.004045905239713584 0.1107600881748486 -3.366685474515867 -0.011377600627337578 0.8007619180122194 0.0794820818203031
4 36 0 0 0 0.38361997011971766 0.08622622334228722 0.11076135477355054 -3.366685474515896 -0.011377600627339838 0.8007619180122234 0.07948208182030274
4 36 0 0 0 0.3607709467775845 0.06480453007684825 0.1107648900740432 -3.3666854745158954 -0.011377600627340416 0.800761918012206 0.07948208182030317
4 36 0 0 0 0.47238246206116863 0.03490237177179967 0.11082069306006895 -3.3666854745158887 -0.011377600627339005 0.8007619180122072 0.0794820818203032
4 36 0 0 0 0.5048081040747195 0.07869192802177502 0.11076358808508369 -3.366685474515938 -0.011377600627342508 0.8007619180121942 0.07948208182030303
5 45 0 0 0 0.3658137323308486 0.06862711940166671 0.12892321617900346 -3.5227822240988567 -0.07051707455553635 1.0521388567829812 0.09467028816625934
5 45 0 0 0 0.48200708646064033 0.018299850041244903 0.12897886829077232 -3.5227822240988753 -0.07051707455553248 1.0521388567829895 0.09467028816625918
5 45 0 0 0 0.39324459451919025 0.06962370161173259 0.12891953000425455 -3.5227822240989037 -0.07051707455553358 1.0521388567830021 0.09467028816625858
5 45 0 0 0 0.5144327284741923 0.062089406291220825 0.12892176331578878 -3.5227822240989255 -0.07051707455553759 1.05213885678297 0.09467028816625891
5 45 0 0 0 0.45158910769705995 -0.020648426970268145 0.1289182634055525 -3.522782224098847 -0.07051707455553125 1.0521388567830068 0.09467028816625904
5 45 0 0 0 0.37039557117705624 0.0482020083462934 0.12892306530474681 -3.522782224098885 -0.07051707455553534 1.052138856782981 0.0946702881662591
6 54 0 0 0 0.5032542758106735 -0.008682670718873972 0.12807119419237128 -3.6204981147855237 -0.1277889999814937 1.7854741499810194 0.09555055336161306
6 54 0 0 0 0.38706092168088124 0.04164459864154745 0.12801554208060212 -3.6204981147854953 -0.12778899998149876 1.7854741499810092 0.0955505533616132
6 54 0 0 0 0.41449178386922353 0.042641180851614106 0.12801185590585415 -3.620498114785545 -0.12778899998149737 1.7854741499810314 0.09555055336161218
6 54 0 0 0 0.5356799178242259 0.0351068855311019 0.12801408921738833 -3.6204981147855855 -0.12778899998150212 1.7854741499809885 0.09555055336161263
6 54 0 0 0 0.4728362970470931 -0.047630947730386695 0.12801058930715192 -3.6204981147854864 -0.1277889999814919 1.7854741499810394 0.09555055336161287
6 54 0 0 0 0.39164276052708924 0.021219487586174306 0.1280153912063462 -3.6204981147855344 -0.12778899998149845 1.7854741499810052 0.09555055336161292
7 63 0 0 0 0.5383837577991992 0.04805272130130558 0.06784016339626028 -3.3843199368680126 -0.1481391904518606 1.493518777106837 0.07918554721722179
7 63 0 0 0 0.505958115785648 0.004263165051330052 0.0678972683712446 -3.3843199368679695 -0.14813919045185273 1.493518777106866 0.0791855472172221
7 63 0 0 0 0.41719562384419706 0.05558701662181815 0.06783793008472669 -3.384319936867964 -0.1481391904518555 1.4935187771068799 0.07918554721722137
7 63 0 0 0 0.4755401370220675 -0.03468511196018303 0.06783666348602473 -3.384319936867945 -0.14813919045185034 1.4935187771068805 0.07918554721722201
7 63 0 0 0 0.39434660050206366 0.03416532335637859 0.06784146538521955 -3.384319936867975 -0.14813919045185625 1.4935187771068574 0.07918554721722199
7 63 0 0 0 0.38976476165585644 0.05459043441175235 0.06784161625947635 -3.3843199368679517 -0.14813919045185492 1.4935187771068619 0.07918554721722221
8 72 0 0 0 0.5648625676479532 0.06613774647456619 0.05105945065320962 -3.8242753504567384 -0.13152410941623396 1.4150163564584122 0.0628830184339646
8 72 0 0 0 0.5140258982694573 0.0198796278797147 0.039996683776258306 -3.668374486856612 -0.13248688425079616 1.1039447211807085 0.06231204609422863
8 72 0 0 0 0.4252634063280057 0.07120347945020329 0.03993734548973959 -3.668374486856571 -0.13248688425079835 1.1039447211807294 0.06231204609422787
8 72 0 0 0 0.3978325441396668 0.07020689724013782 0.03994103166449148 -3.6683744868565915 -0.1324868842507952 1.1039447211807114 0.06231204609422888
8 72 0 0 0 0.4836079195058768 -0.019068649131798676 0.03993607889103767 -3.6683744868565973 -0.132486884250793 1.1039447211807167 0.06231204609422868
8 72 0 0 0 0.40241438298587306 0.04978178618476365 0.039940880790233425 -3.6683744868566053 -0.1324868842507984 1.103944721180706 0.06231204609422853
9 81 0 0 0 0.5838739909301449 0.0520707262264049 0.0637320154272985 -3.816203110611032 -0.2335498600852815 1.153030032644882 0.07419302431932741
9 81 0 0 0 0.42122316947924787 0.06881177651375289 0.06615378830106325 -3.545582330413254 -0.027031147822509545 1.1785572010695853 0.0628292470264526
9 81 0 0 0 0.5214736485519049 0.0024690155091219696 0.035846706925511354 -3.4290357500756996 -0.12741240639704876 0.79203421406194 0.06278015167201681
9 81 0 0 0 0.47956768265711885 -0.021460352068248905 0.06615252170236119 -3.5455823304132763 -0.02703114782250397 1.1785572010695677 0.06282924702645343
9 81 0 0 0 0.39379230729090864 0.06781519430368722 0.06615747447581499 -3.5455823304132696 -0.027031147822506544 1.1785572010695637 0.0628292470264537
9 81 0 0 0 0.39837414613711525 0.04739008324831325 0.06615732360155692 -3.5455823304132856 -0.027031147822509573 1.1785572010695635 0.06282924702645326
10 90 0 0 0 0.42023745067727886 0.0573698176360388 0.0763860368697468 -3.0604439811886044 -0.044897480062400866 0.7946272536233495 0.056363635961712365
10 90 0 0 0 0.5833611726539029 0.037472664448442744 0.055949835330435765 -3.407301450044786 -0.2024131394874587 0.9140147486776196 0.08418320519068219
10 90 0 0 0 0.47858196385515 -0.032902310945963034 0.076384770271045 -3.0604439811886217 -0.04489748006239622 0.7946272536233366 0.056363635961713184
10 90 0 0 0 0.3928065884889397 0.056373235425973466 0.07638972304449838 -3.0604439811886133 -0.044897480062398465 0.7946272536233314 0.05636363596171328
10 90 0 0 0 0.506869664014142 -0.027762964110170867 0.03769268137447753 -3.216364232346625 -0.0764100950783849 0.5027575724194261 0.060733907635242876
10 90 0 0 0 0.39738842733514623 0.03594812437059939 0.07638957217024057 -3.060443981188628 -0.04489748006240092 0.79462725362333 0.056363635961712955
11 99 0 0 0 0.58526501405307 0.02389422049382659 0.06507294337009785 -3.221941928681565 -0.10007387697810785 0.9430456079229018 0.09105072282029722
11 99 0 0 0 0.4020243770977741 0.04647668509036086 0.05893330989773232 -2.906938391354454 -0.08982429841043364 0.8012753078656651 0.06634883000152904
11 99 0 0 0 0.37917535375564104 0.025054991824921904 0.05893684519822524 -2.9069383913544535 -0.08982429841043404 0.8012753078656483 0.06634883000152944
11 99 0 0 0 0.46036889027564476 -0.04379544349164035 0.05893204329903067 -2.9069383913544313 -0.08982429841043098 0.8012753078656653 0.06634883000152964
11 99 0 0 0 0.37459351490943404 0.045480102880296115 0.05893699607248216 -2.9069383913544455 -0.08982429841043363 0.8012753078656476 0.06634883000152954
11 99 0 0 0 0.5368265845851274 -0.04973181273995847 0.044946267618650504 -3.623894536665807 -0.03468982894683466 0.1621705492882211 0.06095384899216912
12 108 0 0 0 0.5980694386944471 0.025298673473688606 0.04957484656437161 -2.402535547146412 -0.0948903501513296 0.8214857234344806 0.08658614848732091
12 108 0 0 0 0.42260605382479205 0.03888474712612418 0.04544375874267819 -2.286401182661375 -0.09900543979372581 0.412991294095576 0.04782112752084832
12 108 0 0 0 0.4809505670026633 -0.05138738145587761 0.04544249214397668 -2.28640118266139 -0.09900543979372203 0.4129912940955711 0.04782112752084905
12 108 0 0 0 0.395175191636453 0.03788816491605955 0.045447444917429164 -2.2864011826613826 -0.0990054397937236 0.4129912940955634 0.047821127520848834
12 108 0 0 0 0.5360594237614067 -0.022810095584411865 0.09426730666141836 -3.5795031638189507 -0.05590190610739234 1.1096488618639042 0.08132273859863696
12 108 0 0 0 0.3997570304826595 0.017463053860685133 0.045447294043171896 -2.2864011826613906 -0.09900543979372584 0.41299129409556024 0.047821127520848744
13 117 0 0 0 0.5865479554737039 0.024065874468211592 0.0600425436697391 -3.089200517705068 -0.18115895309347513 0.9689141641247494 0.09576907788874904
13 117 0 0 0 0.48334560266933013 -0.05340277404752537 0.049096559665074535 -2.7480851265453317 -0.15578198320993564 0.28923887117223995 0.05963692523827651
13 117 0 0 0 0.4250010894914595 0.03686935453447654 0.04909782626377618 -2.748085126545345 -0.1557819832099381 0.2892388711722397 0.05963692523827567
13 117 0 0 0 0.39757022730311964 0.03587277232441157 0.04910151243852652 -2.748085126545332 -0.15578198320993755 0.2892388711722239 0.059636925238276246
13 117 0 0 0 0.5536436008416108 -0.027305193902911275 0.06656818081449353 -2.965344564815485 -0.10402094885913908 0.01639271743528766 0.08264511667542573
13 117 0 0 0 0.40215206614932636 0.015447661269037388 0.049101361564269405 -2.7480851265453388 -0.15578198320993855 0.2892388711722199 0.059636925238276184
14 126 0 0 0 0.5739928490190072 0.043601953309919304 0.07375630659627609 -3.252870275506085 -0.2520404723996176 0.8252539173341245 0.09180014071730827
14 126 0 0 0 0.4814228810123998 -0.05599560626873861 0.06988502070938575 -2.846353912219849 -0.16572476755237447 -0.19552050247561384 0.05847963885589155
14 126 0 0 0 0.5668091927392694 -0.0773577592597611 0.13983600091506568 -3.6965263264438595 -0.14002980646756308 -0.43608104609140697 0.09357496632085763
14 126 0 0 0 0.42307836783452946 0.03427652231326354 0.06988628730808741 -2.8463539122198744 -0.16572476755237553 -0.19552050247561525 0.058479638855890595
14 126 0 0 0 0.39564750564618945 0.03327994010319869 0.06988997348283801 -2.846353912219843 -0.16572476755237647 -0.19552050247563127 0.05847963885589117
14 126 0 0 0 0.40022934449239606 0.012854829047824486 0.06988982260858052 -2.8463539122198545 -0.16572476755237608 -0.19552050247563588 0.05847963885589114
15 135 0 0 0 0.5589002405820673 0.052231815918493026 0.04101522193703977 -2.6816462667675625 -0.23254406835441244 0.011563948177344723 0.08613602099171924
15 135 0 0 0 0.4666283333499291 -0.06188811654260519 0.040414016744103484 -3.0623053762304306 -0.13838034325813797 -0.4234580445265336 0.057048451653935885
15 135 0 0 0 0.5733281187419296 -0.03684518838120666 0.11138765167717501 -2.814444821436576 -0.17748627142273518 0.363681921220892 0.0783567257499433
15 135 0 0 0 0.38085295798371904 0.02738742982933273 0.04041896951755572 -3.062305376230442 -0.13838034325813817 -0.42345804452655694 0.057048451653935246
15 135 0 0 0 0.40598851644909023 0.02995568510236515 0.041461598723439276 -3.1363154204824273 -0.1288913675463699 -0.5081853223262981 0.05531045455573769
15 135 0 0 0 0.3854347968299256 0.006962318773958242 0.04041881864329794 -3.062305376230442 -0.13838034325813714 -0.42345804452655794 0.057048451653935385
16 144 0 0 0 0.5598580342858755 0.05936156204885802 0.032257299173559933 -3.000748704881209 -0.36626152746031054 0.26847335714286513 0.08530726268665646
16 144 0 0 0 0.46424378321123266 -0.05375673808999773 0.024140197280883992 -2.9377801485509436 -0.1185473277102006 -0.14734836228696974 0.053882042417403686
16 144 0 0 0 0.5642967971486775 -0.03267580808833865 0.10950018271066704 -2.8273613226355914 -0.20739488600031594 0.5699068297593823 0.0894763150944363
16 144 0 0 0 0.39228057606887234 0.03613884262028135 0.02900565690350083 -3.2750003010756394 -0.0770800622153332 -0.5609104864868912 0.04076448437668188
16 144 0 0 0 0.39778264510467853 0.03678862941290273 0.03561548504611101 -3.2735409014011525 -0.15516982849827718 -0.4012156693821434 0.05586077997583553
16 144 0 0 0 0.3968624149150783 0.01571373156490658 0.029005506029241478 -3.2750003010756386 -0.07708006221533467 -0.5609104864868937 0.04076448437668187
17 153 0 0 0 0.5468720655992262 0.04828693705860189 0.01570663615694673 -3.0750653495700804 -0.37021682842403164 0.422453810473953 0.08069259163218215
17 153 0 0 0 0.4729455893370299 -0.061173370649561756 0.03965065320023453 -3.350433670268369 -0.17910780982597446 0.18881126010049903 0.05849137445984951
17 153 0 0 0 0.5531969672797783 -0.004797916462743626 0.08912160442980474 -3.294698871289764 -0.205151087585825 1.129524641959175 0.09162662182807753
17 153 0 0 0 0.4005064327470453 0.03192523478210822 0.020457993605572593 -3.5456113191802556 -0.12812598980375614 -0.2676816697260527 0.04664575318671097
17 153 0 0 0 0.39817078512848425 0.04678683884914905 0.0339038156649928 -3.4853648116582274 -0.14155803314431825 -0.6618723478591542 0.042972921760174705
17 153 0 0 0 0.38684523718623526 0.02658781733333298 0.0352586317505059 -3.381252348059628 0.041230160370657125 -0.5400819521988418 0.0404984702754306
18 162 0 0 0 0.5423390928164403 0.06011842511492686 0.022657813593098642 -3.608368338411135 -0.3895838562292811 0.7086290244211251 0.07379097092105828
18 162 0 0 0 0.4720783789086806 -0.047849992156493645 0.02962407810930428 -2.8677341428002525 -0.15757971400957219 0.3185728458899528 0.0541451957039655
18 162 0 0 0 0.5435975851097977 0.005307013603155397 0.10585253666640368 -3.5080625403908403 -0.2392098330287931 0.7317165528580818 0.10161096034146169
18 162 0 0 0 0.3906160192766317 0.04511541230325947 0.010995562074903155 -3.378813882728937 -0.10589218921370556 -0.3375593510535779 0.04585671429073138
18 162 0 0 0 0.390711780763124 0.041693204672303245 0.024585000111511865 -4.050328434151956 -0.15270173154758307 -0.6551009278625114 0.04513074565947502
18 162 0 0 0 0.40004729631860314 0.024397954577330502 0.06785266581977524 -3.3844534482342667 0.06807005043847277 -0.3538389889012613 0.03557128947642032
19 171 0 0 0 0.5422695868277002 0.062210542871320794 0.021847689652681787 -3.747493367982341 -0.438597324951401 0.8783957999082408 0.07047940504801356
19 171 0 0 0 0.5628659886159391 -0.012865807618387034 0.0739197746986024 -3.206290522876569 -0.207657419682912 0.5533703362937868 0.10141133967516258
19 171 0 0 0 0.467135784773468 -0.04645747545754542 0.024753124441999962 -2.8582963798324994 -0.12467481407656354 0.3182559253806165 0.059188623736139145
19 171 0 0 0 0.4015218932471838 0.044744270353412614 0.03984508595332167 -3.5354557744351034 -0.08936606185565152 -0.4068662271117109 0.04966597753151845
19 171 0 0 0 0.3902345396882391 0.058911189356318214 0.010934503257094884 -3.2356582922858976 -0.15489625245058755 -0.5225882438750551 0.04451137720352872
19 171 0 0 0 0.3772735255235548 0.026438955933532203 0.061022335173686215 -3.021170831222918 0.004996521107616312 -0.24318047767601939 0.045166132825370596
20 180 0 0 0 0.5288907390301792 0.057269730359206066 0.02798107906678859 -3.9196035897772457 -0.594096752766671 0.5904100585347747 0.07016129689614653
20 180 0 0 0 0.5631602493555221 0.01987588018160495 0.05748106648550971 -2.9066907179761983 -0.20867126381322798 1.330470161042473 0.09331801003279294
20 180 0 0 0 0.4711089146202321 -0.05556855773428538 0.02222570493550247 -3.078238264493168 -0.12047992321770339 -0.21116235336268235 0.0514520677586714
20 180 0 0 0 0.3885826504590435 0.05320169199814575 0.03490529271826334 -3.945439485902824 -0.049813183017932125 -0.3536280207665756 0.045193848791881853
20 180 0 0 0 0.383231544739416 0.05818541692751161 0.022718967201479232 -3.1263746820935268 -0.15510603829782063 -0.19131113841660974 0.05144885868652412
20 180 0 0 0 0.3633512577085165 0.03630755133433001 0.039323570578716154 -3.2579590448075586 0.08962490765158596 -0.47937313624384437 0.03301248861331148
21 189 0 0 0 0.5459809133139886 0.06382868712420223 0.02549681582013326 -3.6308066980663685 -0.4950090749377718 0.9253222935883011 0.07524723970802517
21 189 0 0 0 0.5828039191497864 0.02220053249992568 0.04716751412490423 -2.4759395201869014 -0.21635642891171286 1.801582218870112 0.0848692547578661
21 189 0 0 0 0.4818132011111131 -0.04253165073456924 0.017349143502601524 -3.377660773780358 -0.14041913397160405 -0.0881151660392017 0.0506906281346484
21 189 0 0 0 0.39800156945125803 0.055164186538359326 0.02736125870510139 -3.3967271738423452 -0.055261078723253663 -0.025653115257301493 0.04010762632779465
21 189 0 0 0 0.3784185449251202 0.07019190619696797 0.022832733914249788 -3.278892730015564 -0.13844135053911066 -0.05226829985504156 0.05611016207052108
21 189 0 0 0 0.3791302143007431 0.03496200336853029 0.01850115394596555 -3.3542699265762312 0.189566995577487 -0.7208509061170911 0.023063427956323088
22 198 0 0 0 0.552751449266666 0.053136140101204314 0.02034683380380235 -3.461915567570946 -0.574500320595213 0.8990995221755679 0.07418723450988053
22 198 0 0 0 0.5746039429857982 0.020540586975556167 0.029434230076552974 -2.785755294693757 -0.27860179217673614 1.9841209086148963 0.08424618272759431
22 198 0 0 0 0.48661439537345635 -0.031622339900065674 0.021315271726234868 -3.1758842907401252 -0.06876115277153207 -0.0430394357990831 0.05093352884356689
22 198 0 0 0 0.3905639909386734 0.046420031198745666 0.013263848744752784 -3.299050402239176 -0.09382600014474811 -0.094400590594972 0.040083419721852746
22 198 0 0 0 0.3766914269430944 0.07465501901425609 0.01744961051079923 -3.1315753922973797 -0.18687727074647884 0.17418176625835308 0.058820656209464535
22 198 0 0 0 0.39065210262001326 0.03868743132389863 0.016653947374821374 -3.873601897800335 0.2031555423107297 -1.0203370206383162 0.029278949083880786
23 207 0 0 0 0.558444171468182 0.04963190783057613 0.010839746415474399 -3.348517375072695 -0.5519766313341722 0.856049133392129 0.0755136775043791
23 207 0 0 0 0.57105487938053 0.03726362644885052 0.02901315578995554 -3.079632542244043 -0.25203147906725465 2.5574648181261193 0.08176732749702965
23 207 0 0 0 0.484102382292779 -0.039223201682869156 0.006846046837004106 -3.211418906729241 -0.0168090020858172 -0.14893744851738858 0.054123367182312476
23 207 0 0 0 0.3913809194916987 0.03909018294251926 0.007533114608932806 -3.260513260633143 -0.08324953851260103 0.07034588078934016 0.039441133308158585
23 207 0 0 0 0.38073225600967364 0.07405894274156008 0.023501950161905597 -2.8928785193483377 -0.246490716558465 0.3009380680421791 0.06249780978034255
23 207 0 0 0 0.3962645247384187 0.02893426451297826 0.03622092763244431 -3.9121677492424025 0.1783568230486564 -0.661745781282745 0.0351670075334662
24 216 0 0 0 0.5521968272387325 0.04679946945598638 0.01728147744530456 -3.3425739101345195 -0.46717579886787497 0.9183981006286692 0.07449092500417814
24 216 0 0 0 0.4811100003363216 -0.052219256868404264 0.017361229178267868 -3.3754979679179398 -0.05405603462407325 -0.6241979696647307 0.055185386552122954
24 216 0 0 0 0.5565486885349299 0.03916891714312751 0.03397232744540738 -3.3423709547106473 -0.2507288096880608 2.372271331709447 0.08863268425386649
24 216 0 0 0 0.3916442247886508 0.0477766442821757 0.013857305843811825 -3.146806680435165 -0.05425821335830276 0.1534705503528407 0.03921329398543641
24 216 0 0 0 0.3929516223113722 0.06913164954608918 0.016816515987062113 -2.876425830597601 -0.24234160729645363 0.3384332094733242 0.05845716911072896
24 216 0 0 0 0.41828253633268714 0.018493969782508234 0.02704644427212621 -3.9117890315514305 0.12485380004318286 -0.8255823780215704 0.04135684184174998
25 225 0 0 0 0.543666587417472 0.052143536588806855 0.010802292942474274 -3.066354147083762 -0.4933282605970555 1.1832301982521936 0.06712194278846785
25 225 0 0 0 0.49090256776738306 -0.039440676756399666 0.016358958700457813 -3.1730859561644706 2.2172939505434557e-05 -0.634939387556667 0.052992610827177676
25 225 0 0 0 0.5586405433802197 0.03249625370960828 0.033931495198031895 -3.394896771002928 -0.2548130740994976 2.347108175491612 0.1037381478890846
25 225 0 0 0 0.39600895150707 0.04580834688693552 0.014978781610638862 -2.9080273066987945 -0.08162599947659144 0.14677405816461606 0.04415490330159672
25 225 0 0 0 0.38253463919678 0.07796907450642131 0.02994904963273021 -2.5807683061764957 -0.26054485883344153 0.33113317467296827 0.05987419349189858
25 225 0 0 0 0.42674292193671254 0.01337581681959468 0.035423563435903506 -4.045921151037546 -0.0512073215928823 -0.9805422814709843 0.04731045868945801
26 234 0 0 0 0.545040265676067 0.05674126562621108 0.013768453643742832 -3.3361068257911097 -0.4562426501109951 1.366949045346566 0.06118868378462613
26 234 0 0 0 0.5562882671136813 0.04419244439845382 0.020287323158814926 -3.2288657252811164 -0.22128979258263465 2.790711393068976 0.10124205188186314
26 234 0 0 0 0.4883889900542576 -0.0382188206313833 0.011785599778785847 -3.2094734224588377 0.01252603318837924 -0.856718403447216 0.05224541723562886
26 234 0 0 0 0.38660252355847047 0.04509080502399227 0.012072415427608122 -3.0912051718302553 -0.06173520620833925 0.24395340133072208 0.04703680702902008
26 234 0 0 0 0.37372777921026584 0.07576071453007037 0.018905146417604508 -3.0762986208176857 -0.22837699459346059 -0.037482025287905854 0.05503308485777432
26 234 0 0 0 0.40953740486928586 0.012887268655481336 0.025111963686370954 -3.5661757751594205 -0.1780933581233666 -1.0933387421252883 0.04844267595160353
27 243 0 0 0 0.5473818984861897 0.05028453649665328 0.01590820911362573 -3.312042134538452 -0.4850006295911237 1.306089014661804 0.06575596708651861
27 243 0 0 0 0.5589444648140467 0.028750790762878925 0.014900708179080364 -3.2100117632052645 -0.23248737473959666 2.604265949907915 0.10312753471968011
27 243 0 0 0 0.49137853628001615 -0.029795601835006614 0.00872397414985144 -2.988150648668485 0.011210581904962734 -0.6628958430141669 0.052696385930033535
27 243 0 0 0 0.38638390574813597 0.05371094769337316 0.004886530466864203 -3.174847869752007 0.02662305247603448 0.31128070209127096 0.04442417088739743
27 243 0 0 0 0.3772331322008044 0.08396892143311457 0.016403028437343318 -2.9993933825964447 -0.23413864913890337 -0.3984595333880005 0.05123478184028245
27 243 0 0 0 0.42653913012720773 -0.00419222232797799 0.016478666263808665 -2.9930729598979613 -0.14276162536452267 -1.7384177537927832 0.03193892183233146
28 252 0 0 0 0.542270414160967 0.05035453143220683 0.023229590618381483 -3.1996297960582742 -0.47406524529512556 1.1590528236060054 0.07238361096887164
28 252 0 0 0 0.5624666784707824 0.043794839797526665 0.01202177056082655 -2.9770020557516936 -0.2751875093151797 2.5857995537704728 0.09317225620353088
28 252 0 0 0 0.4861735689539533 -0.03567705182271423 0.012496740369419425 -3.3174720269088507 0.024105032440076033 -0.9675074895483228 0.049253175190731115
28 252 0 0 0 0.3824054685841663 0.046473783302981186 0.013084590949266211 -3.2090108434154616 -0.02041462357840291 0.5662175600498366 0.04983822973249781
28 252 0 0 0 0.3800748499505911 0.08615975664078673 0.01721820756622789 -3.112898775195403 -0.23473940409299324 -0.7346601731529071 0.05404980191839882
28 252 0 0 0 0.41177791421640675 -0.021371302985299077 0.02190394199284522 -2.992155143039056 -0.37216551467789133 -1.7786362960968862 0.05275333409753536
29 261 0 0 0 0.5325644214712678 0.05417733621088569 0.011857996869085532 -3.126603657412473 -0.4999007478451707 0.9803947398967794 0.07159763499756536
29 261 0 0 0 0.4811492319063266 -0.03552412095629077 0.010405382879449334 -3.338955953861799 0.06949292770398013 -1.0644649063582519 0.04753911107697639
29 261 0 0 0 0.5457743085793021 0.03514156018026112 0.014491684894618375 -3.0944167379086776 -0.23703523969064913 2.64756345058595 0.0927983864935422
29 261 0 0 0 0.3895385844774704 0.05022386074851704 0.014734300536919109 -3.136506243500336 -0.005023591788968724 0.6628140669079388 0.0514446930813969
29 261 0 0 0 0.3732533249471467 0.07888463778796267 0.013757720345451961 -3.418206507199602 -0.20747938988164907 -0.5512759646748027 0.05151916131027385
29 261 0 0 0 0.4250937759137299 -0.006958275390851687 0.016959254477343033 -3.135324056214099 -0.4689804352665662 -1.8678987583012605 0.06116080285248954
30 270 0 0 0 0.5361541833253286 0.05905167943762934 0.019006395415491487 -3.2401834580721647 -0.45379535342263905 0.810158056688504 0.07570610489005929
30 270 0 0 0 0.47515573074649897 -0.039525581449100594 0.007545406126766396 -3.3200584998269567 0.05888532521121418 -1.0742954481592848 0.045284050882829434
30 270 0 0 0 0.5415503819394724 0.03975315659916191 0.011253496641519234 -3.2389964014931834 -0.23616002104476463 2.583161869118188 0.09764579910329882
30 270 0 0 0 0.3685785172411734 0.07715343186290961 0.00833026851827596 -3.414304554253676 -0.1980587439097272 -0.3205724076035453 0.048972791355274416
30 270 0 0 0 0.39075338674209403 0.0470128361144811 0.0069004808764767155 -3.2378445123553763 0.016036163747291155 0.795952289592679 0.04867943686964855
30 270 0 0 0 0.4407857667657503 0.0034970102700354164 0.031825520159832844 -3.2896860372483374 -0.3786540922881158 -2.2689727003543223 0.05385491494959886
31 279 0 0 0 0.5314313900360356 0.06884513959748699 0.008161951613613662 -3.147537327346665 -0.45012425291972824 0.8290451888250062 0.07241112080243962
31 279 0 0 0 0.49070148430674493 -0.04126694067840136 0.009391663395053708 -3.3459929006840463 0.038107767136295 -0.8198869215678534 0.045634019313610594
31 279 0 0 0 0.5498540754875271 0.03978944174286148 0.020848699813074432 -3.2942078415961418 -0.2624590183728625 2.7116683453813106 0.10055341060039565
31 279 0 0 0 0.3842437472454899 0.047546275123886025 0.007024307687632194 -3.502265062215186 -0.041551936812400075 0.8405567007263081 0.04598911455993833
31 279 0 0 0 0.3749627676737647 0.06385288328230448 0.00862877355912136 -3.2288252590741613 -0.17934801097868586 0.024233127685098405 0.04509215438197118
31 279 0 0 0 0.3998737069743941 0.0248191612252228 0.02990752102485631 -3.1847674901149143 -0.20787995436737575 -2.9503009600280445 0.05022642574005235
32 288 0 0 0 0.534236864057185 0.062184905067575666 0.012379479873488659 -3.173133951614003 -0.4184557947702221 0.6793107829451596 0.07628595542160699
32 288 0 0 0 0.4954472259782512 -0.04251790106578137 0.00917714274155514 -3.4550787038268536 -0.04894586139427006 -0.6726404333289063 0.04619426661817215
32 288 0 0 0 0.5480288452989857 0.03731978265247183 0.015189222988074846 -3.1942596295144066 -0.275532169209041 2.7879187907916356 0.10108532956184106
32 288 0 0 0 0.38582301415607234 0.04251670613145307 0.014888571352570735 -3.559457358574861 -0.02000504869256712 1.0590078855532643 0.045307084369789606
32 288 0 0 0 0.4094037919124889 0.0457506937421342 0.04473553263514666 -2.990045394543309 -0.13846804673136712 -3.2046116802244424 0.03394575492550202
32 288 0 0 0 0.37748480255244726 0.06614807162487484 0.01301459728888835 -3.3927051351903734 -0.16159807113330382 -0.18240735283375956 0.04308024664251135
33 297 0 0 0 0.525612279489295 0.06517360171918746 0.011739404452062228 -3.198099130174673 -0.4215892725567346 0.6620654794397961 0.0753664766508792
33 297 0 0 0 0.4896484996120342 -0.037469408435966405 0.01173792027653835 -3.2450183435777524 -0.006927118331265596 -0.7172547737853561 0.04631969646630663
33 297 0 0 0 0.5430646026221391 0.030662415604578393 0.014203542674264737 -3.158080086511352 -0.29697220981472544 3.0069770086667336 0.10524268390118784
33 297 0 0 0 0.3823147519767497 0.039174903053117625 0.009435197062699956 -3.4650383123708326 -0.009905067315889745 1.0299803827327643 0.0408755039424246
33 297 0 0 0 0.42442394875534234 0.04956216086604286 0.03847556838011768 -3.5680959777927668 -0.11064203659886851 -3.872079191942415 0.023286086482468684
33 297 0 0 0 0.3736665992974083 0.0709718698290948 0.015367231003422462 -3.5172153815968183 -0.166048243322249 -0.3712723647062944 0.043101662047504895
34 306 0 0 0 0.532975879000229 0.06032060808126601 0.011411152278237049 -3.1083757776474563 -0.4756229486959178 0.6274140528295148 0.07344264113469441
34 306 0 0 0 0.48525722402006766 -0.03674817522214583 0.010023677666082016 -3.2010659839831024 0.013894041672696797 -0.7586694541892329 0.046268791054530946
34 306 0 0 0 0.5471660524277678 0.013989424180465957 0.017275458686949945 -3.409965781019916 -0.32992471816487046 3.0273355632859107 0.11116112298230155
34 306 0 0 0 0.38212733497457 0.03350996973286857 0.013961102609322405 -3.4041961168274137 -0.06687838877901543 0.9797167849630425 0.03979396567390818
34 306 0 0 0 0.41530033443901376 0.04227493753938313 0.052299237696565436 -3.6689486925805896 -0.09689861303132549 -3.7012652471560195 0.03704783954483111
34 306 0 0 0 0.38432378371492054 0.06797996657108547 0.011494510228243915 -3.309404116878807 -0.16248907053088804 -0.4340126172543366 0.03907284449718944
35 315 0 0 0 0.5410856777468852 0.06360562385559612 0.013449692815943059 -3.110040643385862 -0.44083807846530576 0.6552507642947574 0.07242339514866654
35 315 0 0 0 0.47934778737623635 -0.03245834013028701 0.005983828981007088 -3.2684885633574137 -0.00507464043546068 -0.5821915359515867 0.04537912923737671
35 315 0 0 0 0.5277854594031531 0.017872741645740164 0.017228295482233664 -3.234927239864692 -0.3018914578628015 3.3959379474939255 0.10986896402072682
35 315 0 0 0 0.39644033522777095 0.030133102148016108 0.013741998802405946 -3.373738271548661 -0.05024597486706652 1.0572097449241034 0.04082666597458609
35 315 0 0 0 0.3870987613236008 0.06903166348318207 0.007688510308188269 -3.2830819443500148 -0.13011039101503294 -0.2502795168376395 0.03538917408678895
35 315 0 0 0 0.4075077127280459 0.023305465080947295 0.03823170611203915 -3.440402723841889 -0.3093915681975784 -3.8895587783925354 0.042815534152940336
36 324 0 0 0 0.5352508003237464 0.06442030374379062 0.012087323496905797 -3.3972003042478645 -0.43788668212444476 0.607656746137113 0.07347102209116922
36 324 0 0 0 0.4777304239013155 -0.029443779016080952 0.00637769242225128 -3.4429088318101804 0.018287597012666426 -0.5634671471474159 0.04572208859904593
36 324 0 0 0 0.5199654701141718 0.013062987266526778 0.030615850150303832 -3.616086886850265 -0.31381431576765434 2.980526951447001 0.11776423426151707
36 324 0 0 0 0.3947482193850727 0.030265669610471578 0.007429843449319064 -3.277191466119134 -0.08278437925557688 1.0384957862722686 0.042003659509347986
37 333 0 0 0 0.5374410576049088 0.061425558275192506 0.007678135808481187 -3.377057043507661 -0.468329868454913 0.6283521912457284 0.07253686943533871
36 324 0 0 0 0.38327265338689614 0.07550554626644974 0.00698814540636466 -3.0669296800323247 -0.16022586645459969 -0.14911269388123316 0.03423102162925879
36 324 0 0 0 0.39822492945426474 0.012850107501220816 0.04639150378644714 -3.517420108120327 -0.3395005712482962 -3.7670644530663617 0.031000588852575246
37 333 0 0 0 0.48657181195192456 -0.03257837757025616 0.002944117241924573 -3.3536854229243866 0.002781345136273147 -0.46575320203954707 0.04508296714633169
37 333 0 0 0 0.5215186805094716 0.026846172638581644 0.015448935051567038 -3.40029129356285 -0.24164794094456893 2.8145130116456216 0.10885070411916416
37 333 0 0 0 0.3968749431638656 0.040360026366719266 0.00516683213968823 -3.27695249407093 -0.05338229365803436 1.0312300731030408 0.04459041558101842
38 342 0 0 0 0.5373311307139574 0.06240920913959024 0.003972826715636656 -3.3595511805618776 -0.4311451710553845 0.7627169389187632 0.07226850384863778
37 333 0 0 0 0.37929127101039906 0.07934808744527683 0.007537590448312443 -3.2913160013186022 -0.1878142486191035 -0.48537409133020515 0.03357654513451155
37 333 0 0 0 0.4046168227684292 0.019081743752393063 0.025939348356628075 -3.2231549316072337 -0.14530988059732797 -4.339333311691368 0.01481871086670995
38 342 0 0 0 0.48867651855430067 -0.030445853693896196 0.00424976142509934 -3.21540678315769 0.0009402082049048968 -0.3359675693806303 0.041992021324528575
38 342 0 0 0 0.5122258887149898 0.020699912121817675 0.023383497393567057 -3.4475698198505196 -0.2281726249961961 2.8154327540829005 0.1073869286879905
39 351 0 0 0 0.5408576470975042 0.06258483560328028 0.004246237209714316 -3.36696914366852 -0.38290668158225905 0.7423240188030154 0.0742612431636575
38 342 0 0 0 0.4035152029827934 0.03982016646102628 0.00732707452322356 -3.294803246302868 -0.037118669108049646 1.0817673709636622 0.042618004152427585
38 342 0 0 0 0.37862619495703925 0.07053017955464 0.00860450524293588 -3.1971135319260973 -0.12608480166086034 -0.25355024792143965 0.03030577050541458
38 342 0 0 0 0.3995084077849895 0.032617915095807574 0.037795315585839276 -3.269905065488745 -0.0510656299708763 -4.389613000057298 0.004170690640911715
39 351 0 0 0 0.4888930987040029 -0.030665456729710758 0.00431579003904192 -3.3303650526786543 -0.0057096660624024196 -0.17585841548013348 0.044040131181847575
39 351 0 0 0 0.518695024883928 0.017990773615760666 0.022902426030830213 -3.1598761962541904 -0.2045855275935424 2.846662338929699 0.10494462617461159
40 360 0 0 0 0.5448793803740812 0.05698051020524391 0.004812425323135134 -3.32308597088295 -0.4025706826586188 0.8517870420973969 0.07443010131678715
39 351 0 0 0 0.40826724694004796 0.04636520768833324 0.0066660617205035935 -3.2353759005963045 0.006326791884124788 1.1910968699106341 0.042790831576559954
39 351 0 0 0 0.38055574304742334 0.06526360386062188 0.009619715254127295 -3.129558127418864 -0.11263910435337023 -0.020797565931112996 0.028669866653801997
39 351 0 0 0 0.41020733657047354 0.023336208642209026 0.036269544612938694 -3.7220554021946946 -0.07420169745571327 -3.743185809357349 0.020814977886672734
40 360 0 0 0 0.4796664270538872 -0.02766197399271009 0.005824028321918004 -3.471331780032622 0.01862215173846741 -0.3419055374040607 0.0449841242363783
40 360 0 0 0 0.5049722545000461 0.01550713223146083 0.017167206625703705 -3.150855277783983 -0.22886708704416361 3.0868090069536245 0.09798942314033732
41 369 0 0 0 0.5431813036506862 0.0604485798697595 0.0050831992240843995 -3.2635458468967053 -0.421038945063175 0.8237955838418624 0.07239623354079014
40 360 0 0 0 0.4110295455917216 0.04965294203265678 0.010585102181951253 -3.10826662264512 0.0037603613540499784 1.1709566215216427 0.049169055967987034
40 360 0 0 0 0.391497088298232 0.03238454422885751 0.04453839995485894 -3.527665080285248 0.11580951812549704 -3.516176051845708 0.011415239251037521
40 360 0 0 0 0.38369094727016345 0.061299902881765206 0.009791903708087423 -3.1360026552495537 -0.11573898781193838 -0.28892489921383435 0.020049337993468416
41 369 0 0 0 0.4817587171610994 -0.03573047306422119 0.0022595529616798657 -3.453878965574132 -0.005958872397112326 -0.1762131415258281 0.04643216823402934
41 369 0 0 0 0.5023111256161197 0.013124060778490999 0.019166470021971863 -3.0201398621704163 -0.21725194326451353 3.411378816674779 0.09133170228304835
42 378 0 0 0 0.5450198544338287 0.059522262077109866 0.005579004546984072 -3.235100492371774 -0.42391415406635824 0.7923767509311513 0.07353002475536585
41 369 0 0 0 0.38208370507624895 0.06961186037789341 0.010730306321863949 -3.1550102092373917 -0.13686315035534005 -0.49740899833037433 0.016584604312758072
41 369 0 0 0 0.3886820157208296 0.02223994183073636 0.036053379181692366 -3.7483853784227703 -0.09547663773702736 -4.01697193338951 0.024425748390674608
41 369 0 0 0 0.4161308489851983 0.04112347632374774 0.009064772350086799 -3.247923689330247 0.008456566715171044 1.5045760722995152 0.04619550757193552
42 378 0 0 0 0.4814661534314242 -0.03336832000652699 0.0034984668974632 -3.4951654549227116 -0.007982947670495667 -0.1050197161044136 0.04683686722960213
42 378 0 0 0 0.5069006604230466 0.016055941209630057 0.009004652749373343 -3.1688852732506105 -0.21752307375071914 3.7990322735945585 0.08301362800194174
43 387 0 0 0 0.5455572992189468 0.06087806302129904 0.004460027332061379 -3.3061249991187647 -0.4085107792735495 0.7348416353504058 0.0748158709803246
42 378 0 0 0 0.3873791005189396 0.0690827286955531 0.0126873606306703 -3.252768914244558 -0.16168875906681246 -0.7141450582694192 0.01670425353800288
42 378 0 0 0 0.3867220252284298 0.017598675799098913 0.036196012770561205 -3.8902718624075927 -0.19568998307643876 -4.262207796885641 0.032646838036680774
42 378 0 0 0 0.41037045279368084 0.041316060706846194 0.005014429289115449 -3.2607744763280353 0.010799819820102774 1.5365254274643287 0.04512738712290655
43 387 0 0 0 0.4836782623903059 -0.029619069127417068 0.004293366219189889 -3.4268400090638247 -0.013025684592130493 -0.11635490758403065 0.04638415989336212
43 387 0 0 0 0.5079153980826798 -0.002237355004412079 0.023931651024150423 -3.0642563308117503 -0.2226099053659537 3.630457503122881 0.07906083976634455
44 396 0 0 0 0.5480969551921048 0.061008447850396254 0.002929922646758036 -3.2765741567769147 -0.3867489098948133 0.8202292542598562 0.07547814877086657
43 387 0 0 0 0.3930495476968149 0.013649305526726796 0.0346814753998095 -3.6281508410239502 -0.13704870885566328 -4.095950815701597 0.034585689611440325
43 387 0 0 0 0.3838788077207141 0.0680362029479425 0.010761088970287231 -3.4361018183323684 -0.13866491483925558 -0.7061426892857874 0.010035685426005745
43 387 0 0 0 0.4135888918050749 0.04167433170236399 0.00706837359884895 -3.389283354569289 0.026361273445867896 1.5821244940838668 0.040449415701468414
44 396 0 0 0 0.48611674238616415 -0.034903580725548826 0.003288159634518958 -3.449295519889693 -0.001960267848179274 -0.23865061111097177 0.04648071922445087
44 396 0 0 0 0.49975216672379297 -0.004107210826573248 0.01653153891940502 -3.2623213605980066 -0.2793326750893483 4.061888091133441 0.08120410799179002
45 405 0 0 0 0.549286768347086 0.060171340294518656 0.0036359942902256226 -3.285420919147477 -0.37731826889434883 0.8198038162002337 0.07574381899231988
44 396 0 0 0 0.3878606081622022 0.06433582934335999 0.00823534120817129 -3.3387328728578805 -0.09152541906692016 -0.5224211416900149 0.005837567314796936
44 396 0 0 0 0.4174812387559044 0.04453460489916046 0.00783437207816578 -3.347479118243324 0.05308054570773696 1.7114462993910504 0.04424236745182517
44 396 0 0 0 0.3877321842011256 0.022886164507424783 0.025646569072792516 -3.457058381750172 -0.06903094720303261 -4.093390952180709 0.032114674540811364
45 405 0 0 0 0.4819227666326193 -0.03126214306436377 0.0020486180524078032 -3.4385670670983584 0.016019415482057358 -0.2717575535485043 0.04785228056102412
45 405 0 0 0 0.4973449463520529 -0.0005706096719282349 0.017123251529127144 -3.3882801255186235 -0.3216775550801662 3.7468437535252868 0.08419736531328494
46 414 0 0 0 0.5469865533771597 0.0578750034169401 0.0029394175935505773 -3.2891535870560715 -0.377082411323586 0.8803062000014165 0.07320718128091147
45 405 0 0 0 0.38824401933106745 0.0629720105651342 0.008211902812859087 -3.4585369563762955 -0.04437451513243876 -0.5472445653552369 -0.0013093332748406684
45 405 0 0 0 0.41643005097407454 0.04075126629939425 0.005126929291054989 -3.304831268345824 0.007259084377606624 1.709120030513089 0.04163573709758068
45 405 0 0 0 0.3787052187006941 0.030673014524674566 0.012033095381699882 -3.4666620776221246 -0.013645471862465414 -4.448948601903567 0.019085484146235458
46 414 0 0 0 0.4791511394935687 -0.028650619877415417 0.0019784809370304115 -3.4324402134071588 0.03641192968356355 -0.4189500761591018 0.0477578341493648
46 414 0 0 0 0.5111507931526721 0.016651223640708653 0.011616140510403654 -3.3509045314679353 -0.2740151423689128 3.9708533338569496 0.07307269364149406
47 423 0 0 0 0.5460278607922556 0.056790063904599376 0.00328480000975462 -3.255826621721323 -0.38932684064872264 0.8278813589920272 0.07450762316233507
46 414 0 0 0 0.39044446170581126 0.06740333893840009 0.007508208144451645 -3.3042021221039963 -0.04536894144308415 -0.5275275100346882 -0.004026335711930033
46 414 0 0 0 0.4111753421251992 0.04318902353360326 0.004617021955113346 -3.315296593908125 0.002565318393859458 1.6703938278548227 0.044978812824586475
46 414 0 0 0 0.38576339233436496 0.03928576499730688 0.012952884951680486 -3.6811442931821827 0.022048597416903442 -4.093361550724038 0.01979390674727037
47 423 0 0 0 0.47791131170605416 -0.027285598233071428 0.0018663482491048328 -3.451613340235278 0.061825061942950975 -0.4784989839788317 0.04748482267558948
47 423 0 0 0 0.5057674753011849 6.36514374026347e-05 0.012354473233988767 -3.458412357149069 -0.23651686734396263 3.8648853169196538 0.07147458730829631
48 432 0 0 0 0.543033414126245 0.05876417321750152 0.003009369854189023 -3.2889996188085973 -0.3957752810489012 0.8754164612646653 0.07304445967150927
47 423 0 0 0 0.3842008104647626 0.06735454994104342 0.007209727488586587 -3.3629683955147383 -0.07032694387057792 -0.8627049659267428 -0.00809354687465205
47 423 0 0 0 0.4084978121448068 0.047195867081514936 0.004045498950538041 -3.3244302162749793 0.011743611566840414 1.585030031862087 0.043376483864643246
48 432 0 0 0 0.47786374028132056 -0.02759611072672288 0.001757025916913908 -3.323151066021237 0.06131153687032123 -0.27486538560487866 0.04841612571822538
47 423 0 0 0 0.3919107853504518 0.03839290122836348 0.016609717811747273 -3.853453392392595 -0.02485288206461653 -4.393460840930648 0.018834262518046943
48 432 0 0 0 0.5179780598788959 0.003337315054001369 0.01793728456289452 -3.3471470455730805 -0.3128931451863231 4.008374171670754 0.07463505239443656
49 441 0 0 0 0.5437332728541687 0.05746857858778838 0.0029418557230442366 -3.2643339145357877 -0.4004509791436614 0.8916534339261833 0.07253844269792291
48 432 0 0 0 0.3773942390418912 0.0711007563997431 0.011991885651796957 -3.4034011702375273 -0.108704342784749 -0.7325840464968139 0.003834494685642866
48 432 0 0 0 0.40775114430381254 0.04553714367037928 0.0031966730841443184 -3.2681353621436187 -0.020285576780053164 1.608048322780927 0.04284814518247316
49 441 0 0 0 0.4799490816717931 -0.027017968480721726 0.0022783753074490033 -3.238701206011098 0.07250233723006558 -0.20448216265585736 0.04743818879289317
49 441 0 0 0 0.5096362159572949 -0.004007305448156964 0.011346900379310096 -3.4749791576064406 -0.34266519234576226 4.046693522761441 0.07339316878265831
48 432 0 0 0 0.39895543611684936 0.040424897300816186 0.009949226389120821 -3.5903368226438857 0.03144946906604954 -5.198763274977592 0.0051348438912978715
50 450 0 0 0 0.5448528456668084 0.055893240891265156 0.003363812208438128 -3.262112798276406 -0.3925081260273764 0.9620140096305184 0.07208253127227938
49 441 0 0 0 0.37927430136616425 0.06557223316294093 0.011749777031006848 -3.264901237597253 -0.1108481496696043 -0.6978627407446321 0.0030372471523286816
49 441 0 0 0 0.4069176846957663 0.04858147584339041 0.003395785356178529 -3.2739174400813664 -0.008941444055882264 1.5563670476815987 0.04459115450292721
50 450 0 0 0 0.48013136406703916 -0.0255608652844492 0.0032854741402924734 -3.1745684817524236 0.06641617467707578 -0.14171718842758246 0.04976849650330713
50 450 0 0 0 0.507227077763515 -0.004938035382294441 0.015639265097575284 -3.322066786846932 -0.30912190594807065 3.7964575121927995 0.0684623059833933
49 441 0 0 0 0.3935648527738058 0.05037816156078642 0.019579284928085392 -3.6760214856997506 0.050845656259039994 -5.02487144722104 -0.001607067537944657
51 459 0 0 0 0.541811225933219 0.0578346760724993 0.00249810299038625 -3.255390281064017 -0.4034231692161273 0.8994131759664485 0.07281001805806694
50 450 0 0 0 0.38345980281134423 0.05960195982842677 0.009137571682113767 -3.2322997780438447 -0.12600876485929818 -0.6459045130297347 0.0029342266462157097
51 459 0 0 0 0.5150527441208373 -0.006485268732831926 0.016074576995548276 -3.461933190520959 -0.34842103493543847 3.8293446428050695 0.06682652486400373
51 459 0 0 0 0.4832418973569567 -0.030587931773712943 0.0021844407871374175 -3.126153126076782 0.04465577812007754 -0.1103058613579906 0.04972400073145625
50 450 0 0 0 0.4065610718592137 0.04814860255744636 0.002657058752453132 -3.2615815703316104 -0.028864318103407408 1.5380072747581526 0.04404759518865666
50 450 0 0 0 0.40278328904071425 0.04125392413750634 0.01724861507798382 -3.853808438081194 -0.02665439462091903 -4.8882517480154855 0.0032262182922886875
52 468 0 0 0 0.5409536734317256 0.054951097991053625 0.0026692743356200254 -3.253170710129655 -0.4196100706298823 0.9051877205965245 0.07206115034757814
51 459 0 0 0 0.3781801194093248 0.0653563075637406 0.008251029418418012 -3.3275936713745873 -0.14769642260386562 -0.9838550552455582 0.0015151877223591973
52 468 0 0 0 0.48057687757789236 -0.03263857784235759 0.002807803996512479 -3.2466113494386786 0.039186141128319855 -0.31806434477974604 0.05116478331167332
51 459 0 0 0 0.40740034889979404 0.0455229917535244 0.0014978796203386536 -3.251928584246151 -0.033422172959400726 1.4502394353379993 0.04182885687056813
52 468 0 0 0 0.5110187045513166 4.4084906016116786e-05 0.010066152488776707 -3.471588541856162 -0.35458677909430475 3.7714434693348267 0.06032116378634402
51 459 0 0 0 0.39664291412921243 0.05317497581710854 0.009191269003759725 -3.654068959160611 0.05620517646957581 -4.6318999576237845 0.003667045254064662
53 477 0 0 0 0.5408191188970933 0.05618498813741618 0.0026281056011075604 -3.2655677514089843 -0.40090004167866017 0.8933473252551053 0.07323647405865434
52 468 0 0 0 0.38080747474856746 0.06442700486956722 0.007410646913916958 -3.250597442474533 -0.14579386146562762 -0.7754374614995723 0.006680111100131429
53 477 0 0 0 0.4803387736931752 -0.03381023001677515 0.0018589059908580541 -3.353678789318696 0.034733740396245355 -0.2392520642553833 0.05415254523338313
53 477 0 0 0 0.5207659263263761 -0.004592893538630297 0.009989498638175692 -3.389519771893593 -0.38392295534057097 3.821965068438765 0.05377349080355876
52 468 0 0 0 0.40672047877827666 0.04726792985131689 0.0032312722435784316 -3.293298389107387 -0.03516238552473641 1.5121195840905204 0.04389027080618886
54 486 0 0 0 0.5395414164576939 0.057815374047751375 0.0022518134269501793 -3.282350573357532 -0.40708443066322303 0.8597641307844082 0.07288820444267945
52 468 0 0 0 0.39567156076415716 0.061288547529423636 0.011270666066310327 -3.4777136978838774 0.09666678209738627 -4.483889019904215 -0.0064406739436035105
53 477 0 0 0 0.3812947226353602 0.06915582519544232 0.008354831784488911 -3.2723711394832415 -0.11781720368858724 -0.9120029050080374 0.0027128310206056337
54 486 0 0 0 0.4792058343655967 -0.03355611407493786 0.001466681455170243 -3.2808909546755083 0.05728332428204611 -0.39444230400773206 0.05068152144311163
54 486 0 0 0 0.5184123765744613 -0.006841797028355541 0.007962556788163875 -3.2298167667367235 -0.3677930795683091 3.5843774986894235 0.051748888502365774
53 477 0 0 0 0.4075212814067923 0.04949816334581948 0.002390906493531193 -3.3634861424282243 -0.00601213921775766 1.4968645300047505 0.04402730693223243
55 495 0 0 0 0.5416421406010784 0.058850305787445656 0.0023889926419609344 -3.304379580843265 -0.40165397676764797 0.8529582859440085 0.07283458739052905
53 477 0 0 0 0.40093698773136394 0.06156005984603525 0.014030737188295886 -3.600177219100845 0.11397512349119292 -4.393098879381496 -0.0026195937741837175
54 486 0 0 0 0.38440401441566796 0.0740319292556642 0.006908758492970083 -3.3998089803615255 -0.09799740124403195 -1.1553764842412853 0.002084922665399522
55 495 0 0 0 0.48297464591530875 -0.03613245876722821 0.0015369002606843486 -3.2737548975880637 0.06082857248773288 -0.30216952796503926 0.05211154338641276
55 495 0 0 0 0.5051334878175863 -0.007763477651520615 0.011099816810334303 -3.2936070812811837 -0.3910272389637348 3.6559469350550833 0.04467333489651047
54 486 0 0 0 0.4106498684093232 0.04976734298778631 0.0014896902620857267 -3.346612272895144 -0.012408442596917006 1.5134007660927127 0.04684475084490984
56 504 0 0 0 0.5424098752129303 0.05895003519730261 0.002607038973759197 -3.279279047107416 -0.4053399639120263 0.8368100524114693 0.0724787165198013
54 486 0 0 0 0.4039224582249395 0.05989376560317854 0.011496544470045172 -3.4973863184198035 0.09867953532709187 -4.180069372282043 0.004487521228988009
55 495 0 0 0 0.3887542349484025 0.07106901045296617 0.007519825004973547 -3.3352789364879736 -0.07997024867863593 -1.1461824309339401 -0.002388705739116884
56 504 0 0 0 0.4800299394799141 -0.03546985136790475 0.0006225683718061883 -3.257187556307795 0.07126533827095716 -0.188990208076822 0.053317743922703685
56 504 0 0 0 0.5151511033879279 0.004983555455668099 0.00812069704292628 -3.272475133398723 -0.37353467641986576 3.7746522936962683 0.052459992805090984
57 513 0 0 0 0.5419203215130436 0.05808740448736703 0.0022577511766813095 -3.2643567701834955 -0.40730122014363224 0.8393174888562357 0.07192271614794572
55 495 0 0 0 0.41534813957546884 0.0498146742331844 0.0008296364545787171 -3.3365478675517495 -0.006022154691069588 1.6060547722803293 0.04915744220298012
55 495 0 0 0 0.40075687221370726 0.05435194852610679 0.00802243809795317 -3.3930520289713826 0.06808233288691645 -4.229745514438525 0.004639479358821266
56 504 0 0 0 0.3883909585628113 0.06971600950632041 0.008324108911767604 -3.180698971054686 -0.07659444135330115 -1.07605303248601 -0.0009004803806250336
57 513 0 0 0 0.48089946507849046 -0.0367385603758433 0.0010947666932637635 -3.238537482501286 0.07958865445870068 -0.2812825077893884 0.052202314908546245
57 513 0 0 0 0.5133520811157024 0.008661027439825018 0.007241586718433392 -3.216443106499619 -0.40108423712756897 3.765923631460472 0.05696252856623819
58 522 0 0 0 0.5418040213238909 0.058667847900470964 0.0025966012890951667 -3.2513102194107844 -0.4119150972728659 0.8338553273647374 0.07156880114858069
56 504 0 0 0 0.41536532365793416 0.0511662824693259 0.0018342170230553905 -3.3062012321197747 0.008249563905133624 1.5607095990156281 0.04926112002416212
56 504 0 0 0 0.3975324230494644 0.0448122806368129 0.007672797136436411 -3.5530588217529164 -0.04352974359836617 -4.226378531124832 0.005746796407715989
57 513 0 0 0 0.39157952512402 0.0638950496502224 0.005252590281387972 -3.1684010154370847 -0.03905583169044003 -1.1146630689048302 -0.0037796471217098654
58 522 0 0 0 0.47747461699772387 -0.03603378501998687 0.001133508816587017 -3.2691768817389852 0.08284816977642455 -0.2520022638632102 0.05219989159751219
58 522 0 0 0 0.5152765855083722 0.005453704709212613 0.008389242694665065 -3.1836410160946413 -0.41313157106617787 3.7167907128018927 0.05416562108618679
59 531 0 0 0 0.5408899438356377 0.058277769466173863 0.0022920299779739355 -3.2469775246081705 -0.406757982129225 0.8791351591405192 0.07126789358911245
57 513 0 0 0 0.4173259060378157 0.05393274506574369 0.0006696948889532727 -3.3173977806231387 0.014397060599912578 1.556254669729366 0.04967784803105421
57 513 0 0 0 0.3972588383811145 0.04182581767749339 0.011988424400664078 -3.375131874819404 -0.03634755169383896 -4.15734382533288 0.0045999421070324975
58 522 0 0 0 0.3912741962489 0.06487314743638956 0.006775602100433539 -3.115674278228443 -0.026629344646776635 -1.1513389826636908 -0.006980164472998736
59 531 0 0 0 0.47632336196840425 -0.032775434365989765 0.0006435634473717737 -3.2708556389258754 0.08185409466149458 -0.3297147148648288 0.05126052652317509
59 531 0 0 0 0.5135832526792163 0.0025835300159424493 0.006233866854868854 -3.281281788084397 -0.4034296404379233 3.83373291882701 0.048546066892668154
60 540 0 0 0 0.5424969985888309 0.05720746611428788 0.0029226002509310334 -3.248148622065174 -0.4146711872498499 0.8798133933437966 0.07077090844425664
58 522 0 0 0 0.41810753125975697 0.05312848874042085 0.0002626087187402527 -3.269349702742541 0.013955950875267409 1.5119647927083397 0.04863135133311138
58 522 0 0 0 0.39736289348354836 0.04791091391932371 0.010468950731771223 -3.3404866601422447 0.04568305819812961 -3.985530780947367 0.00043093171478696265
59 531 0 0 0 0.3881196483672375 0.06439477354141131 0.007198793465146403 -3.0821927938187783 -0.048545935032520436 -1.022727472841427 -0.003887173484135657
60 540 0 0 0 0.4769809844300966 -0.033380037617899976 0.0013439825350907626 -3.2273489816242757 0.08888910742965146 -0.14186616675552224 0.051391553822535
60 540 0 0 0 0.5162385892110749 -0.004260772115001522 0.009787166328479542 -3.3530061797307 -0.4322319279273322 3.845978167814414 0.04925086363574498
61 549 0 0 0 0.5434090164960574 0.05755631681183433 0.002603521903254678 -3.2902311179646837 -0.4077249003305904 0.905845390831013 0.0704722348822503
59 531 0 0 0 0.41410900342111123 0.052017054023515204 0.0005762095240502146 -3.25229586931899 0.0015585985732412158 1.4528491195964535 0.04624337422949858
59 531 0 0 0 0.39941124577028614 0.049346603606959104 0.00967749094964113 -3.3685336031069357 0.058016947135730586 -3.9568317300066234 0.0020134404388618956
60 540 0 0 0 0.3877764432009627 0.06984557001443867 0.007227761935670151 -3.1529650118842074 0.0053824299264351606 -1.3082638766555659 -0.00900246603420126
61 549 0 0 0 0.48048959104103994 -0.03700099587574181 0.001134093380656972 -3.2138433383385077 0.07574711182613378 -0.07695774148882867 0.05125859069843997
61 549 0 0 0 0.5168960176955175 -0.007404264288768698 0.009574826822465724 -3.512653305498415 -0.43653820900056656 3.9156290141206385 0.053651351458385
62 558 0 0 0 0.5417033681672239 0.05686460182403376 0.002528072054755747 -3.260595512598762 -0.41329805470475656 0.917632610807031 0.06944369779098244
60 540 0 0 0 0.41709750800552997 0.05099777919915355 0.0015694474290165812 -3.2391155058293424 0.01154575049291916 1.507728209849157 0.04540907646324456
60 540 0 0 0 0.3990900301445928 0.04609865896908777 0.0072331347789813556 -3.4207105611408735 -0.0028336303558820484 -3.692792060652504 0.011258840515721603
61 549 0 0 0 0.38854152237793577 0.07159643514356187 0.007511505564261542 -3.126357001529047 0.038837733027393795 -1.6257635294052188 -0.01713459749490949
62 558 0 0 0 0.48126054290231307 -0.035825630583910514 0.00255991835985979 -3.199412972413493 0.07665887828097927 -0.2514102310958644 0.05080360996438203
62 558 0 0 0 0.5172032945015859 -0.007318066567628108 0.01557442805509217 -3.497106012905258 -0.41153894580183276 3.8083255075399487 0.05716176362299835
63 567 0 0 0 0.541914525306587 0.05526769365401226 0.002418707977337798 -3.2897254026920635 -0.4238959004989265 0.9480926272671372 0.06878517690429589
61 549 0 0 0 0.42012552537447745 0.05354965935211366 0.0012636779928091033 -3.226602529720767 0.032858325167471426 1.5398291530456958 0.04919612211369812
61 549 0 0 0 0.39815025894413447 0.05024799858468118 0.008377719759187802 -3.220619902113289 0.047887572868161574 -3.678913377783938 0.009980377988260895
62 558 0 0 0 0.3917474008689247 0.0666861214153049 0.007793013397729134 -3.2943858066325378 -0.020097858695450183 -1.217196497468981 -0.01075479484726811
63 567 0 0 0 0.479912067616631 -0.03459050065202478 0.0023350742474332435 -3.1753647004660874 0.07018563408550793 -0.2865452415124337 0.050246537835645894
63 567 0 0 0 0.5166635839379536 -0.0012384379959252164 0.01204816207867714 -3.3323396903626055 -0.39263066076543446 3.7691583149889754 0.056467633461109085
64 576 0 0 0 0.5418654433564121 0.05380778016953773 0.002339403741219528 -3.3012749699827864 -0.42514248780553177 0.9571724786962466 0.06807445224278
62 558 0 0 0 0.41553850882471705 0.05403647441266168 0.0010665347768964231 -3.3219238549481935 0.03255988362614774 1.5039943715440407 0.04823065729577229
62 558 0 0 0 0.3983127246808715 0.04914786268854509 0.00854590211854043 -3.273542465225885 0.006700299461670789 -3.5289205055858375 0.011592237766460699
63 567 0 0 0 0.39309926782465887 0.06605819675351163 0.007222817139107196 -3.1465802744941263 -0.025243989970912886 -1.3635826975055785 -0.011693431903839953
64 576 0 0 0 0.481535687284147 -0.03602820939924409 0.0010409149314222891 -3.183314980033947 0.0659514574061971 -0.20626032769139602 0.05048529690723547
65 585 0 0 0 0.5424727662589354 0.053692221493355834 0.002271165304072543 -3.3026759738878324 -0.4258657134576405 0.9518542072527505 0.06839555502913135
64 576 0 0 0 0.5195005353532437 0.0020530182772953635 0.0084884669596386 -3.195681852775777 -0.38205227900324745 3.660082061396963 0.05211793502702249
63 567 0 0 0 0.4127870725723032 0.052819659437499826 0.0011302845800699956 -3.351328366517008 0.020688308027310188 1.517986373017511 0.047086495376684905
63 567 0 0 0 0.4030042273122075 0.04694953982490743 0.006073481137444141 -3.303551978093496 -0.04202824611274734 -3.5578145172952444 0.013178369324360605
64 576 0 0 0 0.3949312348004532 0.06452197995348549 0.008113952087292965 -3.2260114053334124 -0.039805142227050415 -1.1978747670095293 -0.00824057368237819
65 585 0 0 0 0.48201925742726076 -0.034307165022381306 0.0009057741285368778 -3.1984646599065805 0.05342347104517497 -0.1390376114066086 0.05086953994077191
66 594 0 0 0 0.5422423488690665 0.05212419226150515 0.0025480101780036117 -3.3107575242411404 -0.42683217858980504 0.9430677732550159 0.067718270302166
65 585 0 0 0 0.5166358357654782 -0.0008320113205970821 0.007380195373853801 -3.210358980552701 -0.3826128216880203 3.6142055163066886 0.049100373305618505
64 576 0 0 0 0.41013986054049834 0.05130591950844037 0.0010096905268714704 -3.3703725779134985 0.018611514685051237 1.5026978036076504 0.04615264652605698
64 576 0 0 0 0.40492488203313737 0.047162950746197585 0.005537229371960641 -3.259792141859044 -0.021509238224429298 -3.6574973897129617 0.009866399432110623
65 585 0 0 0 0.3919624360512679 0.06660131060194312 0.0061850784966253495 -3.2043818734705436 -0.02398692880734631 -1.2453355317653518 -0.0083743016446606
66 594 0 0 0 0.48002421986278776 -0.03413462341482657 0.0013462832493246779 -3.212012835115594 0.05379279014626161 -0.1962728943165213 0.04991537406046229
67 603 0 0 0 0.5429174825123548 0.054184799462375415 0.002783118920098862 -3.2860099908551192 -0.422299914826712 0.906967451259671 0.06828964093284068
66 594 0 0 0 0.5178949156964621 0.0021777107024721263 0.004866596186409731 -3.2919706094710337 -0.38440920394013445 3.5320356912757167 0.053909115579562586
67 603 0 0 0 0.5429174825123548 0.054184799462375415 0.002783118920098862 -3.2860099908551192 -0.422299914826712 0.906967451259671 0.06828964093284068
65 585 0 0 0 0.41240402003477394 0.05163268670852451 0.0006553933876898013 -3.35938355919485 0.025824046377985372 1.5113479868468829 0.047664338889717585
65 585 0 0 0 0.4062832759678202 0.04672066657012258 0.005521660818827613 -3.2836726079232106 -0.01333634920958614 -3.6782056380286763 0.010796170487542415
66 594 0 0 0 0.3952961527039303 0.06428021954611292 0.00507051869290847 -3.2492718058099883 -0.009113612620880049 -1.207461722898173 -0.00992437511877719
67 603 0 0 0 0.4805147132476647 -0.03450015069261322 0.0014346707761992844 -3.202946732732456 0.04633485145023278 -0.17519853451111814 0.05014523536288721
67 603 0 0 0 0.5189126096840431 0.006505913933894375 0.005810893399878483 -3.2235799140718253 -0.3621377710429303 3.624534383134735 0.05352484515727984
67 603 0 0 0 0.4805147132476647 -0.03450015069261322 0.0014346707761992844 -3.202946732732456 0.04633485145023278 -0.17519853451111814 0.05014523536288721
66 594 0 0 0 0.41188606675701644 0.04985573879272009 0.00024917130324109143 -3.3496632181743973 0.027372084233954142 1.5240837252213963 0.046427768797157105
67 603 0 0 0 0.5189126096840431 0.006505913933894375 0.005810893399878483 -3.2235799140718253 -0.3621377710429303 3.624534383134735 0.05352484515727984
66 594 0 0 0 0.40858595526073216 0.04301257826052627 0.007095090566588753 -3.2980162913609856 -0.02238911309431435 -3.7476392066982265 0.008004658782112331
67 603 0 0 0 0.3945303532252621 0.06471367238557468 0.004801316518077196 -3.3616421756936585 -0.0034679592644012293 -1.3323238961964239 -0.010864934996233123
67 603 0 0 0 0.3945303532252621 0.06471367238557468 0.004801316518077196 -3.3616421756936585 -0.0034679592644012293 -1.3323238961964239 -0.010864934996233123
67 603 0 0 0 0.41180083845810994 0.051276752119307434 0.00061942100185943 -3.354079896276766 0.03843985358895412 1.571949662514171 0.047778878073121825
67 603 0 0 0 0.41180083845810994 0.051276752119307434 0.00061942100185943 -3.354079896276766 0.03843985358895412 1.571949662514171 0.047778878073121825
67 603 0 0 0 0.40581013278341177 0.04078835969371711 0.007644098872370506 -3.383127402071735 -0.03211532212635723 -3.725342680134354 0.007162907778304071
67 603 0 0 0 0.40581013278341177 0.04078835969371711 0.007644098872370506 -3.383127402071735 -0.03211532212635723 -3.725342680134354 0.007162907778304071
