% # columns="iter, evals, sigma, 0, fitness, xbest" seed=2567, Fri Aug 28 18:40:49 2026, <python>{}</python>
1 9 0.9449729899729058 0 2.0253737902164715 0.43926763604396846 0.029036010826699463 0.09019274331361436 -2.5599636463043867 -0.2344314727627191 0.68547248421146 0.059895911604224916
1 9 0.9449729899729059 0 2.025368369296442 0.4696856148075488 0.06798428783821318 0.09025334819883489 -2.5599636463043867 -0.2344314727627191 0.68547248421146 0.059895911604224916
1 9 0.9449729899729059 0 2.025321879474882 0.3580740995239642 0.09788644614326213 0.09019754521280908 -2.5599636463043867 -0.2344314727627191 0.68547248421146 0.059895911604224916
1 9 0.9449729899729059 0 2.0252523347171265 0.3534922606777575 0.11831155719863627 0.09019769608706617 -2.5599636463043867 -0.2344314727627191 0.68547248421146 0.059895911604224916
1 9 0.9449729899729059 0 2.025375636179929 0.5021112568210986 0.11177384408818934 0.09019624322384977 -2.5599636463043867 -0.2344314727627191 0.68547248421146 0.059895911604224916
1 9 0.944972989972906 0 2.025498415864554 0.38092312286609675 0.1193081394087002 0.09019400991231584 -2.5599636463043867 -0.2344314727627191 0.68547248421146 0.059895911604224916
2 18 0.908755573542171 0 1.811837117543569 0.36847561102829657 0.10230862604378312 0.10195121385065856 -2.617117577369901 -0.19553353785062705 0.22208860526691873 0.061173264822447435
2 18 0.9087555735421712 0 1.811745387811183 0.48966374498329823 0.094774330723272 0.10195344716219225 -2.617117577369896 -0.19553353785062824 0.22208860526691307 0.06117326482244748
2 18 0.9087555735421707 0 1.8118342828049316 0.3456265876861641 0.08088693277834509 0.10195474915115196 -2.6171175773699007 -0.19553353785062733 0.2220886052669156 0.0611732648224474
2 18 0.9087555735421708 0 1.8118168830404153 0.45723810296974865 0.05098477447329615 0.10201055213717772 -2.617117577369899 -0.1955335378506277 0.2220886052669145 0.06117326482244742
2 18 0.9087555735421707 0 1.8118748450757642 0.4268201242061684 0.012036497461782321 0.10194994725195729 -2.6171175773699025 -0.19553353785062716 0.22208860526691815 0.06117326482244742
2 18 0.9087555735421704 0 1.811625463221115 0.3410447488399577 0.10131204383371942 0.10195490002540941 -2.617117577369907 -0.19553353785062688 0.22208860526691449 0.06117326482244737
3 27 0.8929064494700618 0 1.738601977111332 0.3458159138767665 0.09469148824308718 0.08960432919446608 -1.7389104595154266 -0.03602833884654147 0.27864858866940356 0.06876437764890181
3 27 0.8929064494700617 0 1.7386529568965876 0.42700945039677096 0.025841052926524884 0.0895995272952718 -1.7389104595154155 -0.036028338846542995 0.2786485886693962 0.0687643776489017
3 27 0.8929064494700619 0 1.7383585523791598 0.34123407503056 0.11511659929846138 0.08960448006872403 -1.7389104595154232 -0.03602833884654197 0.2786485886693972 0.06876437764890182
3 27 0.8929064494700621 0 1.7386075670363976 0.4574274291603512 0.06478932993803845 0.08966013218049218 -1.738910459515424 -0.036028338846541975 0.27864858866939723 0.06876437764890175
3 27 0.8929064494700624 0 1.7384791032562985 0.48985307117390114 0.10857888618801431 0.08960302720550628 -1.738910459515456 -0.03602833884653979 0.27864858866940856 0.06876437764890175
3 27 0.892906449470062 0 1.738595917357594 0.3686649372188991 0.1161131815085253 0.08960079389397328 -1.738910459515422 -0.036028338846542426 0.2786485886694008 0.0687643776489018
4 36 0.9107936243491093 0 0.0037532641444159897 0.3423625968867437 0.06247776849765855 0.1707261575841338 -3.1134031900407306 -0.12986901759132108 0.4384769179802109 0.07246959896190576
4 36 0.9107936243491087 0 0.003910396562678827 0.4281379722529549 -0.02679777787427732 0.1707212048106829 -3.1134031900407373 -0.129869017591316 0.4384769179802362 0.07246959896190577
4 36 0.9107936243491088 0 0.0038930556951923237 0.3697934590750843 0.06347435070772331 0.17072247140938465 -3.113403190040709 -0.12986901759131658 0.4384769179802266 0.07246959896190562
4 36 0.9107936243491089 0 0.003892500714880741 0.346944435732951 0.04205265744228492 0.17072600670987748 -3.1134031900407244 -0.12986901759131972 0.4384769179802136 0.07246959896190573
4 36 0.9107936243491095 0 0.0038456938828706233 0.45855595101653523 0.012150499137236176 0.17078180969590329 -3.1134031900407315 -0.12986901759131858 0.4384769179802225 0.07246959896190579
4 36 0.9107936243491096 0 0.003826892393687834 0.49098159303008604 0.05594005538721214 0.17072470472091972 -3.113403190040723 -0.1298690175913214 0.43847691798020627 0.0724695989619058
5 45 0.9600110149980424 0 0.002713985797958862 0.3852241216957696 0.06579565449064678 0.11731216110243868 -3.1337221933972654 -0.06256435292380991 0.6035688104793302 0.07909090415042007
5 45 0.9600110149980426 0 0.0027016690149981293 0.5014174758255614 0.0154683851302252 0.11736781321420772 -3.1337221933972597 -0.0625643529238051 0.6035688104793377 0.07909090415042004
5 45 0.9600110149980415 0 0.0027827026675217724 0.4126549838841118 0.0667922367007132 0.11730847492769005 -3.1337221933972486 -0.06256435292380548 0.6035688104793521 0.07909090415041992
5 45 0.9600110149980414 0 0.0027327197709118194 0.47099949706198097 -0.023479891881287948 0.1173072083289879 -3.1337221933972654 -0.0625643529238045 0.6035688104793574 0.07909090415042003
5 45 0.9600110149980423 0 0.002679257487813974 0.5338431178391138 0.05925794138020182 0.11731070823922497 -3.1337221933972503 -0.06256435292381093 0.6035688104793162 0.07909090415041997
5 45 0.9600110149980416 0 0.002714605231673582 0.38980596054197736 0.04537054343527384 0.11731201022818209 -3.1337221933972574 -0.0625643529238082 0.6035688104793286 0.07909090415042001
6 54 1.046901611262995 0 0.17297337393305884 0.5432747359164978 -0.032980247780982096 0.11603519304587383 -3.1318903539662277 -0.06177922459314297 0.7983298300723007 0.07861803252125815
6 54 1.0469016112629943 0 0.17297108172505807 0.427081381786705 0.017347021579438897 0.11597954093410442 -3.131890353966214 -0.061779224593149815 0.7983298300723092 0.07861803252125822
6 54 1.0469016112629932 0 0.17291742799230025 0.4545122439750479 0.0183436037895063 0.11597585475935751 -3.1318903539662286 -0.06177922459315044 0.7983298300722812 0.07861803252125792
6 54 1.0469016112629939 0 0.17285555733391805 0.5757003779300505 0.010809308468993854 0.11597808807089123 -3.131890353966249 -0.061779224593154804 0.798329830072338 0.07861803252125801
6 54 1.0469016112629932 0 0.1729441443361121 0.5128567571529175 -0.07192852479249469 0.11597458816065476 -3.1318903539662166 -0.061779224593141044 0.7983298300722794 0.07861803252125811
6 54 1.0469016112629934 0 0.17293733226869346 0.4316632206329135 -0.003078089475933986 0.11597939005984902 -3.131890353966229 -0.061779224593150536 0.7983298300723167 0.07861803252125812
7 63 0.9808150963897795 0 0.0012173268944415624 0.5493021724671182 0.07569954215331837 0.03400061499079357 -3.1083555761608364 -0.0428040339966468 1.4185249811851326 0.057146938068994874
7 63 0.9808150963897805 0 0.0011010923631473953 0.5168765304535684 0.03190998590334356 0.03405771996578087 -3.1083555761608612 -0.042804033996639776 1.4185249811851568 0.057146938068995214
7 63 0.9808150963897788 0 0.0011331586969310437 0.4281140385121162 0.083233837473832 0.03399838167926186 -3.10835557616089 -0.04280403399664234 1.4185249811851808 0.057146938068994665
7 63 0.9808150963897785 0 0.001132505133747841 0.4864585516899878 -0.007038291108169788 0.0339971150805598 -3.1083555761608666 -0.042804033996636015 1.418524981185159 0.05714693806899525
7 63 0.980815096389779 0 0.001121207237280696 0.4052650151699841 0.06181214420839231 0.03400191697975591 -3.108355576160867 -0.04280403399664265 1.4185249811851601 0.05714693806899523
7 63 0.9808150963897795 0 0.001000015950892935 0.4006831763237778 0.08223725526376646 0.034002067854014356 -3.1083555761608728 -0.042804033996638055 1.4185249811851635 0.057146938068995595
8 72 0.9955610830343333 0 0.002051126929803441 0.5891032565961236 0.08729041222211306 0.05970914196782792 -2.369068386272855 -0.15353076827020892 1.3649547231942682 0.058377112573619425
8 72 0.9439356079277089 0 0.0009436451647239491 0.38583951788420573 0.0839780832610813 0.007412932652010248 -3.0801761638837477 -0.1580584575068163 0.4048520222403831 0.05621509127702444
8 72 0.9439356079277104 0 0.0009856952923083795 0.4746020098256574 0.03265423169059354 0.0074722709385294656 -3.080176163883742 -0.15805845750681655 0.40485202224037 0.05621509127702472
8 72 0.9439356079277094 0 0.0008398521011169491 0.3584086556958674 0.08298150105101754 0.007416618826762436 -3.080176163883731 -0.1580584575068152 0.4048520222403693 0.05621509127702466
8 72 0.943935607927708 0 0.0010020545938447965 0.44418403106207693 -0.00629404532092033 0.007411666053309049 -3.0801761638837455 -0.15805845750681546 0.40485202224037753 0.0562150912770248
8 72 0.9439356079277089 0 0.000960660673492494 0.3629904945420732 0.06255638999564267 0.007416467952504273 -3.080176163883738 -0.15805845750681663 0.4048520222403691 0.056215091277024634
9 81 0.965896639094801 0 0.0011135893916741945 0.5502571244588405 0.039339034214474655 0.03045997144517898 -2.4095656032954498 -0.17920858887756463 0.4610396249765538 0.07486838736524933
9 81 0.8206293312726286 0 0.0015484559055081576 0.4471575104712069 0.042840749067204045 0.05876319473547963 -2.9057611888252675 0.14399643043495597 1.52883454625041 0.062180779757213714
9 81 0.8513798812064012 0 0.0010203305847734144 0.4980033327700615 0.035138463135260166 0.029589271338183697 -2.8259846830945348 -0.25287441686810863 0.04240001075781774 0.07158397043305294
9 81 0.8206293312726274 0 0.001682386160222698 0.505502023649077 -0.047431379514798075 0.05876192813677694 -2.905761188825244 0.14399643043496443 1.5288345462504216 0.062180779757214616
9 81 0.8206293312726289 0 0.0016191882414496068 0.41972664828286677 0.04184416685713723 0.05876688091023074 -2.905761188825258 0.1439964304349599 1.5288345462504225 0.06218077975721488
9 81 0.8206293312726286 0 0.0016683264107707355 0.424308487129074 0.021419055801763714 0.05876673003597311 -2.905761188825233 0.14399643043495525 1.5288345462504211 0.062180779757214366
10 90 0.7289711996298516 0 0.001317210344298197 0.406581076778495 0.07397814988027576 0.049042115815305654 -3.103409823112925 -0.07813781793962343 1.2667057312347678 0.05456792227823558
10 90 0.8857070582603395 0 0.0009318029648783378 0.5670381354254183 0.04771007761574746 0.022109987492195463 -3.1381458609016266 -0.3010678735801061 0.9809917464617428 0.06518023992899132
10 90 0.7289711996298504 0 0.001413300268250399 0.46492558995636674 -0.016293978701725643 0.04904084921660412 -3.1034098231129414 -0.07813781793961783 1.2667057312347552 0.054567922278236
10 90 0.7289711996298519 0 0.0012601939761823363 0.3791502145901565 0.07298156767021097 0.049045801990057654 -3.1034098231129432 -0.07813781793961949 1.2667057312347527 0.054567922278236175
10 90 0.8078747559212417 0 0.0012229911375147286 0.47796823155503415 -0.0482876547344898 0.024052020346655198 -3.019695507408462 -0.015712177126164836 0.6662699411971337 0.05393413314799811
10 90 0.7289711996298516 0 0.0013837273081843912 0.38373205343636285 0.052556456614836544 0.049045651115799706 -3.1034098231129446 -0.07813781793962321 1.2667057312347525 0.05456792227823594
11 99 0.8154028175505734 0 0.0017807551043848586 0.5731939792980834 0.03678949304434116 0.06251648674717133 -2.48797286965485 -0.10267268771883355 1.3126943378718903 0.07543580513179168
11 99 0.6581829545660882 0 0.0013062557188633671 0.40090873067344285 0.04763787669308865 0.04202526617162877 -2.69617163637747 -0.15410742764924407 0.12456657745210087 0.06487531893417263
11 99 0.658182954566088 0 0.001272024857467396 0.37805970733130945 0.026216183427650024 0.04202880147212151 -2.6961716363774513 -0.15410742764924465 0.12456657745208599 0.06487531893417282
11 99 0.6581829545660871 0 0.0012898516482961562 0.4592532438513132 -0.04263425188891273 0.04202399957292735 -2.6961716363774304 -0.15410742764924468 0.12456657745210808 0.064875318934173
11 99 0.6581829545660886 0 0.0013897221403395058 0.3734778684851027 0.04664129448302431 0.04202895234637844 -2.6961716363774455 -0.15410742764924634 0.12456657745208644 0.0648753189341728
11 99 0.8331957561926445 0 0.0017814253592077997 0.5480272102133816 -0.05706417019606939 0.04493192750310682 -3.141571242031655 -0.01782506130345783 -0.7860529135496283 0.05373459823158227
12 108 0.7587252535166238 0 0.0018073974226675872 0.5926416007373138 0.0382257498539401 0.0523753812415509 -2.241738713436507 0.06476563986264425 1.1501688000185872 0.0732045779471403
12 108 0.6545252902319133 0 0.0011376577942087385 0.4358585578680725 0.034654106699768775 0.03657657844991306 -2.221631523608166 -0.1503391732848906 0.5959018933123091 0.03184012352830004
12 108 0.6545252902319124 0 0.0010069775767473253 0.4942030710459447 -0.05561802188223341 0.03657531185121181 -2.221631523608228 -0.1503391732848836 0.5959018933122995 0.03184012352830067
12 108 0.654525290231914 0 0.001165350065490621 0.4084276956797346 0.0336575244897042 0.036580264624665446 -2.221631523608203 -0.15033917328488494 0.5959018933123014 0.03184012352830049
12 108 0.7805308994169261 0 0.0023785990820979056 0.5340958309925083 0.0029053207741927267 0.09986790859456274 -2.990400578126525 -0.0009946926209910278 1.5338465786104414 0.07448924575470946
12 108 0.6545252902319132 0 0.001004248544092568 0.4130095345259406 0.013232413434329474 0.03658011375040769 -2.22163152360821 -0.15033917328489 0.5959018933122928 0.031840123528300436
13 117 0.6633481010970335 0 0.0014652961160896091 0.5746521623458699 0.00808401773474099 0.03085630604126307 -2.653569630197665 -0.22979956316354938 0.854925370902296 0.07692364624769894
13 117 0.602422371043557 0 0.0013151125568872431 0.48039095623334305 -0.0709573980438796 0.03750381790021716 -2.2589930708847388 -0.19869395874356693 0.1265339747909544 0.056602018274222905
13 117 0.797176179331306 0 0.0016860079074230477 0.5462331694239123 0.011413435340122405 0.06683902703826493 -2.4377692292291853 -0.06100577387966463 -0.018514445972250382 0.07610598303229646
13 117 0.6024223710435577 0 0.001424528856983633 0.4220464430554727 0.019314730538122007 0.037505084498918526 -2.2589930708847668 -0.19869395874356882 0.12653397479094503 0.0566020182742223
13 117 0.6024223710435581 0 0.0016430849034936698 0.3946155808671325 0.018318148328057587 0.03750877067366795 -2.258993070884745 -0.1986939587435697 0.12653397479093176 0.05660201827422252
13 117 0.6024223710435577 0 0.001315692248190143 0.3991974197133392 -0.0021069627273167593 0.03750861979941162 -2.2589930708847485 -0.19869395874356938 0.12653397479092682 0.05660201827422261
14 126 0.6047168603697054 0 0.001394278628034516 0.5490013942238562 0.059741887493620596 0.04826611923674132 -2.9515216405489584 -0.2213919453788292 1.2402758123995883 0.07287880354525882
14 126 0.5854219039113706 0 0.0013776608315128245 0.4935601580849864 -0.06640246014070952 0.049938936286972394 -3.0537846090444236 -0.20315218180892852 -0.8039412211598809 0.05687637987959321
14 126 0.9398803603999784 0 0.003387177896310241 0.5551131462327027 -0.06507355039050607 0.1376885617690788 -3.136308872853015 -0.09118815198185468 -0.6129699341501135 0.07732911550554347
14 126 0.5854219039113713 0 0.0013222026381115412 0.4352156449071166 0.02386966844129306 0.04994020288567408 -3.0537846090444525 -0.2031521818089278 -0.8039412211598832 0.056876379879592195
14 126 0.5854219039113716 0 0.001568795071826239 0.40778478271877633 0.022873086231228253 0.049943889060424934 -3.053784609044421 -0.20315218180893016 -0.8039412211599025 0.05687637987959266
14 126 0.5854219039113713 0 0.0013892944353511062 0.41236662156498277 0.0024479751758540794 0.049943738186167104 -3.0537846090444254 -0.2031521818089289 -0.8039412211599078 0.05687637987959271
15 135 0.6436897705386986 0 0.001035498886199901 0.5613192723391354 0.05990528377850049 0.03001030846662371 -2.544659780537221 -0.15445486657425103 -0.13144180385928472 0.07352926722561663
15 135 0.5797498023185446 0 0.0011466702624780528 0.45438481787256585 -0.05659556990931907 0.03184588687003632 -3.0843214928307763 -0.1220150950950699 -0.9183806872637754 0.05654598169351907
15 135 0.8655317777034395 0 0.0027561268871145513 0.5765409750006668 -0.032090276081807534 0.08610017700664713 -2.4356263061040755 -0.1788523003587752 1.3092937131695686 0.06882934020034075
15 135 0.5797498023185456 0 0.0012416071513540426 0.3686094425063562 0.03267997646261949 0.03185083964348878 -3.0843214928307887 -0.1220150950950689 -0.918380687263801 0.05654598169351841
15 135 0.5978422546143433 0 0.0010797691539589057 0.39604030469469625 0.03367655867268314 0.031847153468737954 -3.084321492830813 -0.1220150950950657 -0.9183806872637826 0.05654598169351836
15 135 0.5797498023185452 0 0.001203299459968971 0.37319128135256263 0.012254865407244808 0.0318506887692306 -3.084321492830784 -0.12201509509506653 -0.9183806872637995 0.0565459816935186
16 144 0.6421313468021472 0 0.00102421673853729 0.5577821468828714 0.07811071658102084 0.011314537266087731 -3.0560400174312368 -0.33167434811619023 0.042044525276981805 0.07036830986410374
16 144 0.5140866459178055 0 0.0008809051256544036 0.4530365346906958 -0.03500108547253404 0.014031131782436857 -3.0879661557093203 -0.10128967707227231 0.42979568591255346 0.05300784943300685
16 144 0.7710259698063476 0 0.002788052496201014 0.5560863363924599 -0.024526359868175716 0.1170451847243334 -3.0450031416666143 -0.2548563695404252 0.1628247931005208 0.07658035630790246
16 144 0.6264484526708747 0 0.0008867042938701059 0.37746617678905886 0.041908815065159796 0.020532464621127112 -3.0522541250268955 -0.03129079716812526 -0.7938336983500104 0.03357923708549896
16 144 0.5521830450072918 0 0.0010339120964724692 0.385055923896282 0.04173987774501743 0.021865563277271096 -3.1201156404411865 -0.14104157257052155 -0.596458875657216 0.05743382750866481
16 144 0.6264484526708743 0 0.000826149821873566 0.3820480156352644 0.021483704009784554 0.02053231374686671 -3.052254125026899 -0.031290797168127396 -0.7938336983500103 0.033579237085499
17 153 0.6230433229227466 0 0.0007549625397327344 0.5547397338570766 0.039926105362947786 0.010073839128434042 -3.104950545754694 -0.3227279018362289 0.2368236392587137 0.0724559738214741
17 153 0.47151680426088494 0 0.0011856167265030706 0.48573560459472465 -0.05978774152062191 0.03514028189089512 -3.101440437813528 -0.1764652264135566 0.5558009194156042 0.0605282714237754
17 153 0.7220366342288955 0 0.0015912641308722622 0.5438307327874606 0.009727728435708093 0.0530488081731048 -3.1123115113544553 -0.2779300360490033 1.436759896952918 0.07528781191517404
17 153 0.5369191732041608 0 0.0007248593035576334 0.40237790771762255 0.03016621216156052 0.00901822817797555 -3.1037946861492802 -0.026638517736894074 -0.14615286162437963 0.04713113065394104
17 153 0.6139845244575164 0 0.0008694288096566407 0.41243689510636655 0.04174964209435348 0.019312735894359837 -3.140750859366109 -0.10985382313169642 -0.7295433007579966 0.044475600592034745
17 153 0.6696284845836317 0 0.0008158858956398595 0.3678814487335046 0.04101862426474952 0.015358405967007736 -3.0976219898733897 0.07728478257879556 -0.2900865766250942 0.04045463293250251
18 162 0.6243787968221706 0 0.000757747495065976 0.5386084589916239 0.06831427006784876 0.021914745059506247 -2.8043778070870284 -0.3495956594966337 0.7277166845305212 0.06401971646200295
18 162 0.41621693052464653 0 0.0009180719184327812 0.4689680063577342 -0.03644910333659379 0.02865630616341127 -2.6745458010776266 -0.1398829731663877 0.23947571844247934 0.053173380947258604
18 162 0.6976467045659206 0 0.0022256976685559628 0.5313773638538367 0.010928736037693046 0.09390970675510943 -2.666224301529668 -0.29287027287667433 0.6160899092089969 0.078356243579744
18 162 0.4982761895244113 0 0.0006593485105859663 0.3809385745706417 0.04857334554558681 0.002550375633013427 -3.1387626400316817 -0.07635070755466747 0.011113085046584703 0.03879836987051747
18 162 0.5942389294110265 0 0.0009591481638726726 0.367550192238759 0.062118662803014146 0.032238116151910544 -2.1122096563358417 -0.17286726111982667 -0.6201882569261419 0.04599379541283692
18 162 0.6868723757389836 0 0.001524555562288958 0.42438039481133144 0.008211692584136024 0.0590539601716518 -3.1337627895962603 0.0762356450222211 -0.33831172976507073 0.03483808567947509
19 171 0.6074906988173338 0 0.0006590161314325982 0.5365650778136293 0.06816250230791955 0.008851273758328854 -3.115506673832076 -0.32982075605659533 1.2714082804924822 0.06677936949418341
19 171 0.6330660002572167 0 0.0019377794910731983 0.5710032041013396 -0.027416310169670867 0.045555114146238175 -2.7398708188364687 -0.15132786009041518 0.16664274553885772 0.07647187543814178
19 171 0.3741746976439526 0 0.0009179225491376162 0.4649989220100205 -0.04433000788201528 0.020099623282481008 -2.812407523440479 -0.10407232394245536 0.4041338747678485 0.05979481548114806
19 171 0.45021616170917145 0 0.001106141286207938 0.39698277879408045 0.048766476291111374 0.03407394326548283 -3.1088959485162366 -0.07881586681495818 -0.4708321449550237 0.048888519067298714
19 171 0.5461368350997862 0 0.0006563915164758827 0.3693988206544997 0.07286529996739202 0.004524355361539535 -3.1408744879307173 -0.15551252675729602 -0.7234837876443851 0.04579911313914183
19 171 0.6095942569692011 0 0.0014952293401218747 0.37898873621508317 0.037157481069054 0.05789722463093105 -3.053178688692347 -0.10468199758574241 -0.7300016422104807 0.043808767291184665
20 180 0.6296812576859657 0 0.001216139963242979 0.5200414816863351 0.03606043802410971 0.03060860882368088 -2.5747957286989394 -0.16614640132147063 0.0593373047808754 0.06858805994340506
20 180 0.6254733855267897 0 0.00171594746954613 0.5596964492491052 0.016455315618597074 0.04426212196638812 -2.5996867226044964 -0.2598311897509792 1.064155104829264 0.07778830406061699
20 180 0.36974118678844775 0 0.0007457542568761544 0.47843948332776226 -0.0573847396776469 0.01986186266021359 -3.1362915848533373 -0.12737364023291342 -0.44689200014630953 0.04873838554056545
20 180 0.45359207212347213 0 0.0010775910626362518 0.38253570234838796 0.05682273746835863 0.03076109416493857 -3.0332302600490673 -0.07502419693739625 -0.961304993502125 0.03872143740265601
20 180 0.4882110160348319 0 0.0007757225777905638 0.37346883825407434 0.06537367074609059 0.009233159093904104 -3.1200269189488004 -0.16981495479463088 0.3406462286044035 0.05626505819477441
20 180 0.6039100365958338 0 0.001162242143969577 0.37081888414550557 0.023259720182187454 0.035540174100014615 -2.971621072768807 0.07817956352349714 -0.6695102000484972 0.03379138473555919
21 189 0.5475754051153212 0 0.0007821817983480156 0.5498073593064643 0.07347324323118223 0.012281509866883741 -3.132028048724237 -0.35210922109450155 1.3507323504389497 0.06723947344966658
21 189 0.6836512559374393 0 0.0018487850355106328 0.576336080754613 0.014973400500138236 0.03193932235257749 -2.3389234747564003 -0.2210434939732965 0.8452111247562952 0.07399365893512784
21 189 0.39341829319394 0 0.0005188072761326274 0.481698736354654 -0.03915935798828289 0.011676951934305256 -3.1408433291595435 -0.1407203768339984 -0.2785071877489934 0.046518047296056665
21 189 0.4303680035547821 0 0.0008579227386331102 0.4013448324205942 0.044775861161231986 0.022559558978773542 -3.1140588720005247 -0.03365396390833998 0.497760666545642 0.043775682098768566
21 189 0.4665559599185 0 0.0007941430853165008 0.36743382721027273 0.07182194098246598 0.012644079352546102 -3.044826290683987 -0.0912867461587514 0.1247595388247491 0.05012513515139643
21 189 0.6367322375543087 0 0.0005803870989918451 0.4002376141800835 0.019680508744364597 0.015451580013369645 -3.098995802840246 0.24935845660673298 -0.9189667284753109 0.023111310923552494
22 198 0.514784593451536 0 0.0006216921998614005 0.5426164102713738 0.0444138925852784 0.013680493865489599 -3.1359584883096816 -0.26002933597395084 1.012286978027255 0.059413611918059564
22 198 0.6842005050827217 0 0.0012632383928542937 0.5538001430285723 0.03167918943202736 0.021218525911974137 -2.8301805605016326 -0.2967992472054874 1.1662559060461077 0.07614135023483534
22 198 0.4138196382564465 0 0.00061601573002167 0.4942840355755736 -0.023472808463987062 0.015331789052998446 -3.10490919972034 -0.023086468490735576 -0.14482429479532738 0.04679878490324231
22 198 0.4071753701940064 0 0.0007058099550019294 0.38697460526967004 0.047607764169401615 0.009509939713135344 -3.047370198961421 -0.0846549585339631 -0.022927898901611718 0.04181843268731702
22 198 0.45546272155283346 0 0.0007965255026396885 0.3720061456185961 0.06954350389705155 0.007753980582008305 -3.052644717940346 -0.2139567070409748 -0.040608533353279574 0.05631302901730481
22 198 0.6741311851189097 0 0.0006869358379207993 0.40419798258365974 0.026037829253475184 0.022321871625048034 -2.4869647741233276 0.18789013262668916 -0.8561867943231145 0.03165133328489134
23 207 0.4702680491441073 0 0.0006923633699022442 0.5618828971238136 0.05316012240919711 0.010307590706434553 -3.13543143840707 -0.33201406590691734 0.5915663662910656 0.06958296094846102
23 207 0.6851377075581374 0 0.0012659923725534766 0.5621949678619125 0.04768952398350147 0.019564198371956974 -3.112929246481824 -0.2433439699739838 0.29849495674439686 0.06992230070661926
23 207 0.42379119975842633 0 0.0004211047940315726 0.4786637328733276 -0.03892653090977203 -0.00126003192040694 -3.141082126639854 0.016069524974868105 -0.09818301173857605 0.0542771566764397
23 207 0.38824183286713193 0 0.0006898533005421368 0.39027183067368315 0.04041595470295624 0.0011339059613698025 -3.1337974770627284 -0.10886237272495278 0.15211530034002224 0.04080150047468894
23 207 0.463293371794997 0 0.0007903586672218146 0.38767901273615785 0.07023989052614625 0.020798789726966638 -2.585180195465247 -0.3033791347261625 0.6806675775169682 0.06619176349977311
23 207 0.6192692822446367 0 0.0008043252868112315 0.3925400332164458 0.048494853973695365 0.030813817020388858 -2.679398798116719 0.25500701868028897 -0.5152445905760172 0.03246463991485041
24 216 0.4154752169588787 0 0.0007359515103148568 0.5418317025475597 0.04647550379790996 0.017774184260248085 -3.054241444543605 -0.36118640461634305 0.9772287260210725 0.0685462130419244
24 216 0.42010720905876914 0 0.0007865293451456986 0.48027714414031913 -0.0664819371738796 0.007214585842962114 -2.902899990419697 -0.10350295881487738 -1.0616029643320302 0.05607143339021496
24 216 0.6338199568976929 0 0.0013362158715019756 0.5586711081103257 0.04155576312615574 0.029014753017830634 -2.9853319614538547 -0.3007188033146587 0.9428034902004823 0.07482108352327654
24 216 0.345628140655928 0 0.0006878905600324634 0.39167975369943053 0.055056766021978634 0.008879353181165086 -3.132187811372556 -0.038113706963914876 0.28003761110761094 0.04168512947566154
24 216 0.43546421002152635 0 0.00066063701020395 0.3900281655345902 0.07258637121206207 0.0069158372499652405 -3.1142006285524237 -0.2365886943680015 0.4203962788447821 0.053071844703541315
24 216 0.6155512434007923 0 0.0007302622918277478 0.4251780862459083 0.022530847547189745 0.023868430015658748 -2.4511536853575446 0.1403807317084424 -0.8029383824663154 0.03840633367908559
25 225 0.42617131458673646 0 0.0005803948483740906 0.5359143577596913 0.05795708337369007 0.010342233119179634 -3.0910100518240635 -0.3508052266757898 1.2240558968642703 0.06222260519587858
25 225 0.4160769148945917 0 0.0006879281568901943 0.4979583264979683 -0.05012551313629587 0.004461988232239172 -3.1277747530280346 0.034477789148217454 -0.8624243020328426 0.05586214219579835
25 225 0.6058850237568504 0 0.0011700352702639345 0.5592033631325098 0.01611946984339519 0.013538654538553178 -3.1333910026116976 -0.20376885222128407 0.6695031330055452 0.07890350368369502
25 225 0.3244447664536252 0 0.0006885096381128905 0.4069615137847886 0.04700020354892241 0.011683797785772512 -2.7348254495234876 -0.07172443566707573 -0.07102758403112058 0.04096488763065789
25 225 0.4218046595955844 0 0.0007990986903429251 0.3804320514111844 0.08113830549791086 0.029273970455559385 -2.45965582975542 -0.2671629965167691 0.43475539370086186 0.05872892905418309
25 225 0.6631171179751647 0 0.0008347960748958372 0.41948535070156723 0.025338523468460928 0.03150030983474363 -2.1802672966864343 -0.13245399066328523 -0.9208024242118339 0.058362103391455325
26 234 0.4360495890553851 0 0.0005861274023262588 0.5425062540528997 0.0598637806617022 0.009691206333639369 -2.9875470614145976 -0.376907372703637 1.2318753459264908 0.0571609217032852
26 234 0.5607844220686861 0 0.0011815285713218525 0.5494441940434117 0.05401661753430338 0.009359913655687103 -3.0776819075567428 -0.18704571495163258 0.2642084971157064 0.07901905098898866
26 234 0.4026412010974057 0 0.0005538458116789647 0.4828319056300004 -0.04207423044974799 0.0036113145800551402 -3.1367927227875887 -0.025877759790959458 -0.8485900394980761 0.05581457107503074
26 234 0.3051294344343841 0 0.0007645840168115235 0.3757989435628184 0.0489668344975809 0.0047867602807732754 -3.140240153476703 -0.06417236369886423 0.22095474894568906 0.047327069732156835
26 234 0.379158565059408 0 0.0007868919181202804 0.3698342690099757 0.07396679680669031 0.008379437640773937 -3.1189275381776644 -0.20078327318040276 -0.18701380306951093 0.05257719043928093
26 234 0.6929473910854292 0 0.0007188442511191689 0.41825973637878466 0.007691992129991054 0.014785669796470568 -3.0822645063682694 -0.21641698146104688 -1.037067165147022 0.04279818375607473
27 243 0.3710548929994687 0 0.0006280521202292319 0.5424828362455999 0.05153720381948117 0.012617392777263679 -3.139145959829004 -0.3755947238335191 1.1754847491730498 0.06623053463896253
27 243 0.4976405661743336 0 0.0011188747622722787 0.5551081516391638 0.02457037108923512 0.007143414804555565 -3.0470487394524937 -0.2444459322264424 0.9591631835359113 0.07952085195103827
27 243 0.3766322084780538 0 0.0005465034272949734 0.4924928427982804 -0.020693537964679678 0.013542252620333395 -2.7307686911329734 -0.03307242598576634 -0.29316580558675764 0.053360083655709
27 243 0.33377309627177154 0 0.0006450113193109735 0.3842107599291823 0.05474203640478212 0.0029929421354533883 -3.1378339608118346 0.07184765726724879 0.47271684714553475 0.04556807425798935
27 243 0.37707383593291205 0 0.0008015261548968095 0.3849825265829977 0.09102361793211566 0.013322445830215662 -2.8458060912120033 -0.2720841842106002 -0.7802353206273651 0.05394545192268584
27 243 0.7731083748870318 0 0.0008055726635078494 0.42398508002474333 -0.009577537468261236 0.016825607553957372 -2.469643395763108 -0.03575999582923928 -0.954535028771295 0.02083245978198327
28 252 0.3347241709817537 0 0.0008197783202944568 0.5420901068184717 0.049967250165051186 0.023928161197402265 -3.126730976736879 -0.3653700747446617 0.9940708648023107 0.07024378695244285
28 252 0.4445395018980845 0 0.0012026825012000173 0.5571127294217731 0.05874543742737481 0.0036988081192539882 -3.0723515109246655 -0.2908261349347866 0.6629243019543625 0.07399836798876798
28 252 0.35438588007678945 0 0.0005930433007095563 0.48509995563047276 -0.03206054523387153 0.01255302300182911 -3.0439430730829513 0.01451235230832521 -0.6964524406192846 0.05098474971798552
28 252 0.3308741703443905 0 0.0007010998307769366 0.38643781106216013 0.04799892513346468 0.008535063330491647 -3.1385350774945806 -0.04034909160388249 0.7517383954684312 0.04969470642737185
28 252 0.39151585264485694 0 0.0008546153994322549 0.3814978040662424 0.09141132382276633 0.01514672146401023 -2.984274846583527 -0.23387685051430743 -1.1125168033191297 0.05097243786500036
28 252 0.848698791712149 0 0.0010625906623757653 0.40636703492880555 -0.020246353021893027 0.02316827838700126 -2.7195421186570488 -0.3704067401954854 -1.162108545207666 0.05493203415594339
29 261 0.3260041026966188 0 0.0006561621901532844 0.5205920295750384 0.06233215448975358 0.009683357300361822 -3.133132241718657 -0.3725205760007042 1.0683903100505747 0.06571393757339175
29 261 0.35565670737641275 0 0.000630343854791268 0.4735443045343263 -0.036064637257935926 0.009984942611959332 -3.1371571180867783 0.0893444550643888 -1.152003009991944 0.043854697539947037
29 261 0.4086604848666472 0 0.0010932931977092073 0.5482868037199227 0.024646857956597146 0.016256673353566235 -3.131066512249856 -0.2315003653310258 0.5252767416441899 0.07562536341251073
29 261 0.31795382847510706 0 0.0007636866108754443 0.3968526237440072 0.046355697290916056 0.01365163883768064 -3.0321871141255747 0.04774687315225947 0.6038279254833223 0.051327681702247024
29 261 0.3582279260588071 0 0.0008090188536547868 0.366888140517425 0.07916950478647003 0.011983932186470106 -3.076760289639907 -0.1892265297655397 -0.5123755829141329 0.04982911873174374
29 261 0.8718500659500704 0 0.0007350631389664698 0.41660707488092386 0.008727870379517486 0.008463303567609015 -3.0625798773423156 -0.332606112742566 -0.9167660049719104 0.0640555433574978
30 270 0.32389178291319726 0 0.0007089842230192471 0.5357174848222418 0.0668448831829242 0.015713175110781137 -3.138823986513429 -0.3494637312426935 0.8083586635954377 0.06907339209352803
30 270 0.3418285234322487 0 0.0005865857473498051 0.47162899898607435 -0.03870057892954363 0.003556627547382984 -3.0226840191028836 0.0864403980733914 -0.9601876252788524 0.05154682515497242
30 270 0.3698676662315412 0 0.0010644533346870699 0.530874068681799 0.047552866869531495 0.007170342551084046 -3.0797585359168727 -0.2127741599975481 0.7086287934354549 0.07824816041284421
30 270 0.33536794866812525 0 0.0007252804116424254 0.36457052416044355 0.07827522235850816 0.005127020966217756 -3.1163670299044615 -0.18788990739875455 -0.036715247127095285 0.0458764883519552
30 270 0.30204092686905004 0 0.0006051194214579413 0.38698364359100285 0.04532847250575815 0.004379841177904227 -3.1380900141656833 0.03909548771411005 0.7572738045246442 0.044505502791572005
30 270 0.8653991591484397 0 0.0009738299338107643 0.4422131284949436 0.03415734453689169 0.02773438693622122 -3.1344523214233337 -0.3224801045412179 -0.4008615304754435 0.04408546816046313
31 279 0.33199740546511414 0 0.0006532442176527619 0.5324918009857119 0.07370208556907847 0.009396139507655629 -3.0945274472349342 -0.3729799762203339 0.6611421774261295 0.07174949109455254
31 279 0.3286288105873131 0 0.0005265660592709548 0.48776756357748585 -0.04661861469367795 0.005443350823912544 -3.0965205896483465 0.07690837124428446 -0.7140730702656832 0.043700199631130844
31 279 0.32329452106108536 0 0.0011610636852188096 0.5479021620489983 0.03814820676825489 0.020955954303312978 -3.0901054541627864 -0.26194592158038926 0.23381957295672828 0.07823867506601889
31 279 0.3084730207543038 0 0.0006334790419045366 0.38100309805723964 0.05211871385138865 0.010821433207064048 -2.8632579039674058 -0.044122100986607335 0.892188304200393 0.04072496833845494
31 279 0.36413600278385183 0 0.0005948305388858443 0.38093291344012903 0.061316669012154934 0.0029917032279217813 -3.118265244539856 -0.1826617650522926 0.21401160923924872 0.042746791690868514
31 279 0.9427957554970177 0 0.0006181036764899942 0.41563668906221507 0.03679093865751479 0.017622135342274657 -3.091342261453733 0.10173256818020016 0.5938406006297998 0.03069586045334831
32 288 0.30973062616202857 0 0.000603579817189773 0.5391738480505758 0.05661202986218607 0.006370368783060741 -3.0404622540661936 -0.3730502077116043 0.46142676713363096 0.07415429299680625
32 288 0.3573109471897913 0 0.0005141780973537891 0.4961044691375172 -0.0447909853137888 0.005274990789206571 -3.1164595625817455 -0.10498755687668007 -0.5235882958160658 0.04539041734470412
32 288 0.2933000121919466 0 0.0010970822245713271 0.5517855219438992 0.03295139437102639 0.014705001299828276 -3.1409235881394206 -0.31198054957300864 0.21113592516906277 0.07825969604103356
32 288 0.3217190941455789 0 0.0007336991252929425 0.39566773268400784 0.04162927710779192 0.01896597323206217 -3.047559334015755 -0.0018928030263298395 1.508807396703205 0.046845654961091505
32 288 0.9889521718222981 0 0.0009853729323172902 0.4064480411942947 0.07181383304637953 0.03992250977356447 -3.139620877432718 -0.007090457105663112 0.7114013243125339 0.02292563931726447
32 288 0.35057984618791965 0 0.0006518315505087106 0.37574218155233996 0.07091816377947256 0.012989866443153347 -2.9155117067141023 -0.18784175247936016 -0.41492215346137734 0.03701304697908704
33 297 0.2890531393199794 0 0.00064123275046948 0.5246284748637285 0.06574727701090924 0.010621258990239137 -3.087688482135032 -0.37343165287191266 0.8226808148902363 0.06677815458405251
33 297 0.30229098682051825 0 0.0005622040222055236 0.48677985187693584 -0.04178051217419077 0.006230665762517992 -3.102006422602603 -0.01743478107433811 -1.0111728479527167 0.04512601875119707
33 297 0.33037490477875286 0 0.000950222266990954 0.5375737260856687 0.026014235583229895 0.012775084549466504 -2.972293838044629 -0.292280720899391 0.18769069760214308 0.07875881991136069
33 297 0.3240637379545563 0 0.0006045541342514173 0.38252267670760515 0.03487016291079377 0.002590856097358889 -3.1355232120044763 0.02966028310465668 1.1560309214157363 0.03766269911907599
33 297 1.0282218764627893 0 0.0008134541679304555 0.4111729483237403 0.04896476158583777 0.032851416181857475 -3.1166067582620194 0.11819655192407244 0.32984376822098627 0.020504713378657995
33 297 0.30822200382839987 0 0.0006817663069883169 0.37243021136944277 0.07566899692766318 0.011174366509223781 -2.9705920700741117 -0.15619584847721765 -0.5465480157560895 0.04178971403511048
34 306 0.2653438353092922 0 0.0005870477837121396 0.5384063424376333 0.051355894472485716 0.009293230192526886 -3.09255278847445 -0.34066667056257827 0.5820865495684695 0.06745865014104983
34 306 0.24789921835734083 0 0.000579443994588283 0.4855636416473112 -0.031113971986289082 0.010617530962591389 -3.1411570561078057 -0.0029381236133563483 -0.7360490795287591 0.04696907808273876
34 306 0.40621659096247037 0 0.0010250967421147456 0.5462529706003864 4.510931711197014e-06 0.01656199672236377 -2.9007496259131265 -0.3480653343526976 0.16191100215561027 0.07998577341204191
34 306 0.32167097643068915 0 0.0007130254544211933 0.3829434515462318 0.03227004214634497 0.00808691326542879 -3.0824824490522635 -0.03196652742584229 1.029220163137087 0.04113922902712186
34 306 0.9594202508100318 0 0.0007734317276859134 0.40327764774757685 0.0514268237038771 0.028968654040094223 -3.046138157259061 -0.0713643022973657 0.38630154585422405 0.03224631685712762
34 306 0.3025725928681794 0 0.0006559452450495081 0.3930007330270658 0.06099205479916048 0.012638085171057297 -3.137333876886093 -0.1329669393830312 -0.48740777384654005 0.0377523937579922
35 315 0.2521308251961318 0 0.0005626188370504086 0.5378490917472565 0.06780136748402626 0.009196445029089208 -2.993689572463662 -0.37677607733254265 0.6225403754707047 0.06734462972791934
35 315 0.2466204980660445 0 0.00047507923819730866 0.4784006026208329 -0.02575201323757726 0.006422507908973703 -3.1187926170632045 -0.0143855295174364 -0.486113170379946 0.04442194106087352
35 315 0.46188657652481474 0 0.0008485629922292885 0.5175226899457369 0.01981449587743515 0.018081543860269368 -3.1257995384111883 -0.28454942329430594 -0.1526919184682738 0.07999939434424339
35 315 0.31631720510462547 0 0.0007237916346742915 0.3999463915440559 0.03894558409777284 0.015227667403112924 -3.1074296385906006 -0.024173720436703898 0.9153387918632063 0.04380676325594989
35 315 0.3084769926647043 0 0.0006048866153914425 0.39213745743383965 0.07421897658588406 0.007059685931142572 -3.134509361129632 -0.1317090950481087 -0.29384034201241255 0.0350679479144444
35 315 0.8610923191131614 0 0.001082201400484668 0.39779552554431474 0.003776977292808091 0.03495951806163296 -3.1356079024983416 -0.22377553502155229 1.0776010369318734 0.03127742574676563
36 324 0.24404009456557224 0 0.0005940335080757438 0.5320494100003909 0.0630237979784123 0.010758674695913994 -3.0381324890465824 -0.37667632250856575 0.6413551135824671 0.0661220913250774
36 324 0.25000539296050694 0 0.0004884967616111408 0.4739682105560179 -0.028706203841948635 0.006920807117292366 -3.1112836405768314 0.03805576750238742 -0.6871489967083096 0.04265332496373418
36 324 0.49113198208864833 0 0.0010843212745112586 0.519970909779748 0.008343262578852156 0.028219389734578812 -3.097824011889356 -0.3371757009176245 0.3424560353445547 0.0799939069720428
36 324 0.3039295503387727 0 0.0006540959828235727 0.388173326158776 0.03551041891048248 0.003705893543269381 -3.1337759284149826 -0.11100802498815622 0.7646518343025233 0.04429173088821646
37 333 0.22400372876414978 0 0.0005123508055830811 0.5445587314470893 0.06210807031641528 0.0029396601092383113 -3.1346720712460567 -0.3646334500424934 0.47465910405268796 0.06892619709114428
36 324 0.3232542561828105 0 0.0005591755258688015 0.3748672147836864 0.07392755643357563 0.004646530621232516 -3.074647904038796 -0.16401581434945206 -0.33118805353318 0.03321713013581406
36 324 0.8395785246092344 0 0.0013067128005610736 0.39609396947400927 0.026172700075949674 0.05362138114955946 -3.1397931087199944 -0.17367677652076358 0.6526172110318662 0.0194889373536297
37 333 0.2382622613501507 0 0.0004305877865114892 0.4878489747161077 -0.028119608220958953 0.00012780075867888183 -3.134848479328666 -0.021074367740930446 -0.41915959641881045 0.04416235615705626
37 333 0.4480212309076789 0 0.0009680973457528808 0.5348616255002971 0.027742315460460187 0.00982723973616429 -3.138769948521143 -0.2146754515367299 0.2799715562666396 0.0791907362697117
37 333 0.2888799777014076 0 0.0005498488811738818 0.3964121674872721 0.04403293927773885 0.003975794505097629 -3.1412485522524727 -0.04673532204462476 1.3095848676086774 0.04672011350620176
38 342 0.21824799302588424 0 0.0004981319393293551 0.5389834674816633 0.06318993041851764 0.0038436038064373354 -3.1391770468118163 -0.36993078983085276 0.839452681809842 0.06765745356408367
37 333 0.3119363047039405 0 0.0005679253118973039 0.383585040043659 0.08407827238053008 0.0038383209696305526 -3.1314384375798388 -0.1954275197696168 -0.7392341382716425 0.031167513522302112
37 333 0.8063614695987246 0 0.0005456858022233862 0.415058140635989 0.029266321331722092 0.013745556167770574 -3.117329175858872 -0.07105674692183273 0.7107018432662959 0.024688122551322758
38 342 0.2428651764491632 0 0.00041070581625326423 0.4859271475399851 -0.031601908480602285 0.0039521732374541724 -3.023933315357743 0.0368038880392027 -0.2911505778697966 0.03946030134854075
38 342 0.4113126758272926 0 0.0009628378116911417 0.5158597821556092 0.01055495241970503 0.02070432303922271 -3.124349805458921 -0.17339800580368214 0.22731216062683535 0.0792230604657062
39 351 0.22125929853880133 0 0.00048547876298234177 0.5420605680970336 0.060667765332812804 0.0033386626853361833 -3.1391897891663887 -0.35312905752373014 0.7622898408024034 0.06791208072486919
38 342 0.27268476589452206 0 0.0005163227734474094 0.40796556996992467 0.04479720959627248 0.003689330841623024 -3.141111175798992 -0.013985583538835417 1.0077260753038897 0.0413513957556742
38 342 0.2979951643955029 0 0.0005722703932776555 0.37974613664716134 0.06854292337532357 0.007016981627120686 -3.0857585201717215 -0.13814246477651693 -0.13088831482616858 0.032695558900043484
38 342 0.7471395057081825 0 0.0008163983273679723 0.3897464335038198 0.043634100246981875 0.031031871105396677 -3.078298294191592 0.06095409848766767 1.4340482591810124 0.010250838968323212
39 351 0.23716466286013382 0 0.00040807868356336523 0.4895434760787214 -0.033660509178199835 0.0024510880788519212 -3.0927225788528867 -0.01121300219006377 -0.15607326675501426 0.04777506516607768
39 351 0.39356779990133883 0 0.00094604422910094 0.5136022512407111 0.016853740398324053 0.02504868301388794 -2.878717821889172 -0.1570725709009061 0.08949289874836985 0.07862849623307935
40 360 0.21620272561272066 0 0.0004906740777110475 0.5448126653807223 0.05696007139211692 0.003641059063050331 -3.140256787356834 -0.37657758514559525 0.7628346510690206 0.06884454700099939
39 351 0.2855486540623861 0 0.0004884752534810908 0.41463122381076095 0.04709153545913817 0.002661016156836545 -3.0884988631728922 0.014870332200966244 1.2290005584029335 0.044725518577233433
39 351 0.2929426575155356 0 0.0005444660545797478 0.381599177082913 0.05904746960006187 0.008553937524566926 -3.1401361728599237 -0.07961768097234395 0.051426285092031176 0.02763898875245073
39 351 0.6675862838846071 0 0.0009316471793423148 0.40984318168113293 0.015644451447190524 0.03168982500300208 -2.6626101495622247 -0.00279363642877329 0.3763194994675554 0.028522603413447832
40 360 0.22537674814984168 0 0.00042265997969747666 0.47838151324326117 -0.03352757687643883 0.004448478584995118 -3.1277633921769463 0.003937486636521509 -0.25142541788766654 0.04721066652862816
40 360 0.4164688660305605 0 0.0008878990545841143 0.5081107922847641 0.017570077673554514 0.017781354970891523 -3.0816135281305383 -0.2085585316502112 0.15224929052673764 0.07594162043337456
41 369 0.18325988525234138 0 0.00047953845198906933 0.5384084038314969 0.0629119747245982 0.003241353920711976 -3.124597013275372 -0.37501879372930125 0.9093256213691073 0.0655777478959184
40 360 0.2937396673357381 0 0.0006385020139010912 0.41480443248621135 0.048857147954807445 0.009442415207125018 -2.8590166076268275 0.013382416735421857 1.3395922180156226 0.05451319613942589
40 360 0.6894466911135535 0 0.0010488585286014328 0.3887712532083432 0.05128140467961563 0.04327488383681053 -3.01928920977267 0.12455739490955355 -0.33107167276515437 0.021668190093896658
40 360 0.33095214882596463 0 0.0005328221366493603 0.3906389434364163 0.057842857059262856 0.008567006939844784 -2.9665746734994727 -0.09423247680832415 -0.2464662351875831 0.02300467049974423
41 369 0.21493588260972155 0 0.00038290714668454465 0.4800987359127132 -0.03574101886550346 0.0015138587857555317 -3.108169241286156 0.011166375673184667 -0.17910234368063443 0.046113978323731444
41 369 0.4581313256719677 0 0.0007516341656026154 0.5059643952954356 0.019917817524481587 0.018587637590458173 -2.8123341497936347 -0.2384100113329206 -0.47418426348135423 0.07487060631429711
42 378 0.15539379059123828 0 0.000505774637531429 0.5469368619913592 0.0576460856760991 0.00546430001366605 -3.135347353976826 -0.37503558478646715 0.8244371850803838 0.06703964133026165
41 369 0.35332752097382875 0 0.00047772354591467836 0.3751941711871244 0.07031302140444494 0.00866777116396262 -3.0782238141342693 -0.10237498028828908 -0.4664013539877486 0.020028679803982905
41 369 0.6253574755772595 0 0.0008866714284221221 0.38039732537076876 0.026023838006304822 0.030759749926762045 -2.5630945608482163 -0.1329734358721401 0.6315002144683282 0.028757389860047285
41 369 0.29117721655900886 0 0.000504060316898629 0.4162300567866499 0.04399021027480087 0.007724043842922133 -3.121020942170007 0.03392952708420134 1.5073577062641064 0.04582997748609424
42 378 0.1952573878106843 0 0.0004277208471794211 0.47457281697666687 -0.03464025094407041 0.0014835429621232168 -3.0751113321003705 0.003928090822411381 -0.22213529717841876 0.04627633354639367
42 378 0.5345614585785528 0 0.0005664274928369326 0.5075334781832723 0.010594746568309636 0.004706993725702062 -3.140869334041555 -0.20617643516426898 -0.7365618359580388 0.07183568605975565
43 387 0.1375951467690204 0 0.0004907806720010499 0.543209515503297 0.05806147066040705 0.0028091988619177747 -3.1381797096356485 -0.37058911385603 0.6839851910643509 0.06977565859122078
42 378 0.35723622856425996 0 0.0005034984703555874 0.3888369626871868 0.0656524754697764 0.010680708845254495 -3.1059972758224603 -0.14965372063610663 -0.6889956126712646 0.02334426212411282
42 378 0.5970220849308864 0 0.0009286614651546002 0.3902156672146227 0.008951402682089396 0.03183640622880909 -2.3469132843626097 -0.27833165517777575 1.1604810874658071 0.04443465994846917
42 378 0.2641671975941895 0 0.0004864276204283815 0.4072362722292736 0.04178310542028323 0.005142841280002833 -3.1355452068082044 0.01786704787200214 1.5073656445798744 0.043591289100471574
43 387 0.1669960614180004 0 0.0004135698328633034 0.48351136552018975 -0.0259222359745275 0.002482124025061281 -3.1333749497132373 -0.008889095735404721 0.027220882046959438 0.045016056498950796
43 387 0.5750866891158122 0 0.0008950704510240102 0.5108859484450345 -0.017551348159507995 0.01843627899278339 -2.8653492145672077 -0.18719267573316734 -0.18819919503588212 0.06925351086334532
44 396 0.1327106750309431 0 0.000492011777920871 0.5488026453650077 0.060343939090829454 0.0017013870095957213 -3.133929543382595 -0.3689766586000909 0.8485879095484068 0.06929910697515132
43 387 0.5438246312721786 0 0.0008965278244322631 0.39467563932993943 0.017291340714369767 0.02868538421887311 -2.8594903589671365 -0.03244852421083147 0.499239654135605 0.03184681642133831
43 387 0.35677235114066963 0 0.0004157173521277299 0.3846729112435487 0.0648331077424593 0.006137311964863816 -3.1237064703879422 -0.12690311770825063 -0.7505860013569357 0.01696708459518679
43 387 0.2619122762751143 0 0.0005070425395198089 0.4218719045276582 0.03771789427759526 0.005764991371545391 -3.1323903160292996 0.026556110055906565 1.5115525217293408 0.03862942873979206
44 396 0.14634571691466203 0 0.00040404006474835976 0.4864130522180827 -0.03765212770135236 0.0022078313634931873 -3.0850440535163832 -0.011115501014977016 -0.2567175999158452 0.04724826660126246
44 396 0.5984063135864144 0 0.000777621633105034 0.48502493126751217 -0.004139844296798317 0.007924438768506997 -3.0445384537341234 -0.28121312272504073 -0.8044213032274299 0.07247285980065352
45 405 0.12138165529160452 0 0.0005051192298900681 0.5507672006472912 0.062286683191959805 0.001312631316156516 -3.140158424807106 -0.3445100704131942 0.9036076693867556 0.0690110910816251
44 396 0.3471040777524447 0 0.0004351540077545816 0.3877167257178907 0.061534974038387175 0.005262867896735383 -3.138073207616749 -0.04765778885929642 -0.3391108519073952 0.017587775116057067
44 396 0.24829261511855658 0 0.0004994280457806776 0.4206542886856617 0.047883177476572406 0.007991248147366629 -3.137628267696293 0.058269891495058686 1.4730968289284578 0.04583656125852734
44 396 0.5307820646365554 0 0.0008797361748570524 0.38863936286161727 0.01771255089363864 0.02781076612509991 -3.065812734482144 0.09164044340349484 0.7602034482690028 0.027822292304747517
45 405 0.15052078738797448 0 0.00039507989828009197 0.47832713452773773 -0.028876791659866664 0.0010527384132533635 -3.106142405796708 0.022052493482216703 -0.24942292177586287 0.04856023749893362
45 405 0.581390776429963 0 0.0008705636073387722 0.47726346428034966 0.005587793289365429 0.006138829322147713 -3.141498870058852 -0.29208423867834743 -0.44648485013735373 0.06410301605391054
46 414 0.12669299424047153 0 0.0004873459574565123 0.5481650400816492 0.05595164209865665 0.0023357307682322246 -3.141487722459232 -0.3499948072591904 0.9498263879554433 0.06701688358828338
45 405 0.3658582064709958 0 0.0003937097189874471 0.3873283945839599 0.059954079884922254 0.004313824250796584 -3.1349932537909333 -0.03684938022321637 -0.5668359957581306 0.012061648681177269
45 405 0.23191016480282878 0 0.0004817360649917277 0.4151448869750054 0.039769773945376286 0.0049035323768220115 -3.141503104866372 -0.0033956694860746983 1.4792971120162584 0.03929937978185414
45 405 0.5397706648172415 0 0.000635507683810531 0.3751131646751575 0.03634323027894534 0.0054299574844852115 -3.119557893358961 0.005042063545115619 1.2535983212067168 0.019538519735716728
46 414 0.16769323125862284 0 0.000450126519533861 0.4738103023798165 -0.02382804997750577 0.002577971274943719 -3.1118731753489057 0.03561131402832411 -0.42244286054401664 0.04793855499080942
46 414 0.5649442859178107 0 0.0006809468005696589 0.5166501344736206 0.029040803104682843 0.006100894306908274 -3.117435125607083 -0.32752190532422853 -0.3781583137274951 0.0661563404186719
47 423 0.11683575594545528 0 0.0004887470042250195 0.5455322989529646 0.05409656160978586 0.0036402315392471984 -3.1401966241121975 -0.37480770150100384 0.8030717612320769 0.06772036805072795
46 414 0.3600887477906368 0 0.0004132479897973137 0.39002604087768 0.06881146221522368 0.004766351269279063 -3.1389512964741026 -0.05102850624586747 -0.05146477804746552 0.012357330716881873
46 414 0.20769848012887973 0 0.0004890573555184629 0.4089291233807969 0.043131422928483786 0.0027797936483828123 -3.140135151653215 -0.004619408048280704 1.4909322128933673 0.048779848206625565
46 414 0.5121555525832066 0 0.00047720870761100464 0.38587869018930304 0.04705343020604028 0.0094551533813441 -2.9666845737279486 0.1394303497749912 0.5381455796013968 0.019901301295591735
47 423 0.18310298624453805 0 0.0004258150405868887 0.48087095306495764 -0.02491504282789962 0.001360190265885405 -3.110602795140869 0.07792335308191843 -0.48795889456608704 0.046102765497702966
47 423 0.527156056119766 0 0.0006637870823169128 0.5205270682173004 -0.006870766270273089 0.011649903258617441 -3.0675831974196557 -0.17873815049239028 -0.8470363227316686 0.07081630456942592
48 432 0.1080801602220178 0 0.00047385573602322053 0.5431808207066272 0.060333626703610775 0.0023209310751851776 -3.1389459215129554 -0.37173103894990883 0.8347316979746664 0.06820818958688268
47 423 0.35043396813535727 0 0.00040071541028759524 0.3763503815259763 0.0728000211051747 0.007022404610047214 -3.138695845711802 -0.06318800204958763 -0.9062196616467127 0.012338342089037726
47 423 0.1874766449855635 0 0.0004319684148644071 0.40684819203541284 0.05254218095621492 0.0026921642664268167 -3.1414043300779313 0.02356731528489989 1.5122556888884977 0.04646645514481861
48 432 0.18721312353223188 0 0.00041970089768958733 0.47528414258089957 -0.025742104735499087 0.0010032217840589917 -3.1410431445795077 0.04483214991727334 -0.2786472926258341 0.04854172959823282
47 423 0.47959487400254663 0 0.0006019849801581393 0.398602462228283 0.03456908012009491 0.017148028160893454 -2.4016559624218843 -0.074368657745353 1.2599846340642087 0.029046161941635985
48 432 0.4772233623898363 0 0.0006617998519624069 0.5139479368871892 0.01118463497709475 0.016730496504092057 -3.046061868657555 -0.31921436684064924 -0.8207081576353459 0.06301730748035927
49 441 0.09657728736995777 0 0.0004686044390546832 0.5445369798702223 0.05926619871432225 0.0024420090419548708 -3.138339509440251 -0.3736598608734335 0.8625432822855342 0.06715542215825457
48 432 0.3238668873757163 0 0.00047312025307630644 0.3799341569050992 0.06852340360842164 0.01320016019474423 -3.1394959167441816 -0.11028479412980088 -0.7910238192315513 0.01491845104731505
48 432 0.1835069707810383 0 0.00043242619726551157 0.4072650092567877 0.048592702330656684 0.002662037225450297 -3.1154045982788214 -0.02125263641256727 1.5330713425512426 0.04495686136020545
49 441 0.18818037892533584 0 0.0004070134604496339 0.47937125767026895 -0.028518648243117978 0.0019267304000596052 -3.1333543146427365 0.07888637211548799 -0.27016876747286905 0.04833909554693493
49 441 0.45309017495835474 0 0.0005045853458632842 0.5124743123656081 -0.0027678115313733665 0.005038675205723802 -3.0810153701061394 -0.37348151570488364 -0.6740029719982288 0.06903731193384353
48 432 0.5436060240182619 0 0.00040593956027917014 0.40402375380747874 0.04224771512658318 0.005637736448866861 -3.0994165392952 0.06244302228552087 1.093928707924646 0.013747141971144091
50 450 0.0939131652766756 0 0.0004845859506346024 0.5456890911820663 0.054308614777630375 0.0027237576097762185 -3.13939473874686 -0.3636878063847623 1.0126991398412581 0.06669818687237422
49 441 0.2955427938771583 0 0.00046064045409719405 0.37827830647008204 0.07064881523565082 0.010953368372495942 -3.140500326002752 -0.1392777827701327 -0.7068195748105947 0.015989043093759495
50 450 0.19647697960063204 0 0.00042993863104609037 0.4826238262577122 -0.029070648287975853 0.0024229122771815543 -3.140955381382338 0.05091636729321568 -0.27227180984788 0.0514529881494382
49 441 0.16437691631274937 0 0.0004611555614608161 0.4106001057002315 0.043340847836832785 0.0035970986756510004 -3.140228956206203 -0.027694888664096518 1.5382703050017903 0.04408937080990182
50 450 0.4069101923027599 0 0.0006854856559348631 0.5075892007144095 -0.011020706915007384 0.019973399699144495 -3.1279892722071914 -0.3274248663700818 -0.7577759706726868 0.06097759030654382
49 441 0.5392135134018828 0 0.00048693696936041636 0.38465117950674316 0.05251007206278404 0.009139811134184009 -3.012615241011482 0.037142015682274175 1.4767672250587416 0.011481720619944779
51 459 0.08915525934940968 0 0.0004682491754881696 0.5424096469798283 0.05780872307172828 0.0023722130689712577 -3.1347475307146535 -0.3731595205346071 0.876112688478443 0.06745186256660757
50 450 0.28318481965304837 0 0.00045739914051721537 0.3815026253418073 0.05893707285382032 0.01087969858342581 -3.1377215810157137 -0.16779774828194793 -0.9273971008496338 0.016673563398509384
51 459 0.38444730372786456 0 0.000548724838812201 0.521449656022144 -0.004280703963143883 0.01465535996251021 -3.1320719460643374 -0.34444871052396986 -0.4512098029928513 0.05750747980255119
51 459 0.19251287557093588 0 0.0004014294005632044 0.4803523283235018 -0.030833273704904966 0.0011305863739041713 -3.1160302696343005 0.02644286856660657 -0.018791058246677886 0.050551882685427194
50 450 0.15422963352790878 0 0.0004335604930223058 0.40761065197625584 0.045344175757840256 0.001219303053647802 -3.1269187390474458 -0.037342543655810974 1.493295637110218 0.043067914441472975
50 450 0.5155116839249542 0 0.00047965138278302586 0.4062442363471044 0.04510864139788959 0.01037815609613873 -2.7439228708430043 0.11995287529577095 1.149497901882157 0.01492768141546141
52 468 0.08915842352572333 0 0.00046595748310520934 0.5410963117901825 0.05411877215478569 0.0023010478921918235 -3.1389146784739097 -0.37655344311019584 0.8991136146895771 0.06694785817737738
51 459 0.2794969084902884 0 0.00040534292541716526 0.377260653690135 0.06559240539983038 0.008630642756975285 -3.140533161269415 -0.1408814566792465 -0.982934490587509 0.014228101204596529
52 468 0.18504397463088468 0 0.0004204454490703082 0.47834298579622536 -0.03216876154013617 0.0018772742253535526 -3.1370690920426068 0.043122065603653184 -0.3101118067654371 0.05183195091559628
51 459 0.1486183290026176 0 0.00043653746025248903 0.4062115865982879 0.044437363999859154 0.0012528934712713311 -3.137469466116398 -0.035765001447336874 1.4658723050989642 0.04109478195476388
52 468 0.38834419849355367 0 0.00045735661482010657 0.5164681612532016 0.0016489050074344012 0.008519599263429253 -3.12763550268626 -0.3684985184190893 -0.5981230872229806 0.05598226031129442
51 459 0.4739794497527188 0 0.0004000936137162164 0.39093018071789676 0.056257818708502466 0.006628728151181571 -2.9924626849687836 0.1092475946552025 1.027450930577538 0.014239478455035356
53 477 0.08094642444231107 0 0.00047372782784043836 0.5399708334474983 0.05766914027363219 0.0027458254470520893 -3.138501053335537 -0.37644544291569454 0.852768580724044 0.06758067756677724
52 468 0.2478903891756396 0 0.0004052313912833383 0.3803533280758067 0.06713487661218505 0.00501688178071304 -3.1244321093778145 -0.13097880937604753 -0.6041809690109166 0.015611534823130116
53 477 0.18746654016572245 0 0.00040912936388072063 0.4782350396359399 -0.03378609902903718 0.0009648093587914395 -3.0988120252024105 0.05772484754036905 -0.2857835707438934 0.055205493727923174
53 477 0.4059392982047645 0 0.0004827366073444631 0.5236989432997364 -0.00971679100701508 0.008667711321331886 -3.1111381315335196 -0.362212856765454 -0.6812882380917564 0.05041385126533065
52 468 0.13189868848067582 0 0.00046766199823683534 0.41031249431777195 0.043440380881754295 0.004357904688901637 -3.141460182748289 -0.034747834997377575 1.5381678515190655 0.04355210540193175
54 486 0.07544387375423517 0 0.0004633434274851694 0.5394015708920952 0.05679501341944988 0.001958419184748306 -3.14141355890439 -0.3751836383403617 0.8732062465357096 0.06709671304934041
52 468 0.4696653450480334 0 0.00045049761442510515 0.3939533249000638 0.05649664783156765 0.011317077402613363 -3.08183840728897 0.0936799592142478 1.2573049599216974 0.011525776208717463
53 477 0.2286887442583446 0 0.000388504082450855 0.3875233711572859 0.06631803387637147 0.007722892889203267 -3.106291139375477 -0.1014706021708969 -1.1496605821118897 0.013702151919617109
54 486 0.1666886230283381 0 0.00041656724484140644 0.4792944010014868 -0.032324138782344254 -1.522551398193189e-05 -3.1398049585010113 0.05533173063140529 -0.4593278346824784 0.04789202424648795
54 486 0.40535870119990325 0 0.0004565967913249644 0.5228598614420865 -0.004412242271212821 0.00495470373872898 -3.1413953799159735 -0.373406569764134 -0.2429433002678949 0.05509628601681224
53 477 0.13319738545423274 0 0.0004217635127592421 0.40621030549952514 0.048885537369501686 0.0017105399791563713 -3.127690575479209 -0.007289357726335904 1.4636211939314452 0.042734905457335735
55 495 0.07232887082286771 0 0.00046492613546086713 0.5419961249021811 0.060582655543539 0.002082365402160524 -3.1409778825146697 -0.3739755164784034 0.8173641364771997 0.06724228612234222
53 477 0.4309623903478673 0 0.0004464733379612507 0.3996522680736924 0.06171365965849978 0.009296935645574319 -3.0537758218751856 0.1092005086062556 0.8794185672294479 0.01680093224138705
54 486 0.2675166146612667 0 0.00042462553711078525 0.3801811023094751 0.07779565521246926 0.005942922705206525 -3.0272334413505493 -0.055052040906875946 -1.4542318476877716 0.012837810087521221
55 495 0.1569676550156202 0 0.00042273599260401833 0.4845155378720642 -0.03284750880279514 0.0017504417384537143 -3.13887017126859 0.08443678108309582 -0.3180681485774072 0.051181589407358064
55 495 0.42739195478230596 0 0.0005383524119550567 0.5018381001465756 -0.0013629071423435493 0.009076998290897077 -3.1361439467655314 -0.3732485024320059 -0.4490359602927545 0.05061981783293726
54 486 0.14413584062353577 0 0.0004216129716596466 0.4108914996544665 0.04801762208426411 0.0007574145747526937 -3.1411132828785853 -0.013303493360442306 1.5387097569524033 0.04805815457104536
56 504 0.06886934721422996 0 0.00046475087695789535 0.5431164629537831 0.0597539572201526 0.0021821300865910577 -3.1411570534681448 -0.37604491768371534 0.7930534651282362 0.06739150731148057
54 486 0.4061102328429805 0 0.0004613212675709404 0.40233297979490884 0.0670325928702794 0.006137472954028993 -3.0754054681429133 0.09458374492971963 0.8511562388918759 0.0180650821952437
55 495 0.2749977519579807 0 0.0003981520578040879 0.3871286991865846 0.06456164191879166 0.008468073135396879 -3.141355260537384 -0.05483743907789565 -1.1145573815177223 0.011669195066043839
56 504 0.15535743836369018 0 0.0003960672548486822 0.4794933722984461 -0.03389677339095484 0.001050366771959781 -3.132892975528528 0.09637895429618304 -0.2537805945960505 0.05149890739560041
56 504 0.3754648156673817 0 0.0004486687344877403 0.5156126755517758 0.009185018075767675 0.007643753775230291 -3.1391128048717083 -0.37681611346081967 -0.75780996349435 0.0445859411372594
57 513 0.0676196982629769 0 0.0004588346437348609 0.5439600795357447 0.05816037499029927 0.002073516935772234 -3.1379966848482175 -0.3731158960241822 0.8423701233087451 0.06656880973222906
55 495 0.1674982467900062 0 0.0004088490391514951 0.41501831261550176 0.05071559695517109 -0.00020973110364421355 -3.136589551446643 -0.006081247554491253 1.507058926362619 0.04942511897477343
55 495 0.3664907334715793 0 0.0004125182106898044 0.40419974106974693 0.05506438708353452 0.008974287268313074 -3.1084217487070065 0.11899158211825771 0.7268942757782237 0.014036799062429064
56 504 0.2694632310139367 0 0.00041678128170644893 0.38338832600201944 0.06878337924174475 0.006275842438435665 -3.006410467004557 -0.06473823317661478 -0.7746513556342844 0.015201203934193401
57 513 0.14266256712425815 0 0.00040814965187405545 0.479599045948859 -0.0369746799176386 0.00033125210709191653 -3.1402580125593444 0.0884232959423884 -0.42098323520871694 0.0517812532654138
57 513 0.3498203833597675 0 0.0004792999719436408 0.517419816220849 0.009265895284901772 0.0042348102001207545 -3.140668046555688 -0.3769906294096381 -0.6949310599841372 0.05919856679743351
58 522 0.06540477724428687 0 0.0004636244629097541 0.5418079833418665 0.05799356198504169 0.0026072520003790683 -3.1367817523301835 -0.37668584025432855 0.828685705563058 0.06659000652425455
56 504 0.16250077756640155 0 0.00041142864050775483 0.414756400955439 0.05450293005656899 0.0011360307327923673 -3.1361147917768646 0.03169870179858033 1.483088253501241 0.0483705875701943
56 504 0.3967703163422047 0 0.00044026571666191684 0.39627513603864023 0.04208057611739662 0.006444921776480931 -3.0238364161688245 -0.01444675770255012 1.1320918446465875 0.016021600699271617
57 513 0.2781039775952485 0 0.0003713462352759394 0.39309204801231834 0.05899620516029484 0.003999619361016886 -3.1363761342224823 -0.0372447689104061 -1.2863380666686335 0.01354853296847007
58 522 0.1315701676506272 0 0.00039960073819508927 0.47334861263773925 -0.03421819846451317 0.0008080097245484783 -3.1412614006258734 0.0824491948347793 -0.22136431517832625 0.0511591272491356
58 522 0.3065777031543574 0 0.0004622689781155373 0.5161791233085793 0.0038848509113518113 0.009764970980240218 -3.107985685401139 -0.37694656289853007 -0.5930887381434808 0.050816024562431
59 531 0.063578101137932 0 0.00046059598023233 0.5420250219945187 0.058156925614792035 0.0020642949085379566 -3.137476662357182 -0.3712780459330002 0.8935554398919352 0.06668207919380473
57 513 0.16048182663805188 0 0.0004117976280933575 0.4161744646626523 0.05786227764319096 -5.242350621052663e-05 -3.140373528460458 0.023708188264952076 1.5106273807562431 0.051342105829851194
57 513 0.4030886739831894 0 0.0004748834263052147 0.4003815222948489 0.03585136041875782 0.01156315073824176 -3.141311339531845 -0.0034211045787204825 0.7290829954848388 0.0160041343332561
58 522 0.2691561569205638 0 0.00039212152119336483 0.39534276049138833 0.06249195873955143 0.005434730320549516 -3.1014543176753286 -0.0029231248516126893 -1.1902903145335988 0.011062415609074583
59 531 0.12065675470580234 0 0.00039475648396174276 0.4766971474036654 -0.03193965228909766 7.82754533669341e-05 -3.1415925616608087 0.06638869998126667 -0.4017470314654332 0.05036797860239309
59 531 0.277542828504268 0 0.00040073810738049635 0.5132991818864918 -0.0020077405667125216 0.005018069720772514 -3.1279763631337922 -0.3729669222627796 -0.7865387843076737 0.049184855059376656
60 540 0.06263606739265924 0 0.0004641632735056764 0.542724834254038 0.05546284187627568 0.003088076801617274 -3.139771167564994 -0.3767148362181794 0.893182832170035 0.06570534646345916
58 522 0.14928566771541554 0 0.0004092760635338108 0.416228048435758 0.051595068109132725 0.000139300547271957 -3.139280147901325 -0.002953081050087819 1.4758682068923936 0.04806963857063714
58 522 0.380170003193143 0 0.00039639643659027725 0.3964079684452164 0.051646601236090106 0.007497199215830074 -3.1375756402557737 0.10907017685761283 0.8364976770541139 0.013682079710148955
59 531 0.23041538398807335 0 0.0004097126586205586 0.3904850032252319 0.05997209762218821 0.006135143923157697 -3.0243177410308846 -0.031301859302652064 -0.9300868275193348 0.012560359923754474
60 540 0.12266823436293506 0 0.0004018824719880763 0.4780794176129309 -0.03187665626342383 0.0005977849097407569 -3.1334184550294313 0.08703086892588278 0.008789315443469836 0.051903231780205755
60 540 0.2727909555744098 0 0.00045491675201426735 0.5175581402230345 -0.006185025778907375 0.011193861362745316 -3.1415723385962186 -0.3693974074242987 -0.44164414521364925 0.045740958516797305
61 549 0.06502018260711923 0 0.00045778544192005306 0.5439105238387599 0.05766157225085907 0.002664874047134334 -3.141210296258107 -0.3767246316045302 0.9171957116857424 0.06516116948393245
59 531 0.13483607257075803 0 0.00040666295264593964 0.41212931308967743 0.051994537656024686 0.0005612192561973345 -3.1296670333775167 -0.007308849016169249 1.4158886443995835 0.044361676100887516
59 531 0.320541012246476 0 0.00042411732291849826 0.4032395983316846 0.056446247582319406 0.009667421795041306 -3.1241604397549376 0.13060928208607123 1.009062789544225 0.0123776984917718
60 540 0.2472120221452092 0 0.0003838708896246901 0.38812379640980593 0.07299467593909519 0.007533603899945981 -3.1121740812879413 0.015974782891506632 -1.5393534434642921 0.010807543303918804
61 549 0.12627570637484284 0 0.0003875524564690357 0.48209699388862454 -0.03658277807711852 0.00020676759621503595 -3.139970682367994 0.06186668024275577 0.004512050145957208 0.05025461457517329
61 549 0.2798346566616013 0 0.0004542217436720196 0.5170074874608521 -0.007956079802439637 0.007680317745850471 -3.053199655096863 -0.37322921285852945 -0.8242602371131365 0.05134966712061005
62 558 0.06649030841097163 0 0.00045650282568785014 0.5401713648767537 0.055788329607161624 0.0027038066947042924 -3.134411724320384 -0.3766207231006054 0.9254170267929415 0.06504554816077784
60 540 0.1256509309926907 0 0.00040577321059395493 0.4125325241748552 0.048876481110226466 0.0023704722174818916 -3.1408092436475084 0.0031963789392682523 1.5028022759273518 0.04114550646179985
60 540 0.3034877648886593 0 0.0003785056697748393 0.40080288316469914 0.044904764274602896 0.005944143358237718 -3.1312098594483455 -0.03590073785863881 0.19455559450821358 0.019109575247746327
61 549 0.2872123686298488 0 0.00037180036011832864 0.3858635375391019 0.073366452227352 0.0063155773605961685 -3.1038667100725625 0.025516385169251636 -1.374970187829328 0.01014316203619271
62 558 0.12121491003118948 0 0.0004122286106973589 0.4820152047869678 -0.03627497514556281 0.0025473107261084807 -3.1199216881642586 0.08962879250980244 -0.3150847746025387 0.04912560811429301
62 558 0.2806351191148598 0 0.0005504534049551062 0.5156735030549982 -0.004266492120728239 0.015085658094164617 -3.0990499854935405 -0.37518218258509467 -0.6279193035841524 0.05868237256609532
63 567 0.07058590462260582 0 0.00045165279924261944 0.5412798223524261 0.05459403907901737 0.002495190800347418 -3.1415518505764295 -0.37686829646475906 0.9442470531971875 0.06457822989823137
61 549 0.12477592837233797 0 0.00041833517365301963 0.4201165950383659 0.052612104100888624 0.0006038730977206314 -3.1326975638525534 0.04272712382030727 1.5392682329972938 0.050680149634305796
61 549 0.2983202160832211 0 0.0004172151891733243 0.3950243176558347 0.04918488302816512 0.006567806395298795 -3.10948993517178 -0.011475120325389637 0.13876302103505767 0.023887256489466213
62 558 0.266513175002424 0 0.0004020239693616533 0.3926896854736911 0.06354259988261578 0.0059451858128692974 -3.129425339418418 -0.04772976353797179 -1.1683165180952408 0.012181528879652563
63 567 0.11658600272355057 0 0.00040667886535126444 0.48079988885402236 -0.03354837189346076 0.002158047036076545 -3.1140662240761205 0.07293544097984171 -0.33881846502258134 0.04980294513591066
63 567 0.24699504929694222 0 0.0004740363458047752 0.5166522764568929 -0.0011668523342638435 0.01143132361794632 -3.140885716379608 -0.3769271415619256 -0.6110426654094256 0.05297002795960493
64 576 0.07544218366637813 0 0.00044855894319097763 0.5416260736548539 0.052227654203198845 0.002347364449273742 -3.1415922027263035 -0.3769896042033714 0.9631217894044685 0.06357628605123808
62 558 0.11957594427740571 0 0.00040510431456943554 0.41392759316944966 0.054541080115079736 0.0002133604897774778 -3.139353853225843 0.021699609189198887 1.5024545489148105 0.04967599117077456
62 558 0.27467961465947166 0 0.00039201331292916503 0.3989298942037407 0.04446101490581398 0.0038356621897814233 -3.1409727571153008 -0.09283000864963785 0.10923897008284955 0.024452022260737373
63 567 0.23841625044697778 0 0.0003816259295596515 0.39184430613033344 0.06812065355632894 0.00792628691662601 -3.0868675536503507 -0.028911068859712546 -1.5392292633420033 0.010231453291408584
64 576 0.10488908591812256 0 0.0003948769729628869 0.48320460947506694 -0.03728922355406559 0.00021093410463361804 -3.1303165596225675 0.06502620815795507 -0.23750124394157512 0.05087885414167473
65 585 0.07106416155744442 0 0.00044900898069847277 0.5431484538082293 0.05266615038657575 0.0022229447333913755 -3.141272056544445 -0.3766022651726802 0.9661950228034657 0.0636283867194212
64 576 0.24973661209696738 0 0.00043606081576382275 0.5189077668570491 0.004868689946968934 0.006616241781757764 -3.0914102004088213 -0.37147246119186433 -0.3443690831528263 0.05256624089359565
63 567 0.11336199981958332 0 0.0004024045366768512 0.41208522462677016 0.05248150029369704 0.0006621670969682314 -3.129593102739115 0.01980874304622071 1.5056414863577394 0.04719269487690775
63 567 0.2684129825598644 0 0.00035637262947266283 0.40507846363617245 0.05028281243561402 0.004234698310601198 -3.139525484314823 -0.051955723410918614 0.5118410824684823 0.01754521555178419
64 576 0.21212633677942438 0 0.00041645085218523607 0.3930033166142607 0.060217818381426154 0.007920030306156085 -3.1331681977341312 -0.031693625965164875 -1.1721972735806725 0.012076787628807411
65 585 0.10181962018575241 0 0.00039064306747576936 0.4827883087151048 -0.033585665771963605 0.0010882240135269622 -3.1222877930300643 0.06035846256867898 -0.07016241517371305 0.05006119381205677
66 594 0.07371885627825266 0 0.00045405787037304 0.5439387885303165 0.053513855522149385 0.002610836586913261 -3.1398928828899146 -0.37672785475897835 0.9261598106961771 0.0641017191497194
65 585 0.23910176497282198 0 0.00042656064409310517 0.5163856109576338 -0.0015235536431236342 0.008064667524942061 -3.127054146500294 -0.3538522767997197 -0.3321174955442423 0.04599525422016388
64 576 0.11513435786594708 0 0.0004140766269055981 0.407983449013024 0.04949139007729599 0.00043692790704365897 -3.1219256339304517 0.013371561901759133 1.4538150015496532 0.04523348167872508
64 576 0.2539881797168403 0 0.00035396003443099013 0.4019092357154063 0.049605174253643754 0.0042074808596303664 -3.1049745499425345 -0.020598911306854224 0.4915329953221521 0.017615091092141877
65 585 0.18471527174156943 0 0.0003735165085014575 0.38864580921526903 0.06407793872743522 0.0060028115481409895 -3.0989999086969893 -0.014743154285642188 -1.2392749304868855 0.011885694120908103
66 594 0.09821288267879387 0 0.0003914517503441592 0.4788441121157962 -0.03346123602887496 0.0015899886485443782 -3.1246078209425403 0.06296719563045844 -0.25837039117597893 0.04869657695965686
67 603 0.06912774109431466 0 0.00045331561279977797 0.5431350417755274 0.05492384089239411 0.002708409335089801 -3.140723879837598 -0.3767297009958703 0.9220607523991626 0.06442560659354256
66 594 0.2381844768108782 0 0.0004442792331020602 0.5161010548751086 0.0031542283534180247 0.003938976251120491 -3.141072885145785 -0.3596905724758247 -0.2214316632230915 0.05388017343184929
67 603 0.06912774109431466 0 0.00045331561279977797 0.5431350417755274 0.05492384089239411 0.002708409335089801 -3.140723879837598 -0.3767297009958703 0.9220607523991626 0.06442560659354256
65 585 0.10543778261931083 0 0.0003987517485487936 0.4149296946163913 0.051928900383121444 0.00030819787031289615 -3.1400690727288394 0.04033018510913841 1.5205972801438512 0.04815169831372448
65 585 0.22793340385148472 0 0.00036456775190858915 0.402702766642784 0.048073117067141104 0.005059503902033056 -3.141589343289154 0.027753103964831025 0.6026018136455402 0.017358823347038813
66 594 0.18141780229645862 0 0.0003746347428851082 0.39393759150282104 0.06445287310891878 0.004504227190040727 -3.1334048188143613 0.010325641282547208 -1.3133825132991854 0.010818519892600988
67 603 0.09165760311779965 0 0.0003942283940619806 0.48069076122281684 -0.0328540406215015 0.00110820996449765 -3.1400372404263672 0.03967022785530147 -0.12742377321140858 0.0503598707684756
67 603 0.22689767036644398 0 0.0004386972502243567 0.5219583249192851 0.009267479059668288 0.006645150269576188 -3.0604814383142993 -0.3438158620300504 -0.45174901779816823 0.05153403904982183
67 603 0.09165760311779965 0 0.0003942283940619806 0.48069076122281684 -0.0328540406215015 0.00110820996449765 -3.1400372404263672 0.03967022785530147 -0.12742377321140858 0.0503598707684756
66 594 0.10310155581791604 0 0.00041402271952118244 0.4134792152701768 0.05007825196518519 4.0173741139604017e-05 -3.139676970665403 0.032933053914536735 1.5314159521672641 0.045136470824180194
67 603 0.22689767036644398 0 0.0004386972502243567 0.5219583249192851 0.009267479059668288 0.006645150269576188 -3.0604814383142993 -0.3438158620300504 -0.45174901779816823 0.05153403904982183
66 594 0.23120724906551846 0 0.00040019973267843193 0.41057759198505756 0.040484259956037494 0.0055496054353546456 -3.1368282204315583 -0.031118901166011972 0.4452339462768915 0.018517160135862694
67 603 0.18651215621350908 0 0.00035718110034113577 0.39682389712527716 0.0644141111809934 0.004305097087638221 -3.130504176439806 0.011521358480723148 -1.4539193814083973 0.01140681501596979
67 603 0.18651215621350908 0 0.00035718110034113577 0.39682389712527716 0.0644141111809934 0.004305097087638221 -3.130504176439806 0.011521358480723148 -1.4539193814083973 0.01140681501596979
67 603 0.10026639993076228 0 0.00040120354125323726 0.4111997407331866 0.0516456925361089 0.000423224424375493 -3.136701926045198 0.04498199198867288 1.527153199256201 0.04785796556649418
67 603 0.10026639993076228 0 0.00040120354125323726 0.4111997407331866 0.0516456925361089 0.000423224424375493 -3.136701926045198 0.04498199198867288 1.527153199256201 0.04785796556649418
67 603 0.2273809672628737 0 0.0003957907260594093 0.4052536759166176 0.041342528438177234 0.00788151370252745 -3.0458032979078498 -0.017049349761071336 0.44043978042853915 0.017525891738028487
67 603 0.2273809672628737 0 0.0003957907260594093 0.4052536759166176 0.041342528438177234 0.00788151370252745 -3.0458032979078498 -0.017049349761071336 0.44043978042853915 0.017525891738028487
