% # columns="iteration, evaluation, sigma, max axis length,  min axis length, all principal axes lengths  (sorted square roots of eigenvalues of C)", seed=2567, Sat Aug 29 14:18:28 2026
1 9 0.9449729899729059 1.0000428580612375 1.0 1.0 1.0000071428826531 1.000014285816327 1.000021428801022 1.0000285718367385 1.0000357149234769 1.0000428580612375
1 9 0.9449729899729059 1.0000428580612375 1.0 1.0 1.0000071428826531 1.000014285816327 1.000021428801022 1.0000285718367385 1.0000357149234769 1.0000428580612375
1 9 0.944972989972906 1.0000428580612375 1.0 1.0 1.0000071428826531 1.000014285816327 1.000021428801022 1.0000285718367385 1.0000357149234769 1.0000428580612375
2 18 0.931498185426449 1.126369205128034 0.8851708818606809 0.8851708818606809 0.9485617773418603 0.9868362317270264 0.9927785810819169 1.0063302658540094 1.0123976495569553 1.126369205128034
2 18 0.9602117337208809 1.1280608759290136 0.8703043301923645 0.8703043301923645 0.9632635092538341 0.9835537930379177 0.9930390882874668 1.0064642693003356 1.0123276347365011 1.1280608759290136
2 18 0.9874616872607684 1.1290983348906483 0.8783607362645469 0.8783607362645469 0.9536041735491703 0.9850504200315499 0.9931974230896861 1.0063227191699617 1.0118878331185468 1.1290983348906483
3 27 0.9305663199255535 1.1518275208331044 0.8162656669863565 0.8162656669863565 0.8905251430861598 0.9831785044253364 0.9928831700629789 1.0036780476386133 1.0788904761613953 1.1518275208331044
3 27 0.9987569024213226 1.158998899137731 0.8438650781696031 0.8438650781696031 0.8828868113673316 0.973154888309465 0.9967149365714549 1.0152034913624821 1.0524537248047308 1.158998899137731
3 27 1.0548936087982814 1.195204513172322 0.8397516523332055 0.8397516523332055 0.9101067537170104 0.9522122129028978 0.9863306565919865 0.9999113262373148 1.091220122406416 1.195204513172322
4 36 0.9889048702704324 1.1608847500760229 0.7960784307542397 0.7960784307542397 0.8917512954723502 0.9371773485570093 0.9807609073445869 1.0048729464283521 1.0734937909499758 1.1608847500760229
4 36 0.9745570094729352 1.163325409458158 0.8155569644270411 0.8155569644270411 0.8660308700579924 0.9649068028504791 0.9949111921331314 1.0399201038061452 1.0476188248452898 1.163325409458158
4 36 1.132497617077659 1.300736908175233 0.8255098769533017 0.8255098769533017 0.8772478976907105 0.8999709071047163 0.9748890906659925 0.988373860563669 1.0894765048575477 1.300736908175233
5 45 1.051007314215971 1.250515655330375 0.7737555688230239 0.7737555688230239 0.8937063629475792 0.9015963907507448 0.9815422962228078 0.9950507235488871 1.0383652170469617 1.250515655330375
5 45 0.9687001958479442 1.1864316671090134 0.7881638785195967 0.7881638785195967 0.8313979004245823 0.9471976200624165 0.9824783379012005 1.0552960917285341 1.080725870406871 1.1864316671090134
5 45 1.1798294959875182 1.4068019077149607 0.793113231465504 0.793113231465504 0.8778337615469881 0.88033336582991 0.9586930400613058 0.9997242422942447 1.0557435472339658 1.4068019077149607
6 54 0.9560902802621973 1.2478003269140001 0.7430597397891769 0.7430597397891769 0.8867211899212479 0.9259274006137966 0.9666245828387352 1.009939636498723 1.0565456726317777 1.2478003269140001
6 54 0.8983372690545983 1.2269235723540168 0.7679891238865646 0.7679891238865646 0.7864661092282486 0.9372767206544081 0.9693614325836455 1.013307953515285 1.1115779129910768 1.2269235723540168
6 54 1.1381114419342562 1.4787489531399869 0.7830334545865903 0.7830334545865903 0.850729371593707 0.8731422947686672 0.9616291274521298 1.0253989731738162 1.0847848298107061 1.4787489531399869
7 63 0.9074228057981759 1.233022105494922 0.7521934465068316 0.7521934465068316 0.818483549290234 0.8846699853822636 0.9535542413126666 1.0146666457756257 1.086773003374794 1.233022105494922
7 63 0.801902542763123 1.2589327056152817 0.7497344524542178 0.7497344524542178 0.7846331165695228 0.8588379054336978 0.9562807897425263 1.0094328912891894 1.0915976771877152 1.2589327056152817
7 63 1.0721931084414258 1.4910643551088134 0.7616823348830484 0.7616823348830484 0.811095821155479 0.849785748489761 0.9780773830552038 0.9997242412083844 1.0805090485310838 1.4910643551088134
8 72 0.9431754039372411 1.2100585729102755 0.7226409764517965 0.7226409764517965 0.79015970233274 0.8805117635955017 0.9403432834275939 1.030811639519573 1.0992558793886407 1.2100585729102755
8 72 0.6834927736067247 1.258613196181037 0.7185765476690887 0.7185765476690887 0.7695461568812741 0.8450919349600537 0.9221541658674866 0.9969782059796419 1.067852437976874 1.258613196181037
8 72 0.9326919435828832 1.4697287097410041 0.7209098671794172 0.7209098671794172 0.8084899296658119 0.8668851230102316 0.9465945459972259 0.9671384462791738 1.0882900415756787 1.4697287097410041
9 81 0.8428273898396639 1.1675235003413633 0.7126980056666564 0.7126980056666564 0.7462963463982428 0.8961193219282776 0.9586083550418336 1.0529772750943112 1.0992001640666769 1.1675235003413633
9 81 0.843092143727159 1.3733977673827535 0.7139303533689517 0.7139303533689517 0.7700318033535897 0.8541773359480679 0.9455310560254072 0.9630662072054971 1.1010660237410115 1.3733977673827535
9 81 0.6271429066721085 1.2818809457035425 0.6883928628651795 0.6883928628651795 0.7564106977276699 0.8106622598901632 0.9182449295349816 0.9581369751666433 1.0433632449674828 1.2818809457035425
10 90 0.844993567202957 1.1662232983466152 0.6951531489540947 0.6951531489540947 0.7612472562371838 0.85347160567701 0.9223973774960318 1.047167120893934 1.0776526603007202 1.1662232983466152
10 90 0.6454513695764232 1.283267142837257 0.6714280075701557 0.6714280075701557 0.7552668196741954 0.8155840895950415 0.8583073291885489 0.9887177236611393 1.0130897149154139 1.283267142837257
10 90 0.7980754144411776 1.3086393760291637 0.7206980328014917 0.7206980328014917 0.7564514196512069 0.8553812734787704 0.9464979678628319 0.9573086900841377 1.0831854448258709 1.3086393760291637
11 99 0.7925185984519476 1.2129979307149044 0.6532089280741076 0.6532089280741076 0.7608407405312666 0.8327815722989501 0.9008383995974121 1.0677383866009582 1.09609162387406 1.2129979307149044
11 99 0.7499586567429138 1.300137628312912 0.6924472654167403 0.6924472654167403 0.7443611634956036 0.8607480922284607 0.8864316883569177 0.9791121110727529 1.075114007246409 1.300137628312912
11 99 0.642679456851302 1.3207231662052226 0.6572636867554575 0.6572636867554575 0.7554293135441639 0.7924382853702909 0.8553787700985669 0.9608427981577421 1.023090830577755 1.3207231662052226
12 108 0.7699352633827894 1.2625323542672022 0.6344386025423321 0.6344386025423321 0.6957544073477981 0.7997245873265276 0.9058709326375431 1.079166935839754 1.1000095439135615 1.2625323542672022
12 108 0.6957060802783819 1.2698969049747322 0.694262520633423 0.694262520633423 0.7171805152746463 0.8476363215544552 0.8756638342899766 0.9961026654659 1.0381300909045248 1.2698969049747322
12 108 0.6243181835573268 1.3298142547366152 0.6419476846585777 0.6419476846585777 0.7315139712433255 0.7646281441261275 0.8644366645280295 0.9920175150598719 1.0168698214994787 1.3298142547366152
13 117 0.7688316429547415 1.1705036033269358 0.6340439794524316 0.6340439794524316 0.6988104477780521 0.794791528015353 0.9280177599637162 1.0260382882643202 1.1185926674788969 1.1705036033269358
13 117 0.6006043706402122 1.3243935293442235 0.6403572639756246 0.6403572639756246 0.7469532165039438 0.7842625076795462 0.8480003669512634 0.9495330295587557 0.9902158966227976 1.3243935293442235
13 117 0.6333979777225365 1.1401373010413933 0.693410674525903 0.693410674525903 0.7176130272110209 0.8408114470109264 0.8809512438287408 0.9566108011868129 1.0638914552078649 1.1401373010413933
14 126 0.8229953931825421 1.2298500478486771 0.6212210482208701 0.6212210482208701 0.6580014072785213 0.7760606551775998 0.9360441241172659 1.0317440449489885 1.1075733138972217 1.2298500478486771
14 126 0.5243331634811357 1.2857456309517148 0.613816100156042 0.613816100156042 0.7449460188169748 0.7923652392124165 0.8183697213565534 0.932567161002914 1.0130427881168094 1.2857456309517148
14 126 0.6781196198550316 1.094253786537465 0.65388078684175 0.65388078684175 0.7212766692767486 0.831417030142584 0.8736560328909898 0.9591455292970605 1.048345306919389 1.094253786537465
15 135 0.7788635511755126 1.2496182101843376 0.5732048351518069 0.5732048351518069 0.6648888177238145 0.7840350136365198 0.8976863529390846 1.0416526786374027 1.173126752006072 1.2496182101843376
15 135 0.4965057755147862 1.2790734818284955 0.5463337014945564 0.5463337014945564 0.7393712238486886 0.7933565141982485 0.8019914110936222 0.9403609797029374 1.0365648238457443 1.2790734818284955
15 135 0.6710812456268961 1.101513229701555 0.633728324876346 0.633728324876346 0.7579397471218315 0.799094061753432 0.8870920613804578 0.9296122686765407 1.039934830164093 1.101513229701555
16 144 0.7551472433527477 1.2468431427766824 0.5555178931120927 0.5555178931120927 0.6194168414413244 0.8015629219833674 0.9049533163710215 1.0274315107132392 1.169075016116636 1.2468431427766824
16 144 0.46880823400059585 1.2786017227757014 0.5359629158489707 0.5359629158489707 0.7333538439872164 0.7594919426229695 0.8076789478399093 0.9170034034459694 1.0568367800083784 1.2786017227757014
16 144 0.6124362595945686 1.1779788235268673 0.6068278104973994 0.6068278104973994 0.7194728558818108 0.7670569500656839 0.9097371703241923 0.9248538851513447 1.0439779813556354 1.1779788235268673
17 153 0.6975231203240206 1.227917801727101 0.523168628516091 0.523168628516091 0.6028583227948401 0.7951987802101593 0.9274000213392185 1.0163570099868804 1.146412285981634 1.227917801727101
17 153 0.5863717266680717 1.1648364792891024 0.5754181378772041 0.5754181378772041 0.7204486708032068 0.7635830004721553 0.8755339283488505 0.918485636398278 1.0269144706282023 1.1648364792891024
17 153 0.437520590934164 1.290783747239925 0.5040286888304649 0.5040286888304649 0.7374741753994802 0.7583038606958621 0.7983471259864645 0.8826643474339201 1.0651776887508229 1.290783747239925
18 162 0.6292956803287667 1.2196431206792075 0.496212263748816 0.496212263748816 0.5915597743975621 0.8158089394843785 0.9067708610595433 1.0058344864475728 1.117589160256377 1.2196431206792075
18 162 0.38222858180014674 1.2453250770950492 0.47648904204950054 0.47648904204950054 0.721943255330156 0.7514095194753005 0.7976801290477624 0.8799119941560694 1.0464519468451554 1.2453250770950492
18 162 0.611674641127887 1.1588941332211788 0.5139380784122559 0.5139380784122559 0.7094838049507142 0.752219932096975 0.8915763429449787 0.9414730826264694 1.0282315409904395 1.1588941332211788
19 171 0.6231967044352454 1.185146395650124 0.4734287345442705 0.4734287345442705 0.5791487325594616 0.8055790578294525 0.9215520443032529 1.0197539933295798 1.1022280738580108 1.185146395650124
19 171 0.5900888994860511 1.173972686105716 0.4706237118498592 0.4706237118498592 0.7153702520677486 0.7765616258500109 0.8891600922596542 0.9022539465276272 1.1013226517786967 1.173972686105716
19 171 0.3626987472592461 1.231678496850121 0.43713186423338013 0.43713186423338013 0.7322067654000676 0.7402425006598242 0.7733840394033806 0.880687889943914 1.0267600140357664 1.231678496850121
20 180 0.5567754794703514 1.141088114505384 0.48625169333840756 0.48625169333840756 0.5604778601774785 0.7832972057695448 0.924041638225649 1.0248114378060191 1.0667192417637417 1.141088114505384
20 180 0.5427685982419783 1.1732249952480975 0.478518819227372 0.478518819227372 0.6560203213473014 0.7755981055668975 0.8720497045768688 0.9043364203341866 1.0899069751736763 1.1732249952480975
20 180 0.3478645919852295 1.2339966778280427 0.4418375693584127 0.4418375693584127 0.6744898675817306 0.74460268060972 0.7633344637731696 0.8658249755495003 1.017598508610567 1.2339966778280427
21 189 0.5230408117091095 1.1431956522976465 0.4856972382638508 0.4856972382638508 0.5219005139540951 0.7765994314205691 0.9255417233922106 1.0235162629572305 1.0633233398996949 1.1431956522976465
21 189 0.4701902850709534 1.1329857875059914 0.4701693268221297 0.4701693268221297 0.6614525156816433 0.7751966234047794 0.859693664992164 0.8887389738063848 1.0756305070914336 1.1329857875059914
21 189 0.33307815580380723 1.2281247912132807 0.44274612599195556 0.44274612599195556 0.6323673578333893 0.7400709331628909 0.7661973061989737 0.916111300061121 0.986996746974823 1.2281247912132807
22 198 0.5272442411121591 1.140441780490609 0.46285375238479365 0.46285375238479365 0.5021561786640864 0.7767959906337859 0.9186723825024404 0.9766572611085887 1.0980340326754836 1.140441780490609
22 198 0.3984102550480699 1.156376803069114 0.46617821455193487 0.46617821455193487 0.6257579129086128 0.793280635383958 0.8320582134707362 0.8515204256131002 1.0819340764098462 1.156376803069114
22 198 0.29914875902239546 1.2289515749672286 0.438546188763257 0.438546188763257 0.6725481245799849 0.7037336655489902 0.7545651049781743 0.8798746940881682 1.0101607312558423 1.2289515749672286
23 207 0.5749778912302423 1.1020548760819997 0.4314893196840793 0.4314893196840793 0.5004047007213929 0.8065223116908014 0.935893589941062 0.9838593186194569 1.0815694628662134 1.1020548760819997
23 207 0.40164317194623544 1.164711977906027 0.4464020521979179 0.4464020521979179 0.5915422576311411 0.7798276100293638 0.8300400646840216 0.8317988663597927 1.0783877834239153 1.164711977906027
23 207 0.26569359636520135 1.247779683108736 0.41472564538482903 0.41472564538482903 0.6536372101987021 0.7081662860266763 0.7406928893876731 0.8612924012923522 0.9790317587652007 1.247779683108736
24 216 0.5796516656809938 1.133236453899505 0.4342096597070442 0.4342096597070442 0.49189312141122193 0.851552956381051 0.9219372408867389 0.970632350167206 1.0788316226250967 1.133236453899505
24 216 0.367577718472584 1.1831356269077065 0.44224054159167386 0.44224054159167386 0.6086171382189329 0.7480780722980214 0.7757543131034116 0.8516377089376335 1.0665124887890514 1.1831356269077065
24 216 0.2522059007389361 1.2143245965987124 0.41589227093615916 0.41589227093615916 0.6513646103635777 0.7063870812630555 0.7203674430965128 0.8142059368937127 0.9543002149475988 1.2143245965987124
25 225 0.5784687632693256 1.177381579571793 0.4267916589371765 0.4267916589371765 0.4878998593171674 0.8514577488600324 0.9157230423477035 0.9186715182884105 1.0158785416598657 1.177381579571793
25 225 0.33474822171152796 1.1996320261029267 0.41387973170831166 0.41387973170831166 0.5931423924871239 0.7241027669458394 0.7656696367961815 0.8605796022794449 1.089404507761818 1.1996320261029267
25 225 0.26031066912683337 1.1911966917986632 0.4121146913437439 0.4121146913437439 0.6494397281254966 0.6828654916189678 0.6978483539619201 0.8002618128463233 0.9706764707159963 1.1911966917986632
26 234 0.5594803644926091 1.1603474907748974 0.41648309063965067 0.41648309063965067 0.4884054809238058 0.8341865971648557 0.8673360970626597 0.9221041312226419 1.048759413690274 1.1603474907748974
26 234 0.28757421573233555 1.1908096985201213 0.4082259249321164 0.4082259249321164 0.5885804501248495 0.7037857947305736 0.7497605785068374 0.8453768692409203 1.0718056492296055 1.1908096985201213
26 234 0.25605894321326 1.221675649350369 0.38305445428216905 0.38305445428216905 0.633053434999372 0.6842093105602531 0.7015265728682746 0.8242290554263657 0.977705472140823 1.221675649350369
27 243 0.5124597822899963 1.1810696307139026 0.40300121817683426 0.40300121817683426 0.45596225111069066 0.8071695427144283 0.871239704515133 0.91961088942999 1.0645639518649122 1.1810696307139026
27 243 0.2835106102843655 1.2003104495819483 0.3988082502064978 0.3988082502064978 0.5542982090356533 0.6722393390965489 0.7382091106728139 0.8406025891649992 1.0402232825767095 1.2003104495819483
27 243 0.241344484359431 1.2071393913975792 0.34810991853444684 0.34810991853444684 0.62568453082802 0.672594688712866 0.6881070793157253 0.8220154161443649 1.0136843331351846 1.2071393913975792
28 252 0.5189969556153645 1.1879189540594048 0.40468414223160826 0.40468414223160826 0.4418583982698759 0.7684321380127095 0.8311208956095647 0.8830369257565696 1.0752845836807012 1.1879189540594048
28 252 0.2858952285989066 1.1703041642250804 0.3979076892852843 0.3979076892852843 0.5519138554779768 0.6313950706161818 0.7049528420423496 0.8803475428704203 1.0480902906547207 1.1703041642250804
28 252 0.24042750426621942 1.210533029388774 0.33353433949619254 0.33353433949619254 0.6171829959968501 0.651800443992107 0.6798410408420268 0.8014911082125618 1.011916587236701 1.210533029388774
29 261 0.495949554135994 1.2138866564341761 0.3741767609484764 0.3741767609484764 0.46337122159529726 0.7570555629473611 0.8261551348173279 0.9070507601770713 1.0706354192629257 1.2138866564341761
29 261 0.26349452085412256 1.1269824848466745 0.38030419518626635 0.38030419518626635 0.572073066133531 0.6214543694784878 0.6972430058202956 0.8796153940684885 1.0581282700908694 1.1269824848466745
29 261 0.24009687961343715 1.2207929881889705 0.31720593734516944 0.31720593734516944 0.6350694476083678 0.656335228991697 0.6845591719292449 0.7999270286307969 0.972426900027607 1.2207929881889705
30 270 0.5321495242209645 1.1951577297464024 0.3671082968784548 0.3671082968784548 0.44890086515132205 0.7313592023779826 0.8385491302115524 0.9511678685542729 1.0208518084670566 1.1951577297464024
30 270 0.24721836430258642 1.0985387075721742 0.3697606557852524 0.3697606557852524 0.5409295626361038 0.6148833749609138 0.7109135051540144 0.8693967975956726 1.0454601238811392 1.0985387075721742
30 270 0.23140771171209154 1.200762543073817 0.31106820031393906 0.31106820031393906 0.6001641824970223 0.6235618787973978 0.7311896810670148 0.7799479914659317 0.973948302929967 1.200762543073817
31 279 0.4910540516386073 1.2289053739328017 0.37385734668468373 0.37385734668468373 0.4514351590129396 0.7166340019059059 0.757645579795185 0.9432855014494638 1.0710773841362515 1.2289053739328017
31 279 0.243511068080606 1.1528679468169367 0.3533081293296664 0.3533081293296664 0.5404350936881713 0.5959025693128528 0.6959857919341925 0.8558467110696257 1.0384481337717932 1.1528679468169367
31 279 0.19957499299842546 1.1911544811698334 0.3142897838604646 0.3142897838604646 0.5902968645123066 0.6220448642170076 0.6991327747607771 0.760384004242735 0.9660628931575377 1.1911544811698334
32 288 0.44640260771097756 1.2684158944366684 0.3509562843159359 0.3509562843159359 0.4433019680954859 0.7435263816845926 0.7832264401332616 0.8927768853244935 1.0791566806904123 1.2684158944366684
32 288 0.22682511213481873 1.1403990812445772 0.34235559437868923 0.34235559437868923 0.5314274447381366 0.6348945101320997 0.7009146001022595 0.8800560058052664 1.0313965958187903 1.1403990812445772
32 288 0.1862071760603557 1.1825666050454555 0.31318732309158115 0.31318732309158115 0.5437461600214302 0.5970018075623996 0.6972424621251886 0.7781827693089078 0.9621356502495819 1.1825666050454555
33 297 0.40831523789296437 1.249309630283148 0.3491510681108479 0.3491510681108479 0.42153875457115986 0.7237286264692455 0.7949989855450391 0.8995937126967029 1.0606110409491372 1.249309630283148
33 297 0.20480351533775099 1.1598943951840477 0.3382089635299399 0.3382089635299399 0.5250236778022326 0.609340023595402 0.6989537414874012 0.8563856359806336 1.02691055358722 1.1598943951840477
33 297 0.1734558243993698 1.1938733751800579 0.3088182970166736 0.3088182970166736 0.5357156163360995 0.5855958254035104 0.6762488969851012 0.7602857455262337 0.9743364750040625 1.1938733751800579
34 306 0.35252930144537054 1.2688914806641816 0.32270053808811827 0.32270053808811827 0.4018924172621206 0.6970031588874424 0.7898528400396825 0.9115455980190346 1.068703231553646 1.2688914806641816
34 306 0.22400595373576968 1.1805395388820663 0.32103714513345166 0.32103714513345166 0.4949690875229941 0.5863331455755627 0.6884651151983736 0.8535366085608698 1.0306261268502324 1.1805395388820663
34 306 0.1629396476175143 1.211226981851323 0.2953849990589186 0.2953849990589186 0.5017247880860504 0.5834342416658138 0.6613576044222437 0.7665055830121639 0.9850353310534924 1.211226981851323
35 315 0.34509392430736596 1.260605350059845 0.2991797063962136 0.2991797063962136 0.39141707439558443 0.6831716173612272 0.7599141133123131 0.9066782024602735 1.0793437541228663 1.260605350059845
35 315 0.22859965520429035 1.213157300308064 0.31738743493568444 0.31738743493568444 0.507635025672082 0.5836157049625664 0.6929021704021182 0.8368130575332948 1.1017408116531022 1.213157300308064
35 315 0.15008633449951175 1.211782225324601 0.2820289431977743 0.2820289431977743 0.49982603520155544 0.5581212073167521 0.6578926884811637 0.7700731642645449 0.9797951588893116 1.211782225324601
36 324 0.3292564606046352 1.2568080803270243 0.2862069041388105 0.2862069041388105 0.40353693206428587 0.6715955553779854 0.7688485001067416 0.8859077739238563 1.0997859151800553 1.2568080803270243
36 324 0.21815126490633324 1.2539879328134984 0.3134977964471577 0.3134977964471577 0.5177200784723837 0.5657474537017442 0.6630376097303369 0.8274107940683997 1.0851659291160465 1.2539879328134984
36 324 0.1617621130322755 1.1733994941066102 0.2771012373812148 0.2771012373812148 0.47738641954323136 0.5429583521011306 0.6463494900080875 0.8087869292194565 0.9828978988303392 1.1733994941066102
37 333 0.2871522901525763 1.238335337427813 0.2891650281210552 0.2891650281210552 0.3720731823225605 0.6726583879569561 0.7914064048496976 0.8790878062256766 1.0925101397840793 1.238335337427813
37 333 0.20387768166452694 1.2428148558089318 0.3074079935763733 0.3074079935763733 0.5214151866113104 0.562206715220544 0.6173875699568215 0.8578482978588996 1.0796049613762668 1.2428148558089318
37 333 0.1734494194576782 1.156465017572878 0.2801661770318227 0.2801661770318227 0.4386319596680261 0.5559467743957756 0.7235716208472427 0.8016082635599463 0.9742318283131172 1.156465017572878
38 342 0.2666114297945292 1.1657540919773854 0.2831828145218387 0.2831828145218387 0.3779155190112717 0.6519256155860315 0.7999609125257177 0.863459043178338 1.0839386958296866 1.1657540919773854
38 342 0.18929669589669768 1.2532589966602934 0.31320461837417946 0.31320461837417946 0.5206071808106224 0.5370765468543505 0.6140326307389683 0.8389547003624007 1.035124916444476 1.2532589966602934
38 342 0.16405357878579355 1.1637280546068063 0.26194178091322085 0.26194178091322085 0.43496108179292514 0.5798613196325472 0.7076222881091071 0.7810435645285685 1.0127036806646013 1.1637280546068063
39 351 0.2537851397100813 1.179865074292463 0.26338977748614584 0.26338977748614584 0.3575357826523725 0.6957759819941026 0.7634838210746555 0.8754472301554396 1.0747492778326098 1.179865074292463
39 351 0.17534542602550182 1.2645188861153773 0.29829180870423605 0.29829180870423605 0.49152487315976967 0.5451805826746279 0.6034423855644648 0.850142640914462 1.0109203096349553 1.2645188861153773
39 351 0.16282490789581433 1.1843704617714852 0.24351626073304652 0.24351626073304652 0.41887223458509276 0.6082760106050911 0.6952823950669118 0.7833176454443718 0.9699333022656559 1.1843704617714852
40 360 0.27446146947767647 1.1870991388329355 0.24863944771552637 0.24863944771552637 0.3644455455251413 0.6777506623086803 0.7534343475314628 0.8642596946074527 1.05945928077787 1.1870991388329355
40 360 0.17084640879418483 1.2677739701999184 0.2610071961033962 0.2610071961033962 0.49774478494171764 0.5416275682965753 0.5931659476624705 0.8425633354157314 1.0221518823292512 1.2677739701999184
40 360 0.16998301996456014 1.1906410025710024 0.23651636780313795 0.23651636780313795 0.41501468460484797 0.6035476108332931 0.6674694786401585 0.8021205245927413 0.9577095673729547 1.1906410025710024
41 369 0.2696487509103644 1.2012030155007658 0.2460993389954977 0.2460993389954977 0.3614507884130756 0.6615359586581115 0.7686286035468133 0.9226970389846096 1.0580840300942032 1.2012030155007658
41 369 0.15103665534899777 1.2683434602337358 0.25097995983618804 0.25097995983618804 0.4954936363502599 0.5157745167686401 0.5874294099802245 0.8275232657863534 1.0797782207040452 1.2683434602337358
41 369 0.17558024934157188 1.2015369891492864 0.22483830433722285 0.22483830433722285 0.41106091486473034 0.6114172616939555 0.689827088248938 0.7701944999183652 1.0070829768534866 1.2015369891492864
42 378 0.25973567309841716 1.1687812072975208 0.2396687759589634 0.2396687759589634 0.35431359190336814 0.6584844086383259 0.7682232367511189 0.9101279063094341 1.0585095744712605 1.1687812072975208
42 378 0.12962622970504772 1.2333281504249118 0.24235185078585933 0.24235185078585933 0.49156778852618505 0.5070199941780181 0.5881592611072861 0.8188043164231379 1.046395892866525 1.2333281504249118
42 378 0.15514178481315724 1.2385651716455492 0.21633333113569184 0.21633333113569184 0.4118212783963149 0.6034005590621369 0.7054133266731056 0.7655987431759207 0.9510705817834502 1.2385651716455492
43 387 0.24898089341249874 1.1591402489945244 0.22951820042664003 0.22951820042664003 0.3454978496209946 0.6433171737691581 0.7764130154148247 0.8675185807967668 1.0485620987277788 1.1591402489945244
43 387 0.1249479212459716 1.2308146094669514 0.23692142464756666 0.23692142464756666 0.4485609899091279 0.5029139546154486 0.5846714287326371 0.7875913543803961 1.0566303286224454 1.2308146094669514
43 387 0.1580972673726614 1.231855871516868 0.2064934907692142 0.2064934907692142 0.3881983716868157 0.5892656743718488 0.7013404564405905 0.7358789468847966 0.9451574957226109 1.231855871516868
44 396 0.23625582458998212 1.1690632589616972 0.23783343723583397 0.23783343723583397 0.32330425167113347 0.6513000414611627 0.7696254301174446 0.869277215902243 1.000163778219027 1.1690632589616972
44 396 0.11480670329105595 1.227162917331393 0.22580637061480996 0.22580637061480996 0.44118142175063735 0.49989231133236167 0.6273518094308643 0.7777375318512783 0.9997216980046126 1.227162917331393
44 396 0.14942505093662561 1.2233970736769633 0.20518942419340996 0.20518942419340996 0.38745156160649363 0.598307718280134 0.702747316819521 0.7484732727391618 0.9313078130794231 1.2233970736769633
45 405 0.23098099651502738 1.127434367138115 0.23855183152101542 0.23855183152101542 0.3176971555004675 0.6300300748664399 0.7527889426102757 0.8787648037741473 0.9796185479366748 1.127434367138115
45 405 0.23098099651502738 1.127434367138115 0.23855183152101542 0.23855183152101542 0.3176971555004675 0.6300300748664399 0.7527889426102757 0.8787648037741473 0.9796185479366748 1.127434367138115
45 405 0.10334357880390962 1.168313530957294 0.22344197349949846 0.22344197349949846 0.44393899169861656 0.4957274009985021 0.6261566398669801 0.7494784804810503 0.9827517045271801 1.168313530957294
45 405 0.1676439537324513 1.2613999899658788 0.194210618850759 0.194210618850759 0.3663563345331214 0.5854144035845239 0.6939555512352659 0.7148059427306622 0.95797337281014 1.2613999899658788
45 405 0.10334357880390962 1.168313530957294 0.22344197349949846 0.22344197349949846 0.44393899169861656 0.4957274009985021 0.6261566398669801 0.7494784804810503 0.9827517045271801 1.168313530957294
45 405 0.1676439537324513 1.2613999899658788 0.194210618850759 0.194210618850759 0.3663563345331214 0.5854144035845239 0.6939555512352659 0.7148059427306622 0.95797337281014 1.2613999899658788
