% # columns="iteration, evaluation, min 25%tile 75%tile max correlation, correlation matrix principal axes lengths  (sorted square roots of eigenvalues of correlation matrix)", seed=2567, Sat Aug 29 14:18:28 2026
1 9 -0.11327771559412578 -0.04053198717419233 0.0370296350379438 0.0770626422037158 0.8828105538039669 0.9689940271173254 0.9863193022900251 0.989985297474302 1.0256556514688568 1.0400682657754212 1.093200774494338
1 9 -0.11782312161930435 -0.0415551989377251 0.03405372879597957 0.07543201394471369 0.8826204926634302 0.9599186505399567 0.9911314950165212 0.9930144916636174 1.032482737496504 1.0363307037851346 1.0913825627947362
1 9 -0.1325050127065825 -0.04039915212688146 0.03848287946018298 0.0779196574472992 0.8813737367461876 0.958284316180703 0.986708442812368 0.9976456166963513 1.0297237079629735 1.0338486591645244 1.0985477746134633
2 18 -0.11327771559412578 -0.04053198717419233 0.0370296350379438 0.0770626422037158 0.8828105538039669 0.9689940271173254 0.9863193022900251 0.989985297474302 1.0256556514688568 1.0400682657754212 1.093200774494338
2 18 -0.11782312161930435 -0.0415551989377251 0.03405372879597957 0.07543201394471369 0.8826204926634302 0.9599186505399567 0.9911314950165212 0.9930144916636174 1.032482737496504 1.0363307037851346 1.0913825627947362
2 18 -0.1325050127065825 -0.04039915212688146 0.03848287946018298 0.0779196574472992 0.8813737367461876 0.958284316180703 0.986708442812368 0.9976456166963513 1.0297237079629735 1.0338486591645244 1.0985477746134633
3 27 -0.11327771559412578 -0.04053198717419233 0.0370296350379438 0.0770626422037158 0.8828105538039669 0.9689940271173254 0.9863193022900251 0.989985297474302 1.0256556514688568 1.0400682657754212 1.093200774494338
3 27 -0.1325050127065825 -0.04039915212688146 0.03848287946018298 0.0779196574472992 0.8813737367461876 0.958284316180703 0.986708442812368 0.9976456166963513 1.0297237079629735 1.0338486591645244 1.0985477746134633
3 27 -0.11782312161930435 -0.0415551989377251 0.03405372879597957 0.07543201394471369 0.8826204926634302 0.9599186505399567 0.9911314950165212 0.9930144916636174 1.032482737496504 1.0363307037851346 1.0913825627947362
4 36 -0.11327771559412578 -0.04053198717419233 0.0370296350379438 0.0770626422037158 0.8828105538039669 0.9689940271173254 0.9863193022900251 0.989985297474302 1.0256556514688568 1.0400682657754212 1.093200774494338
4 36 -0.11782312161930435 -0.0415551989377251 0.03405372879597957 0.07543201394471369 0.8826204926634302 0.9599186505399567 0.9911314950165212 0.9930144916636174 1.032482737496504 1.0363307037851346 1.0913825627947362
4 36 -0.1325050127065825 -0.04039915212688146 0.03848287946018298 0.0779196574472992 0.8813737367461876 0.958284316180703 0.986708442812368 0.9976456166963513 1.0297237079629735 1.0338486591645244 1.0985477746134633
5 45 -0.11327771559412578 -0.04053198717419233 0.0370296350379438 0.0770626422037158 0.8828105538039669 0.9689940271173254 0.9863193022900251 0.989985297474302 1.0256556514688568 1.0400682657754212 1.093200774494338
5 45 -0.1325050127065825 -0.04039915212688146 0.03848287946018298 0.0779196574472992 0.8813737367461876 0.958284316180703 0.986708442812368 0.9976456166963513 1.0297237079629735 1.0338486591645244 1.0985477746134633
5 45 -0.11782312161930435 -0.0415551989377251 0.03405372879597957 0.07543201394471369 0.8826204926634302 0.9599186505399567 0.9911314950165212 0.9930144916636174 1.032482737496504 1.0363307037851346 1.0913825627947362
6 54 -0.11327771559412578 -0.04053198717419233 0.0370296350379438 0.0770626422037158 0.8828105538039669 0.9689940271173254 0.9863193022900251 0.989985297474302 1.0256556514688568 1.0400682657754212 1.093200774494338
6 54 -0.1325050127065825 -0.04039915212688146 0.03848287946018298 0.0779196574472992 0.8813737367461876 0.958284316180703 0.986708442812368 0.9976456166963513 1.0297237079629735 1.0338486591645244 1.0985477746134633
6 54 -0.11782312161930435 -0.0415551989377251 0.03405372879597957 0.07543201394471369 0.8826204926634302 0.9599186505399567 0.9911314950165212 0.9930144916636174 1.032482737496504 1.0363307037851346 1.0913825627947362
7 63 -0.11327771559412578 -0.04053198717419233 0.0370296350379438 0.0770626422037158 0.8828105538039669 0.9689940271173254 0.9863193022900251 0.989985297474302 1.0256556514688568 1.0400682657754212 1.093200774494338
7 63 -0.1325050127065825 -0.04039915212688146 0.03848287946018298 0.0779196574472992 0.8813737367461876 0.958284316180703 0.986708442812368 0.9976456166963513 1.0297237079629735 1.0338486591645244 1.0985477746134633
7 63 -0.11782312161930435 -0.0415551989377251 0.03405372879597957 0.07543201394471369 0.8826204926634302 0.9599186505399567 0.9911314950165212 0.9930144916636174 1.032482737496504 1.0363307037851346 1.0913825627947362
8 72 -0.2747133666236543 -0.08127497996967632 0.07867121179644068 0.2822201204756678 0.7984199709493043 0.8366999798424982 0.9346481637302374 0.9853763137886318 1.0464647145327903 1.1417102045057341 1.1913582308215187
8 72 -0.1584679032369323 -0.08797248699964415 0.08150853606274054 0.4106156908343565 0.7352661810282577 0.8594625687048453 0.9162539789995956 0.9468985130251615 1.0605898718097546 1.1089565606418341 1.2766887085165048
8 72 -0.43846389277513415 -0.11400612947982987 0.0907298600651549 0.20952823155589922 0.7223215800970018 0.8159830394259228 0.9052184107819677 0.9661002415923082 1.0367381271373395 1.1576275422616542 1.2824685943168594
9 81 -0.2747133666236543 -0.08127497996967632 0.07867121179644068 0.2822201204756678 0.7984199709493043 0.8366999798424982 0.9346481637302374 0.9853763137886318 1.0464647145327903 1.1417102045057341 1.1913582308215187
9 81 -0.43846389277513415 -0.11400612947982987 0.0907298600651549 0.20952823155589922 0.7223215800970018 0.8159830394259228 0.9052184107819677 0.9661002415923082 1.0367381271373395 1.1576275422616542 1.2824685943168594
9 81 -0.1584679032369323 -0.08797248699964415 0.08150853606274054 0.4106156908343565 0.7352661810282577 0.8594625687048453 0.9162539789995956 0.9468985130251615 1.0605898718097546 1.1089565606418341 1.2766887085165048
10 90 -0.2747133666236543 -0.08127497996967632 0.07867121179644068 0.2822201204756678 0.7984199709493043 0.8366999798424982 0.9346481637302374 0.9853763137886318 1.0464647145327903 1.1417102045057341 1.1913582308215187
10 90 -0.1584679032369323 -0.08797248699964415 0.08150853606274054 0.4106156908343565 0.7352661810282577 0.8594625687048453 0.9162539789995956 0.9468985130251615 1.0605898718097546 1.1089565606418341 1.2766887085165048
10 90 -0.43846389277513415 -0.11400612947982987 0.0907298600651549 0.20952823155589922 0.7223215800970018 0.8159830394259228 0.9052184107819677 0.9661002415923082 1.0367381271373395 1.1576275422616542 1.2824685943168594
11 99 -0.2747133666236543 -0.08127497996967632 0.07867121179644068 0.2822201204756678 0.7984199709493043 0.8366999798424982 0.9346481637302374 0.9853763137886318 1.0464647145327903 1.1417102045057341 1.1913582308215187
11 99 -0.1584679032369323 -0.08797248699964415 0.08150853606274054 0.4106156908343565 0.7352661810282577 0.8594625687048453 0.9162539789995956 0.9468985130251615 1.0605898718097546 1.1089565606418341 1.2766887085165048
11 99 -0.43846389277513415 -0.11400612947982987 0.0907298600651549 0.20952823155589922 0.7223215800970018 0.8159830394259228 0.9052184107819677 0.9661002415923082 1.0367381271373395 1.1576275422616542 1.2824685943168594
12 108 -0.2747133666236543 -0.08127497996967632 0.07867121179644068 0.2822201204756678 0.7984199709493043 0.8366999798424982 0.9346481637302374 0.9853763137886318 1.0464647145327903 1.1417102045057341 1.1913582308215187
12 108 -0.1584679032369323 -0.08797248699964415 0.08150853606274054 0.4106156908343565 0.7352661810282577 0.8594625687048453 0.9162539789995956 0.9468985130251615 1.0605898718097546 1.1089565606418341 1.2766887085165048
12 108 -0.43846389277513415 -0.11400612947982987 0.0907298600651549 0.20952823155589922 0.7223215800970018 0.8159830394259228 0.9052184107819677 0.9661002415923082 1.0367381271373395 1.1576275422616542 1.2824685943168594
13 117 -0.2747133666236543 -0.08127497996967632 0.07867121179644068 0.2822201204756678 0.7984199709493043 0.8366999798424982 0.9346481637302374 0.9853763137886318 1.0464647145327903 1.1417102045057341 1.1913582308215187
13 117 -0.1584679032369323 -0.08797248699964415 0.08150853606274054 0.4106156908343565 0.7352661810282577 0.8594625687048453 0.9162539789995956 0.9468985130251615 1.0605898718097546 1.1089565606418341 1.2766887085165048
13 117 -0.43846389277513415 -0.11400612947982987 0.0907298600651549 0.20952823155589922 0.7223215800970018 0.8159830394259228 0.9052184107819677 0.9661002415923082 1.0367381271373395 1.1576275422616542 1.2824685943168594
14 126 -0.2747133666236543 -0.08127497996967632 0.07867121179644068 0.2822201204756678 0.7984199709493043 0.8366999798424982 0.9346481637302374 0.9853763137886318 1.0464647145327903 1.1417102045057341 1.1913582308215187
14 126 -0.1584679032369323 -0.08797248699964415 0.08150853606274054 0.4106156908343565 0.7352661810282577 0.8594625687048453 0.9162539789995956 0.9468985130251615 1.0605898718097546 1.1089565606418341 1.2766887085165048
14 126 -0.43846389277513415 -0.11400612947982987 0.0907298600651549 0.20952823155589922 0.7223215800970018 0.8159830394259228 0.9052184107819677 0.9661002415923082 1.0367381271373395 1.1576275422616542 1.2824685943168594
15 135 -0.1802884565650436 -0.14226403088035355 0.10542295165271712 0.2932780500862876 0.7672916877299463 0.7849314601818261 0.8375753495999146 0.994438532521312 1.0633997211948372 1.187155986230287 1.2508186538651935
15 135 -0.16466016915512893 -0.05489816510745466 0.06270911289658651 0.31087578198049365 0.7184052145406866 0.8626430080561532 0.951337598837038 0.9846812306559583 1.0563119709675475 1.1381827110665732 1.2057552702042096
15 135 -0.22121681515440697 -0.03722845218998041 0.08035111095664045 0.2551728294395551 0.7402588007523776 0.8844250337479814 0.9469770482876886 1.0024602128265268 1.036475798810435 1.1257430068537222 1.194377603735467
16 144 -0.1802884565650436 -0.14226403088035355 0.10542295165271712 0.2932780500862876 0.7672916877299463 0.7849314601818261 0.8375753495999146 0.994438532521312 1.0633997211948372 1.187155986230287 1.2508186538651935
16 144 -0.16466016915512893 -0.05489816510745466 0.06270911289658651 0.31087578198049365 0.7184052145406866 0.8626430080561532 0.951337598837038 0.9846812306559583 1.0563119709675475 1.1381827110665732 1.2057552702042096
16 144 -0.22121681515440697 -0.03722845218998041 0.08035111095664045 0.2551728294395551 0.7402588007523776 0.8844250337479814 0.9469770482876886 1.0024602128265268 1.036475798810435 1.1257430068537222 1.194377603735467
17 153 -0.1802884565650436 -0.14226403088035355 0.10542295165271712 0.2932780500862876 0.7672916877299463 0.7849314601818261 0.8375753495999146 0.994438532521312 1.0633997211948372 1.187155986230287 1.2508186538651935
17 153 -0.16466016915512893 -0.05489816510745466 0.06270911289658651 0.31087578198049365 0.7184052145406866 0.8626430080561532 0.951337598837038 0.9846812306559583 1.0563119709675475 1.1381827110665732 1.2057552702042096
17 153 -0.22121681515440697 -0.03722845218998041 0.08035111095664045 0.2551728294395551 0.7402588007523776 0.8844250337479814 0.9469770482876886 1.0024602128265268 1.036475798810435 1.1257430068537222 1.194377603735467
18 162 -0.1802884565650436 -0.14226403088035355 0.10542295165271712 0.2932780500862876 0.7672916877299463 0.7849314601818261 0.8375753495999146 0.994438532521312 1.0633997211948372 1.187155986230287 1.2508186538651935
18 162 -0.22121681515440697 -0.03722845218998041 0.08035111095664045 0.2551728294395551 0.7402588007523776 0.8844250337479814 0.9469770482876886 1.0024602128265268 1.036475798810435 1.1257430068537222 1.194377603735467
18 162 -0.16466016915512893 -0.05489816510745466 0.06270911289658651 0.31087578198049365 0.7184052145406866 0.8626430080561532 0.951337598837038 0.9846812306559583 1.0563119709675475 1.1381827110665732 1.2057552702042096
19 171 -0.1802884565650436 -0.14226403088035355 0.10542295165271712 0.2932780500862876 0.7672916877299463 0.7849314601818261 0.8375753495999146 0.994438532521312 1.0633997211948372 1.187155986230287 1.2508186538651935
19 171 -0.22121681515440697 -0.03722845218998041 0.08035111095664045 0.2551728294395551 0.7402588007523776 0.8844250337479814 0.9469770482876886 1.0024602128265268 1.036475798810435 1.1257430068537222 1.194377603735467
19 171 -0.16466016915512893 -0.05489816510745466 0.06270911289658651 0.31087578198049365 0.7184052145406866 0.8626430080561532 0.951337598837038 0.9846812306559583 1.0563119709675475 1.1381827110665732 1.2057552702042096
20 180 -0.1802884565650436 -0.14226403088035355 0.10542295165271712 0.2932780500862876 0.7672916877299463 0.7849314601818261 0.8375753495999146 0.994438532521312 1.0633997211948372 1.187155986230287 1.2508186538651935
20 180 -0.22121681515440697 -0.03722845218998041 0.08035111095664045 0.2551728294395551 0.7402588007523776 0.8844250337479814 0.9469770482876886 1.0024602128265268 1.036475798810435 1.1257430068537222 1.194377603735467
20 180 -0.16466016915512893 -0.05489816510745466 0.06270911289658651 0.31087578198049365 0.7184052145406866 0.8626430080561532 0.951337598837038 0.9846812306559583 1.0563119709675475 1.1381827110665732 1.2057552702042096
21 189 -0.1802884565650436 -0.14226403088035355 0.10542295165271712 0.2932780500862876 0.7672916877299463 0.7849314601818261 0.8375753495999146 0.994438532521312 1.0633997211948372 1.187155986230287 1.2508186538651935
21 189 -0.22121681515440697 -0.03722845218998041 0.08035111095664045 0.2551728294395551 0.7402588007523776 0.8844250337479814 0.9469770482876886 1.0024602128265268 1.036475798810435 1.1257430068537222 1.194377603735467
21 189 -0.16466016915512893 -0.05489816510745466 0.06270911289658651 0.31087578198049365 0.7184052145406866 0.8626430080561532 0.951337598837038 0.9846812306559583 1.0563119709675475 1.1381827110665732 1.2057552702042096
22 198 -0.26913214547544656 -0.10066115881637727 0.1154497450983342 0.25034791303952897 0.7833796532913646 0.8170568265013157 0.8747528825667655 0.9904084517060555 1.0776832561452494 1.14627446948758 1.223636626753297
22 198 -0.27977806600947075 -0.12223068217731793 0.12831150900888674 0.30531582013191344 0.6966965933693743 0.7884693284159955 0.9142110636328236 0.9806867607169505 1.0533189725905086 1.1410390052915222 1.2976712656928107
22 198 -0.2696594749780642 -0.11723036573662321 0.143799979235334 0.3371117726567998 0.7332544828785406 0.8357607968822016 0.8635026647744344 0.9543958604571454 1.028517355705257 1.0963346142493895 1.35924093001012
23 207 -0.26913214547544656 -0.10066115881637727 0.1154497450983342 0.25034791303952897 0.7833796532913646 0.8170568265013157 0.8747528825667655 0.9904084517060555 1.0776832561452494 1.14627446948758 1.223636626753297
23 207 -0.27977806600947075 -0.12223068217731793 0.12831150900888674 0.30531582013191344 0.6966965933693743 0.7884693284159955 0.9142110636328236 0.9806867607169505 1.0533189725905086 1.1410390052915222 1.2976712656928107
23 207 -0.2696594749780642 -0.11723036573662321 0.143799979235334 0.3371117726567998 0.7332544828785406 0.8357607968822016 0.8635026647744344 0.9543958604571454 1.028517355705257 1.0963346142493895 1.35924093001012
24 216 -0.26913214547544656 -0.10066115881637727 0.1154497450983342 0.25034791303952897 0.7833796532913646 0.8170568265013157 0.8747528825667655 0.9904084517060555 1.0776832561452494 1.14627446948758 1.223636626753297
24 216 -0.27977806600947075 -0.12223068217731793 0.12831150900888674 0.30531582013191344 0.6966965933693743 0.7884693284159955 0.9142110636328236 0.9806867607169505 1.0533189725905086 1.1410390052915222 1.2976712656928107
24 216 -0.2696594749780642 -0.11723036573662321 0.143799979235334 0.3371117726567998 0.7332544828785406 0.8357607968822016 0.8635026647744344 0.9543958604571454 1.028517355705257 1.0963346142493895 1.35924093001012
25 225 -0.26913214547544656 -0.10066115881637727 0.1154497450983342 0.25034791303952897 0.7833796532913646 0.8170568265013157 0.8747528825667655 0.9904084517060555 1.0776832561452494 1.14627446948758 1.223636626753297
25 225 -0.27977806600947075 -0.12223068217731793 0.12831150900888674 0.30531582013191344 0.6966965933693743 0.7884693284159955 0.9142110636328236 0.9806867607169505 1.0533189725905086 1.1410390052915222 1.2976712656928107
25 225 -0.2696594749780642 -0.11723036573662321 0.143799979235334 0.3371117726567998 0.7332544828785406 0.8357607968822016 0.8635026647744344 0.9543958604571454 1.028517355705257 1.0963346142493895 1.35924093001012
26 234 -0.26913214547544656 -0.10066115881637727 0.1154497450983342 0.25034791303952897 0.7833796532913646 0.8170568265013157 0.8747528825667655 0.9904084517060555 1.0776832561452494 1.14627446948758 1.223636626753297
26 234 -0.27977806600947075 -0.12223068217731793 0.12831150900888674 0.30531582013191344 0.6966965933693743 0.7884693284159955 0.9142110636328236 0.9806867607169505 1.0533189725905086 1.1410390052915222 1.2976712656928107
26 234 -0.2696594749780642 -0.11723036573662321 0.143799979235334 0.3371117726567998 0.7332544828785406 0.8357607968822016 0.8635026647744344 0.9543958604571454 1.028517355705257 1.0963346142493895 1.35924093001012
27 243 -0.26913214547544656 -0.10066115881637727 0.1154497450983342 0.25034791303952897 0.7833796532913646 0.8170568265013157 0.8747528825667655 0.9904084517060555 1.0776832561452494 1.14627446948758 1.223636626753297
27 243 -0.27977806600947075 -0.12223068217731793 0.12831150900888674 0.30531582013191344 0.6966965933693743 0.7884693284159955 0.9142110636328236 0.9806867607169505 1.0533189725905086 1.1410390052915222 1.2976712656928107
27 243 -0.2696594749780642 -0.11723036573662321 0.143799979235334 0.3371117726567998 0.7332544828785406 0.8357607968822016 0.8635026647744344 0.9543958604571454 1.028517355705257 1.0963346142493895 1.35924093001012
28 252 -0.26913214547544656 -0.10066115881637727 0.1154497450983342 0.25034791303952897 0.7833796532913646 0.8170568265013157 0.8747528825667655 0.9904084517060555 1.0776832561452494 1.14627446948758 1.223636626753297
28 252 -0.27977806600947075 -0.12223068217731793 0.12831150900888674 0.30531582013191344 0.6966965933693743 0.7884693284159955 0.9142110636328236 0.9806867607169505 1.0533189725905086 1.1410390052915222 1.2976712656928107
28 252 -0.2696594749780642 -0.11723036573662321 0.143799979235334 0.3371117726567998 0.7332544828785406 0.8357607968822016 0.8635026647744344 0.9543958604571454 1.028517355705257 1.0963346142493895 1.35924093001012
29 261 -0.26412930614427044 -0.1212922546068952 0.026086846950017256 0.23305496386505384 0.6792614063246586 0.8123751105431071 0.9120331041119781 0.9969590332333534 1.0764326584654753 1.1697542153519516 1.2352678787054652
29 261 -0.30966236776235356 -0.15502880547090683 0.10319135617446526 0.3488783027186528 0.6781391456607805 0.7724792892154559 0.8237714410098119 0.9897528234809455 1.1030952916496637 1.2138080679612389 1.2629504186373712
29 261 -0.510001957222829 -0.13892641296140595 0.18274329626443875 0.2737965845365998 0.6656438686477749 0.7008514948484651 0.8371880212453077 0.9862319482010171 1.0971632907391442 1.1526509168841557 1.3637509893642077
30 270 -0.26412930614427044 -0.1212922546068952 0.026086846950017256 0.23305496386505384 0.6792614063246586 0.8123751105431071 0.9120331041119781 0.9969590332333534 1.0764326584654753 1.1697542153519516 1.2352678787054652
30 270 -0.30966236776235356 -0.15502880547090683 0.10319135617446526 0.3488783027186528 0.6781391456607805 0.7724792892154559 0.8237714410098119 0.9897528234809455 1.1030952916496637 1.2138080679612389 1.2629504186373712
30 270 -0.510001957222829 -0.13892641296140595 0.18274329626443875 0.2737965845365998 0.6656438686477749 0.7008514948484651 0.8371880212453077 0.9862319482010171 1.0971632907391442 1.1526509168841557 1.3637509893642077
31 279 -0.26412930614427044 -0.1212922546068952 0.026086846950017256 0.23305496386505384 0.6792614063246586 0.8123751105431071 0.9120331041119781 0.9969590332333534 1.0764326584654753 1.1697542153519516 1.2352678787054652
31 279 -0.30966236776235356 -0.15502880547090683 0.10319135617446526 0.3488783027186528 0.6781391456607805 0.7724792892154559 0.8237714410098119 0.9897528234809455 1.1030952916496637 1.2138080679612389 1.2629504186373712
31 279 -0.510001957222829 -0.13892641296140595 0.18274329626443875 0.2737965845365998 0.6656438686477749 0.7008514948484651 0.8371880212453077 0.9862319482010171 1.0971632907391442 1.1526509168841557 1.3637509893642077
32 288 -0.26412930614427044 -0.1212922546068952 0.026086846950017256 0.23305496386505384 0.6792614063246586 0.8123751105431071 0.9120331041119781 0.9969590332333534 1.0764326584654753 1.1697542153519516 1.2352678787054652
32 288 -0.30966236776235356 -0.15502880547090683 0.10319135617446526 0.3488783027186528 0.6781391456607805 0.7724792892154559 0.8237714410098119 0.9897528234809455 1.1030952916496637 1.2138080679612389 1.2629504186373712
32 288 -0.510001957222829 -0.13892641296140595 0.18274329626443875 0.2737965845365998 0.6656438686477749 0.7008514948484651 0.8371880212453077 0.9862319482010171 1.0971632907391442 1.1526509168841557 1.3637509893642077
33 297 -0.26412930614427044 -0.1212922546068952 0.026086846950017256 0.23305496386505384 0.6792614063246586 0.8123751105431071 0.9120331041119781 0.9969590332333534 1.0764326584654753 1.1697542153519516 1.2352678787054652
33 297 -0.30966236776235356 -0.15502880547090683 0.10319135617446526 0.3488783027186528 0.6781391456607805 0.7724792892154559 0.8237714410098119 0.9897528234809455 1.1030952916496637 1.2138080679612389 1.2629504186373712
33 297 -0.510001957222829 -0.13892641296140595 0.18274329626443875 0.2737965845365998 0.6656438686477749 0.7008514948484651 0.8371880212453077 0.9862319482010171 1.0971632907391442 1.1526509168841557 1.3637509893642077
34 306 -0.26412930614427044 -0.1212922546068952 0.026086846950017256 0.23305496386505384 0.6792614063246586 0.8123751105431071 0.9120331041119781 0.9969590332333534 1.0764326584654753 1.1697542153519516 1.2352678787054652
34 306 -0.30966236776235356 -0.15502880547090683 0.10319135617446526 0.3488783027186528 0.6781391456607805 0.7724792892154559 0.8237714410098119 0.9897528234809455 1.1030952916496637 1.2138080679612389 1.2629504186373712
34 306 -0.510001957222829 -0.13892641296140595 0.18274329626443875 0.2737965845365998 0.6656438686477749 0.7008514948484651 0.8371880212453077 0.9862319482010171 1.0971632907391442 1.1526509168841557 1.3637509893642077
35 315 -0.26412930614427044 -0.1212922546068952 0.026086846950017256 0.23305496386505384 0.6792614063246586 0.8123751105431071 0.9120331041119781 0.9969590332333534 1.0764326584654753 1.1697542153519516 1.2352678787054652
35 315 -0.30966236776235356 -0.15502880547090683 0.10319135617446526 0.3488783027186528 0.6781391456607805 0.7724792892154559 0.8237714410098119 0.9897528234809455 1.1030952916496637 1.2138080679612389 1.2629504186373712
35 315 -0.510001957222829 -0.13892641296140595 0.18274329626443875 0.2737965845365998 0.6656438686477749 0.7008514948484651 0.8371880212453077 0.9862319482010171 1.0971632907391442 1.1526509168841557 1.3637509893642077
36 324 -0.3574030799009879 -0.13876504518004065 0.15204864903974646 0.33778821945416393 0.6269688187448377 0.7124914622616629 0.8253650549165199 0.9567011081536598 1.1223540457042984 1.1445517193873327 1.3903540160854155
36 324 -0.36179932063203335 -0.13123411025021942 0.05025129198004283 0.4966524445892218 0.6285366268424921 0.7737657342131591 0.8492333411828425 1.0028878004804296 1.0582329764723097 1.1979774767522515 1.3131032030449281
36 324 -0.4962920128292425 -0.17837016205007944 0.12306667610295123 0.46546008195196636 0.612864172956104 0.661776784034068 0.8727522102563163 0.9270231320267426 1.0442462885205928 1.1395448780684283 1.475251790569792
37 333 -0.3574030799009879 -0.13876504518004065 0.15204864903974646 0.33778821945416393 0.6269688187448377 0.7124914622616629 0.8253650549165199 0.9567011081536598 1.1223540457042984 1.1445517193873327 1.3903540160854155
37 333 -0.36179932063203335 -0.13123411025021942 0.05025129198004283 0.4966524445892218 0.6285366268424921 0.7737657342131591 0.8492333411828425 1.0028878004804296 1.0582329764723097 1.1979774767522515 1.3131032030449281
37 333 -0.4962920128292425 -0.17837016205007944 0.12306667610295123 0.46546008195196636 0.612864172956104 0.661776784034068 0.8727522102563163 0.9270231320267426 1.0442462885205928 1.1395448780684283 1.475251790569792
38 342 -0.3574030799009879 -0.13876504518004065 0.15204864903974646 0.33778821945416393 0.6269688187448377 0.7124914622616629 0.8253650549165199 0.9567011081536598 1.1223540457042984 1.1445517193873327 1.3903540160854155
38 342 -0.36179932063203335 -0.13123411025021942 0.05025129198004283 0.4966524445892218 0.6285366268424921 0.7737657342131591 0.8492333411828425 1.0028878004804296 1.0582329764723097 1.1979774767522515 1.3131032030449281
38 342 -0.4962920128292425 -0.17837016205007944 0.12306667610295123 0.46546008195196636 0.612864172956104 0.661776784034068 0.8727522102563163 0.9270231320267426 1.0442462885205928 1.1395448780684283 1.475251790569792
39 351 -0.3574030799009879 -0.13876504518004065 0.15204864903974646 0.33778821945416393 0.6269688187448377 0.7124914622616629 0.8253650549165199 0.9567011081536598 1.1223540457042984 1.1445517193873327 1.3903540160854155
39 351 -0.36179932063203335 -0.13123411025021942 0.05025129198004283 0.4966524445892218 0.6285366268424921 0.7737657342131591 0.8492333411828425 1.0028878004804296 1.0582329764723097 1.1979774767522515 1.3131032030449281
39 351 -0.4962920128292425 -0.17837016205007944 0.12306667610295123 0.46546008195196636 0.612864172956104 0.661776784034068 0.8727522102563163 0.9270231320267426 1.0442462885205928 1.1395448780684283 1.475251790569792
40 360 -0.3574030799009879 -0.13876504518004065 0.15204864903974646 0.33778821945416393 0.6269688187448377 0.7124914622616629 0.8253650549165199 0.9567011081536598 1.1223540457042984 1.1445517193873327 1.3903540160854155
40 360 -0.36179932063203335 -0.13123411025021942 0.05025129198004283 0.4966524445892218 0.6285366268424921 0.7737657342131591 0.8492333411828425 1.0028878004804296 1.0582329764723097 1.1979774767522515 1.3131032030449281
40 360 -0.4962920128292425 -0.17837016205007944 0.12306667610295123 0.46546008195196636 0.612864172956104 0.661776784034068 0.8727522102563163 0.9270231320267426 1.0442462885205928 1.1395448780684283 1.475251790569792
41 369 -0.3574030799009879 -0.13876504518004065 0.15204864903974646 0.33778821945416393 0.6269688187448377 0.7124914622616629 0.8253650549165199 0.9567011081536598 1.1223540457042984 1.1445517193873327 1.3903540160854155
41 369 -0.36179932063203335 -0.13123411025021942 0.05025129198004283 0.4966524445892218 0.6285366268424921 0.7737657342131591 0.8492333411828425 1.0028878004804296 1.0582329764723097 1.1979774767522515 1.3131032030449281
41 369 -0.4962920128292425 -0.17837016205007944 0.12306667610295123 0.46546008195196636 0.612864172956104 0.661776784034068 0.8727522102563163 0.9270231320267426 1.0442462885205928 1.1395448780684283 1.475251790569792
42 378 -0.3574030799009879 -0.13876504518004065 0.15204864903974646 0.33778821945416393 0.6269688187448377 0.7124914622616629 0.8253650549165199 0.9567011081536598 1.1223540457042984 1.1445517193873327 1.3903540160854155
42 378 -0.36179932063203335 -0.13123411025021942 0.05025129198004283 0.4966524445892218 0.6285366268424921 0.7737657342131591 0.8492333411828425 1.0028878004804296 1.0582329764723097 1.1979774767522515 1.3131032030449281
42 378 -0.4962920128292425 -0.17837016205007944 0.12306667610295123 0.46546008195196636 0.612864172956104 0.661776784034068 0.8727522102563163 0.9270231320267426 1.0442462885205928 1.1395448780684283 1.475251790569792
43 387 -0.4172914544380358 -0.07597353494538361 0.21520148150356147 0.36746455537301065 0.6613532231145332 0.7337482279013416 0.8020635183898928 0.9097492379506061 1.0820651650166848 1.1100049157977783 1.4663901098978263
43 387 -0.2950580449818895 -0.09775482748984532 0.17829770710065684 0.5219468944842169 0.6148647744686242 0.7648025172284761 0.8761861364295803 0.9624032983774146 1.0362066237163399 1.2229314994417826 1.3318447901309571
43 387 -0.6730980816922822 -0.2736723024553702 0.287059188404566 0.5342823478550442 0.49870143253860616 0.5696665824208991 0.7110967630348105 0.9044362449982614 1.0373756353896824 1.14615830530407 1.6472055939299288
44 396 -0.4172914544380358 -0.07597353494538361 0.21520148150356147 0.36746455537301065 0.6613532231145332 0.7337482279013416 0.8020635183898928 0.9097492379506061 1.0820651650166848 1.1100049157977783 1.4663901098978263
44 396 -0.2950580449818895 -0.09775482748984532 0.17829770710065684 0.5219468944842169 0.6148647744686242 0.7648025172284761 0.8761861364295803 0.9624032983774146 1.0362066237163399 1.2229314994417826 1.3318447901309571
44 396 -0.6730980816922822 -0.2736723024553702 0.287059188404566 0.5342823478550442 0.49870143253860616 0.5696665824208991 0.7110967630348105 0.9044362449982614 1.0373756353896824 1.14615830530407 1.6472055939299288
45 405 -0.4172914544380358 -0.07597353494538361 0.21520148150356147 0.36746455537301065 0.6613532231145332 0.7337482279013416 0.8020635183898928 0.9097492379506061 1.0820651650166848 1.1100049157977783 1.4663901098978263
45 405 -0.4172914544380358 -0.07597353494538361 0.21520148150356147 0.36746455537301065 0.6613532231145332 0.7337482279013416 0.8020635183898928 0.9097492379506061 1.0820651650166848 1.1100049157977783 1.4663901098978263
45 405 -0.2950580449818895 -0.09775482748984532 0.17829770710065684 0.5219468944842169 0.6148647744686242 0.7648025172284761 0.8761861364295803 0.9624032983774146 1.0362066237163399 1.2229314994417826 1.3318447901309571
45 405 -0.6730980816922822 -0.2736723024553702 0.287059188404566 0.5342823478550442 0.49870143253860616 0.5696665824208991 0.7110967630348105 0.9044362449982614 1.0373756353896824 1.14615830530407 1.6472055939299288
45 405 -0.2950580449818895 -0.09775482748984532 0.17829770710065684 0.5219468944842169 0.6148647744686242 0.7648025172284761 0.8761861364295803 0.9624032983774146 1.0362066237163399 1.2229314994417826 1.3318447901309571
45 405 -0.6730980816922822 -0.2736723024553702 0.287059188404566 0.5342823478550442 0.49870143253860616 0.5696665824208991 0.7110967630348105 0.9044362449982614 1.0373756353896824 1.14615830530407 1.6472055939299288
