% # columns="iteration, evaluation, min 25%tile 75%tile max correlation, correlation matrix principal axes lengths  (sorted square roots of eigenvalues of correlation matrix)", seed=2567, Sat Aug 29 14:18:28 2026
1 9 -0.07977129855482118 -0.04345127708497163 0.04777053651831474 0.11796018021046456 0.9066162918195944 0.9585824211624502 0.9627050133051307 0.9985862873332764 1.0048145153089354 1.0313820735615749 1.123294232831732
1 9 -0.08276525193838165 -0.04412656649459378 0.0424020395360635 0.11366156773230116 0.9057391923836091 0.9562158155008141 0.9676186653241781 1.0031337521011456 1.0076478053167208 1.0226653163543875 1.1231768225191927
1 9 -0.08057545606698485 -0.04595055705754926 0.04652808836921288 0.1311932184648637 0.8995220002156665 0.9601530878758341 0.9662589623679785 0.9987499295173698 1.0041896892668123 1.0324755624374513 1.124013209816862
2 18 -0.11209299848048752 -0.059747356172072 0.07510605218367329 0.14384750801597357 0.9057391923836091 0.9562158155008141 0.9676186653241781 1.0031337521011456 1.0076478053167208 1.0226653163543875 1.1231768225191927
2 18 -0.13219422001462902 -0.055296204942859396 0.053804797246874765 0.15489505018560792 0.9066162918195944 0.9585824211624502 0.9627050133051307 0.9985862873332764 1.0048145153089354 1.0313820735615749 1.123294232831732
2 18 -0.15007114266010932 -0.03403435639938655 0.033278581648302094 0.15592611928092404 0.8995220002156665 0.9601530878758341 0.9662589623679785 0.9987499295173698 1.0041896892668123 1.0324755624374513 1.124013209816862
3 27 -0.13449109230314804 -0.04161249808208238 0.07963281298569815 0.16108911769038375 0.9057391923836091 0.9562158155008141 0.9676186653241781 1.0031337521011456 1.0076478053167208 1.0226653163543875 1.1231768225191927
3 27 -0.16283391224240212 -0.03760140222495971 0.03703287846758925 0.1995469947849372 0.8995220002156665 0.9601530878758341 0.9662589623679785 0.9987499295173698 1.0041896892668123 1.0324755624374513 1.124013209816862
3 27 -0.1891662669610929 -0.06719233593086567 0.07933018272452047 0.2473973861204698 0.9066162918195944 0.9585824211624502 0.9627050133051307 0.9985862873332764 1.0048145153089354 1.0313820735615749 1.123294232831732
4 36 -0.17465861405111374 -0.06380189405688184 0.07941664131241737 0.21328647972416642 0.9057391923836091 0.9562158155008141 0.9676186653241781 1.0031337521011456 1.0076478053167208 1.0226653163543875 1.1231768225191927
4 36 -0.2500031635628537 -0.06241704352370104 0.02454740878456223 0.17604793162332485 0.8995220002156665 0.9601530878758341 0.9662589623679785 0.9987499295173698 1.0041896892668123 1.0324755624374513 1.124013209816862
4 36 -0.16578791088583814 -0.0737624687222602 0.08380916659959778 0.36178321825396065 0.9066162918195944 0.9585824211624502 0.9627050133051307 0.9985862873332764 1.0048145153089354 1.0313820735615749 1.123294232831732
5 45 -0.2285989410179166 -0.06632946614906018 0.06689964330610218 0.17336738098454735 0.9057391923836091 0.9562158155008141 0.9676186653241781 1.0031337521011456 1.0076478053167208 1.0226653163543875 1.1231768225191927
5 45 -0.32349026404026293 -0.06913373815604153 0.044701281403143084 0.15139304559014685 0.8995220002156665 0.9601530878758341 0.9662589623679785 0.9987499295173698 1.0041896892668123 1.0324755624374513 1.124013209816862
5 45 -0.19262720299043654 -0.04403272164401245 0.06117810993296973 0.3985525031659637 0.9066162918195944 0.9585824211624502 0.9627050133051307 0.9985862873332764 1.0048145153089354 1.0313820735615749 1.123294232831732
6 54 -0.2749496715373128 -0.08648223154159532 0.08165525103016233 0.194362467039235 0.9057391923836091 0.9562158155008141 0.9676186653241781 1.0031337521011456 1.0076478053167208 1.0226653163543875 1.1231768225191927
6 54 -0.35215973294169733 -0.058527316574379706 0.047117348510621895 0.14906646521510442 0.8995220002156665 0.9601530878758341 0.9662589623679785 0.9987499295173698 1.0041896892668123 1.0324755624374513 1.124013209816862
6 54 -0.20369588474384964 -0.07750091265304396 0.08388791663179485 0.4361951720155997 0.9066162918195944 0.9585824211624502 0.9627050133051307 0.9985862873332764 1.0048145153089354 1.0313820735615749 1.123294232831732
7 63 -0.2963550924021671 -0.06333773823763598 0.06463659849743902 0.2550160562827842 0.9057391923836091 0.9562158155008141 0.9676186653241781 1.0031337521011456 1.0076478053167208 1.0226653163543875 1.1231768225191927
7 63 -0.3949787627801551 -0.07842880837851551 0.07101962124181224 0.1016760704758913 0.8995220002156665 0.9601530878758341 0.9662589623679785 0.9987499295173698 1.0041896892668123 1.0324755624374513 1.124013209816862
7 63 -0.17563356383432424 -0.08824991638170925 0.09481271206913681 0.45946529199177805 0.9066162918195944 0.9585824211624502 0.9627050133051307 0.9985862873332764 1.0048145153089354 1.0313820735615749 1.123294232831732
8 72 -0.28268677827296357 -0.07095023905155243 0.061370388822787114 0.2816430534055537 0.8011217619959291 0.831378206550808 0.9332630894173451 0.9907754356883518 1.0509551556919017 1.135596049119446 1.1917689021138136
8 72 -0.4026577599876191 -0.09006363999026923 0.07117772974554915 0.1223349185734044 0.7166541471353939 0.8557236827818686 0.9218398517440858 1.0137473786242779 1.054931462218561 1.1098722849708134 1.2377295638643353
8 72 -0.18469491164135138 -0.08568543654713809 0.07622094705197272 0.41547499894143125 0.6986494067227184 0.8250717376489454 0.9284360613364636 0.9881405894148806 1.0594732853116184 1.1504713014455858 1.2436488379124135
9 81 -0.24813991266423924 -0.06363397009064588 0.07061721352577352 0.19736266234333516 0.8011217619959291 0.831378206550808 0.9332630894173451 0.9907754356883518 1.0509551556919017 1.135596049119446 1.1917689021138136
9 81 -0.1749831240568861 -0.0815760505684593 0.080080435193244 0.3866834542667974 0.6986494067227184 0.8250717376489454 0.9284360613364636 0.9881405894148806 1.0594732853116184 1.1504713014455858 1.2436488379124135
9 81 -0.3778322716786555 -0.10830462756006462 0.08390570363684932 0.20060843614778492 0.7166541471353939 0.8557236827818686 0.9218398517440858 1.0137473786242779 1.054931462218561 1.1098722849708134 1.2377295638643353
10 90 -0.2361124726839629 -0.06351832045963891 0.07333641841356055 0.12099697749067041 0.8011217619959291 0.831378206550808 0.9332630894173451 0.9907754356883518 1.0509551556919017 1.135596049119446 1.1917689021138136
10 90 -0.3689687343625383 -0.08450179554020232 0.03880913604919549 0.21530130266181408 0.7166541471353939 0.8557236827818686 0.9218398517440858 1.0137473786242779 1.054931462218561 1.1098722849708134 1.2377295638643353
10 90 -0.17320754778346498 -0.10155742195155085 0.07897551447975083 0.4134033984024202 0.6986494067227184 0.8250717376489454 0.9284360613364636 0.9881405894148806 1.0594732853116184 1.1504713014455858 1.2436488379124135
11 99 -0.2155303991249382 -0.08880412560829766 0.06693724320585155 0.14148454535807456 0.8011217619959291 0.831378206550808 0.9332630894173451 0.9907754356883518 1.0509551556919017 1.135596049119446 1.1917689021138136
11 99 -0.38760281230731053 -0.11786952664847783 0.07401168878243429 0.2119536455516085 0.7166541471353939 0.8557236827818686 0.9218398517440858 1.0137473786242779 1.054931462218561 1.1098722849708134 1.2377295638643353
11 99 -0.187104214532444 -0.11350586472078922 0.07070894080099274 0.3988541914918273 0.6986494067227184 0.8250717376489454 0.9284360613364636 0.9881405894148806 1.0594732853116184 1.1504713014455858 1.2436488379124135
12 108 -0.23454589634174194 -0.08196643967037388 0.08232649622688931 0.11155639166053484 0.8011217619959291 0.831378206550808 0.9332630894173451 0.9907754356883518 1.0509551556919017 1.135596049119446 1.1917689021138136
12 108 -0.18061967171758145 -0.08211255553290057 0.07703623457553242 0.31366025039752526 0.6986494067227184 0.8250717376489454 0.9284360613364636 0.9881405894148806 1.0594732853116184 1.1504713014455858 1.2436488379124135
12 108 -0.38094369729566985 -0.12506399632162202 0.0714184859530678 0.22305890604647802 0.7166541471353939 0.8557236827818686 0.9218398517440858 1.0137473786242779 1.054931462218561 1.1098722849708134 1.2377295638643353
13 117 -0.24867272308647065 -0.08680880069632638 0.06798993693399488 0.160956454675028 0.8011217619959291 0.831378206550808 0.9332630894173451 0.9907754356883518 1.0509551556919017 1.135596049119446 1.1917689021138136
13 117 -0.3773309870295339 -0.11072642649971902 0.06502628189804825 0.19979391867433555 0.7166541471353939 0.8557236827818686 0.9218398517440858 1.0137473786242779 1.054931462218561 1.1098722849708134 1.2377295638643353
13 117 -0.24434705822372552 -0.0890370577597307 0.05149541019639185 0.26861706177572975 0.6986494067227184 0.8250717376489454 0.9284360613364636 0.9881405894148806 1.0594732853116184 1.1504713014455858 1.2436488379124135
14 126 -0.2844431954967058 -0.12242432476701906 0.07654295407535443 0.1666681466131285 0.8011217619959291 0.831378206550808 0.9332630894173451 0.9907754356883518 1.0509551556919017 1.135596049119446 1.1917689021138136
14 126 -0.35774370921149096 -0.09086966037360465 0.0700306013640371 0.21441349769320814 0.7166541471353939 0.8557236827818686 0.9218398517440858 1.0137473786242779 1.054931462218561 1.1098722849708134 1.2377295638643353
14 126 -0.1863775196901923 -0.11503617441402911 0.05105573592265463 0.19314939868196346 0.6986494067227184 0.8250717376489454 0.9284360613364636 0.9881405894148806 1.0594732853116184 1.1504713014455858 1.2436488379124135
15 135 -0.3055869280921432 -0.11285479700510052 0.12601503203251652 0.18082620616936113 0.7467807970594312 0.787663886399683 0.8794807839038622 0.9476020185858616 1.1169997881802998 1.1946204982151674 1.214768021792716
15 135 -0.339726417139563 -0.1129349671196381 0.07905636292267888 0.20073573620368595 0.7808854412698373 0.8237059700065426 0.9020354847200678 0.9909598555097787 0.9984591265025464 1.1028290854066196 1.3049537665171254
15 135 -0.276402620180118 -0.111962781245069 0.03847790558811557 0.23502054844265824 0.7845004394169429 0.8594116707778301 0.927861462212281 0.963332646515721 1.0166889618640225 1.0957577397580516 1.2738494771235616
16 144 -0.271590368834334 -0.14112245732070136 0.12367691731844394 0.2148731206432761 0.7467807970594312 0.787663886399683 0.8794807839038622 0.9476020185858616 1.1169997881802998 1.1946204982151674 1.214768021792716
16 144 -0.3342952831340941 -0.12149498604369241 0.110748577129732 0.2007658137183121 0.7808854412698373 0.8237059700065426 0.9020354847200678 0.9909598555097787 0.9984591265025464 1.1028290854066196 1.3049537665171254
16 144 -0.2921221847613415 -0.08578773342881561 0.05280703438645126 0.21831803907184658 0.7845004394169429 0.8594116707778301 0.927861462212281 0.963332646515721 1.0166889618640225 1.0957577397580516 1.2738494771235616
17 153 -0.2693708035919589 -0.13935722275669393 0.10850868737260416 0.22678663365155036 0.7467807970594312 0.787663886399683 0.8794807839038622 0.9476020185858616 1.1169997881802998 1.1946204982151674 1.214768021792716
17 153 -0.3188491763350728 -0.08453623851910753 0.09676912090952879 0.20888617531138487 0.7845004394169429 0.8594116707778301 0.927861462212281 0.963332646515721 1.0166889618640225 1.0957577397580516 1.2738494771235616
17 153 -0.28908060966995663 -0.1274896754990501 0.10497026058961126 0.1863778796850651 0.7808854412698373 0.8237059700065426 0.9020354847200678 0.9909598555097787 0.9984591265025464 1.1028290854066196 1.3049537665171254
18 162 -0.2834854266220737 -0.1436788192585699 0.09799640320057393 0.28613355931256745 0.7467807970594312 0.787663886399683 0.8794807839038622 0.9476020185858616 1.1169997881802998 1.1946204982151674 1.214768021792716
18 162 -0.274681082620104 -0.12200109798559913 0.08772729610312574 0.23068788574377494 0.7808854412698373 0.8237059700065426 0.9020354847200678 0.9909598555097787 0.9984591265025464 1.1028290854066196 1.3049537665171254
18 162 -0.2809561559298605 -0.08360736536463564 0.12359711450807785 0.2694974892114638 0.7845004394169429 0.8594116707778301 0.927861462212281 0.963332646515721 1.0166889618640225 1.0957577397580516 1.2738494771235616
19 171 -0.28153996671230014 -0.11143387095163171 0.10519261613442145 0.2847523923487739 0.7467807970594312 0.787663886399683 0.8794807839038622 0.9476020185858616 1.1169997881802998 1.1946204982151674 1.214768021792716
19 171 -0.32763474545539556 -0.1032720002669804 0.13492136883376465 0.2866482065056077 0.7845004394169429 0.8594116707778301 0.927861462212281 0.963332646515721 1.0166889618640225 1.0957577397580516 1.2738494771235616
19 171 -0.27249297348416773 -0.14323314204733573 0.11120117341217696 0.22508770099712555 0.7808854412698373 0.8237059700065426 0.9020354847200678 0.9909598555097787 0.9984591265025464 1.1028290854066196 1.3049537665171254
20 180 -0.26951000678735865 -0.10364176269845139 0.11814387585453714 0.264355515992844 0.7467807970594312 0.787663886399683 0.8794807839038622 0.9476020185858616 1.1169997881802998 1.1946204982151674 1.214768021792716
20 180 -0.28701104607014083 -0.1061802144529484 0.12323161175348771 0.2481506855765685 0.7845004394169429 0.8594116707778301 0.927861462212281 0.963332646515721 1.0166889618640225 1.0957577397580516 1.2738494771235616
20 180 -0.27730330838795636 -0.11595521062390779 0.1039938075917673 0.22466238445544398 0.7808854412698373 0.8237059700065426 0.9020354847200678 0.9909598555097787 0.9984591265025464 1.1028290854066196 1.3049537665171254
21 189 -0.2638591209821773 -0.141481643526007 0.09558793165931445 0.31733494086773995 0.7467807970594312 0.787663886399683 0.8794807839038622 0.9476020185858616 1.1169997881802998 1.1946204982151674 1.214768021792716
21 189 -0.28616086595753915 -0.10435056018816594 0.15114120968844907 0.2609512163664415 0.7845004394169429 0.8594116707778301 0.927861462212281 0.963332646515721 1.0166889618640225 1.0957577397580516 1.2738494771235616
21 189 -0.3122684814200124 -0.07643144970516678 0.09913860920436426 0.18068426955939243 0.7808854412698373 0.8237059700065426 0.9020354847200678 0.9909598555097787 0.9984591265025464 1.1028290854066196 1.3049537665171254
22 198 -0.2628694123074396 -0.11715673479588831 0.09205332356869245 0.28982161987986604 0.7722460152903345 0.8324080451255168 0.8749452374904478 0.9737636448863516 1.1010555992778643 1.160693767013314 1.1989389809678612
22 198 -0.27253571399297066 -0.09796344373138055 0.1533804974931875 0.2775917751091574 0.7010452882930134 0.8113695789851585 0.8910953384591974 0.9673572627256485 1.0078064563996711 1.180639635286322 1.3079755854441473
22 198 -0.33751596722803856 -0.08592410520766758 0.08890261678011949 0.21345580607568962 0.6759830828662063 0.8527085179366086 0.9179986354881805 0.9970409160730134 1.0873730843706924 1.1169653475313555 1.244640976280108
23 207 -0.23333033135634285 -0.03196433656119278 0.11276531100975148 0.3392513850840276 0.7722460152903345 0.8324080451255168 0.8749452374904478 0.9737636448863516 1.1010555992778643 1.160693767013314 1.1989389809678612
23 207 -0.25605270508708644 -0.09679922058480522 0.1305554097669825 0.3060626890285421 0.7010452882930134 0.8113695789851585 0.8910953384591974 0.9673572627256485 1.0078064563996711 1.180639635286322 1.3079755854441473
23 207 -0.2986779104172619 -0.09219485758154274 0.10118649212527984 0.23632714084737602 0.6759830828662063 0.8527085179366086 0.9179986354881805 0.9970409160730134 1.0873730843706924 1.1169653475313555 1.244640976280108
24 216 -0.22563448038694894 -0.023950688162076367 0.13899961043879444 0.34610998919020997 0.7722460152903345 0.8324080451255168 0.8749452374904478 0.9737636448863516 1.1010555992778643 1.160693767013314 1.1989389809678612
24 216 -0.3077656360760444 -0.10271672886347655 0.13106486732157807 0.2970042432826598 0.7010452882930134 0.8113695789851585 0.8910953384591974 0.9673572627256485 1.0078064563996711 1.180639635286322 1.3079755854441473
24 216 -0.2889842095641873 -0.12232027060820688 0.1011752487798131 0.24845026830423397 0.6759830828662063 0.8527085179366086 0.9179986354881805 0.9970409160730134 1.0873730843706924 1.1169653475313555 1.244640976280108
25 225 -0.23498075697189394 -0.03509489216687185 0.13217956458484315 0.3090934190363588 0.7722460152903345 0.8324080451255168 0.8749452374904478 0.9737636448863516 1.1010555992778643 1.160693767013314 1.1989389809678612
25 225 -0.3190760467941512 -0.14241513504550243 0.13206285132953988 0.3069288767785284 0.7010452882930134 0.8113695789851585 0.8910953384591974 0.9673572627256485 1.0078064563996711 1.180639635286322 1.3079755854441473
25 225 -0.3076968339044582 -0.13816000358952485 0.12038228432619531 0.29645862587326405 0.6759830828662063 0.8527085179366086 0.9179986354881805 0.9970409160730134 1.0873730843706924 1.1169653475313555 1.244640976280108
26 234 -0.2368116779839988 -0.05456775763440916 0.136961084478357 0.3474631333906485 0.7722460152903345 0.8324080451255168 0.8749452374904478 0.9737636448863516 1.1010555992778643 1.160693767013314 1.1989389809678612
26 234 -0.3434700556650779 -0.11856370914726634 0.12292505245363522 0.3466835627875131 0.7010452882930134 0.8113695789851585 0.8910953384591974 0.9673572627256485 1.0078064563996711 1.180639635286322 1.3079755854441473
26 234 -0.30084315492342784 -0.1711596647108239 0.11442868582501488 0.3950803329434976 0.6759830828662063 0.8527085179366086 0.9179986354881805 0.9970409160730134 1.0873730843706924 1.1169653475313555 1.244640976280108
27 243 -0.20661296068998714 -0.081402463605719 0.1247771532838303 0.35221177994039343 0.7722460152903345 0.8324080451255168 0.8749452374904478 0.9737636448863516 1.1010555992778643 1.160693767013314 1.1989389809678612
27 243 -0.3571143082024982 -0.10860984438594687 0.12112480822395535 0.3339792813024276 0.7010452882930134 0.8113695789851585 0.8910953384591974 0.9673572627256485 1.0078064563996711 1.180639635286322 1.3079755854441473
27 243 -0.29324234379082176 -0.19183603613059663 0.11162495259227216 0.3940423273573734 0.6759830828662063 0.8527085179366086 0.9179986354881805 0.9970409160730134 1.0873730843706924 1.1169653475313555 1.244640976280108
28 252 -0.29436383306520764 -0.07549016687417841 0.1333736653886517 0.2915891534936192 0.7722460152903345 0.8324080451255168 0.8749452374904478 0.9737636448863516 1.1010555992778643 1.160693767013314 1.1989389809678612
28 252 -0.34961027889829127 -0.07231400254103403 0.15414066895605855 0.2986957157933148 0.7010452882930134 0.8113695789851585 0.8910953384591974 0.9673572627256485 1.0078064563996711 1.180639635286322 1.3079755854441473
28 252 -0.26756361399521766 -0.1851712573836249 0.09445092278244571 0.42273721378252616 0.6759830828662063 0.8527085179366086 0.9179986354881805 0.9970409160730134 1.0873730843706924 1.1169653475313555 1.244640976280108
29 261 -0.25904412944846916 -0.040394001014338134 0.12966731938094672 0.3249772799103658 0.7386954966342497 0.7772561098939132 0.8755888915641055 0.948152789551756 1.0437550972396306 1.1547170313584576 1.3273116280650241
29 261 -0.38303292280149454 -0.10334869400600198 0.15420319100647983 0.3003425339851812 0.7067567027296281 0.7369518150768338 0.8370981326440416 0.9555479930116577 1.1162650539952446 1.181178959277029 1.3047453123760147
29 261 -0.26005580726239197 -0.20220858509316852 0.10193295844846514 0.4134943971571586 0.6206120935069812 0.7996353987703404 0.8228058094132151 0.9383534773642128 1.0909803492711625 1.1959262367467909 1.3406824842987495
30 270 -0.2509377442704034 -0.09936593735546953 0.15721842768578417 0.33007708587070894 0.7386954966342497 0.7772561098939132 0.8755888915641055 0.948152789551756 1.0437550972396306 1.1547170313584576 1.3273116280650241
30 270 -0.33124345472488737 -0.14172029258592944 0.1372405319853878 0.34838665303557736 0.7067567027296281 0.7369518150768338 0.8370981326440416 0.9555479930116577 1.1162650539952446 1.181178959277029 1.3047453123760147
30 270 -0.2667211758586633 -0.21131422309392886 0.09820451745145309 0.43517945704936684 0.6206120935069812 0.7996353987703404 0.8228058094132151 0.9383534773642128 1.0909803492711625 1.1959262367467909 1.3406824842987495
31 279 -0.2913917004701286 -0.09393142863160525 0.12093111341879813 0.35486282595543467 0.7386954966342497 0.7772561098939132 0.8755888915641055 0.948152789551756 1.0437550972396306 1.1547170313584576 1.3273116280650241
31 279 -0.3306594967965488 -0.09269783015674088 0.1486055545625135 0.3351683890568714 0.7067567027296281 0.7369518150768338 0.8370981326440416 0.9555479930116577 1.1162650539952446 1.181178959277029 1.3047453123760147
31 279 -0.3157911075926677 -0.19816537584206706 0.08916400100887634 0.43091854651710426 0.6206120935069812 0.7996353987703404 0.8228058094132151 0.9383534773642128 1.0909803492711625 1.1959262367467909 1.3406824842987495
32 288 -0.2689689714012871 -0.11588021301853639 0.13594418017524068 0.3434066747279673 0.7386954966342497 0.7772561098939132 0.8755888915641055 0.948152789551756 1.0437550972396306 1.1547170313584576 1.3273116280650241
32 288 -0.32614973857974766 -0.09826642104338908 0.11664007361240286 0.31125059344214145 0.7067567027296281 0.7369518150768338 0.8370981326440416 0.9555479930116577 1.1162650539952446 1.181178959277029 1.3047453123760147
32 288 -0.29139458775326904 -0.17649157656603098 0.0761576895537161 0.4346445739180848 0.6206120935069812 0.7996353987703404 0.8228058094132151 0.9383534773642128 1.0909803492711625 1.1959262367467909 1.3406824842987495
33 297 -0.2895771562897448 -0.15575794339996468 0.16499767060047835 0.37073769739808055 0.7386954966342497 0.7772561098939132 0.8755888915641055 0.948152789551756 1.0437550972396306 1.1547170313584576 1.3273116280650241
33 297 -0.4046094824470733 -0.09188195807840074 0.16944896750684718 0.3121356535116615 0.7067567027296281 0.7369518150768338 0.8370981326440416 0.9555479930116577 1.1162650539952446 1.181178959277029 1.3047453123760147
33 297 -0.3058919467474445 -0.19359557687234027 0.1113838780689976 0.39702274089153644 0.6206120935069812 0.7996353987703404 0.8228058094132151 0.9383534773642128 1.0909803492711625 1.1959262367467909 1.3406824842987495
34 306 -0.35123699104704953 -0.14073172411488521 0.17243449993637638 0.3908853069162989 0.7386954966342497 0.7772561098939132 0.8755888915641055 0.948152789551756 1.0437550972396306 1.1547170313584576 1.3273116280650241
34 306 -0.473576994993985 -0.11327252256952283 0.15633206226131735 0.3300925306099719 0.7067567027296281 0.7369518150768338 0.8370981326440416 0.9555479930116577 1.1162650539952446 1.181178959277029 1.3047453123760147
34 306 -0.34223548225709677 -0.15522768277361215 0.10643366391006978 0.42912016228371574 0.6206120935069812 0.7996353987703404 0.8228058094132151 0.9383534773642128 1.0909803492711625 1.1959262367467909 1.3406824842987495
35 315 -0.4052386857480381 -0.1517077985590658 0.1842342195704314 0.4081348553812182 0.7386954966342497 0.7772561098939132 0.8755888915641055 0.948152789551756 1.0437550972396306 1.1547170313584576 1.3273116280650241
35 315 -0.45511603192990757 -0.1322080160391184 0.14726934777768547 0.31373265346501916 0.7067567027296281 0.7369518150768338 0.8370981326440416 0.9555479930116577 1.1162650539952446 1.181178959277029 1.3047453123760147
35 315 -0.3661908395873666 -0.15187934172821319 0.12557446052937676 0.448541675568685 0.6206120935069812 0.7996353987703404 0.8228058094132151 0.9383534773642128 1.0909803492711625 1.1959262367467909 1.3406824842987495
36 324 -0.3760840511700254 -0.19031978749015532 0.16545685680520733 0.3778226083020186 0.6202403710609523 0.7586831112994132 0.8007260597682241 0.9147802425155936 1.0713643110346291 1.2320667882044534 1.3769192591765278
36 324 -0.4714970965302506 -0.11345398742949335 0.15547129616378402 0.38609575202644403 0.6464940989231474 0.7466090672111887 0.884808677247602 0.946993909272161 1.0756582867109918 1.126904726747494 1.3849120579836454
36 324 -0.45367477214805596 -0.06497923287913879 0.08418607435587305 0.44634472250246776 0.5573328390670408 0.7536778804258637 0.8463382105474881 0.9769026571141852 1.0174419441220923 1.2519071240261417 1.359508379561678
37 333 -0.3561051798707297 -0.1712624749527055 0.17928080090931567 0.40009074220402324 0.6202403710609523 0.7586831112994132 0.8007260597682241 0.9147802425155936 1.0713643110346291 1.2320667882044534 1.3769192591765278
37 333 -0.42531140334498524 -0.07311213947603856 0.14378756686165461 0.4191459827076605 0.6464940989231474 0.7466090672111887 0.884808677247602 0.946993909272161 1.0756582867109918 1.126904726747494 1.3849120579836454
37 333 -0.46317970725514784 -0.10074247637050845 0.11883974795403342 0.4910280659314074 0.5573328390670408 0.7536778804258637 0.8463382105474881 0.9769026571141852 1.0174419441220923 1.2519071240261417 1.359508379561678
38 342 -0.43250581573684654 -0.1992918492889271 0.16095126719659308 0.3726049186760451 0.6202403710609523 0.7586831112994132 0.8007260597682241 0.9147802425155936 1.0713643110346291 1.2320667882044534 1.3769192591765278
38 342 -0.43094424504478096 -0.06956735777734584 0.13457945210389088 0.417266927208569 0.6464940989231474 0.7466090672111887 0.884808677247602 0.946993909272161 1.0756582867109918 1.126904726747494 1.3849120579836454
38 342 -0.4670859873929357 -0.10977571333076236 0.1428402801237385 0.50270115966483 0.5573328390670408 0.7536778804258637 0.8463382105474881 0.9769026571141852 1.0174419441220923 1.2519071240261417 1.359508379561678
39 351 -0.47025653792494304 -0.16285338963778737 0.15696268644084813 0.3575301697213238 0.6202403710609523 0.7586831112994132 0.8007260597682241 0.9147802425155936 1.0713643110346291 1.2320667882044534 1.3769192591765278
39 351 -0.43621614884297794 -0.0855128219085329 0.1359861893913672 0.41731984929263705 0.6464940989231474 0.7466090672111887 0.884808677247602 0.946993909272161 1.0756582867109918 1.126904726747494 1.3849120579836454
39 351 -0.4648671198557997 -0.07562687425929784 0.21721000227797965 0.506950207364701 0.5573328390670408 0.7536778804258637 0.8463382105474881 0.9769026571141852 1.0174419441220923 1.2519071240261417 1.359508379561678
40 360 -0.4666244279152311 -0.1481959694027528 0.06669298038587237 0.34240508577068696 0.6202403710609523 0.7586831112994132 0.8007260597682241 0.9147802425155936 1.0713643110346291 1.2320667882044534 1.3769192591765278
40 360 -0.5289703162145227 -0.0911878534666315 0.14951768468899393 0.4141215467485175 0.6464940989231474 0.7466090672111887 0.884808677247602 0.946993909272161 1.0756582867109918 1.126904726747494 1.3849120579836454
40 360 -0.45949512525803693 -0.10627428255326296 0.19535370610408664 0.525496565345885 0.5573328390670408 0.7536778804258637 0.8463382105474881 0.9769026571141852 1.0174419441220923 1.2519071240261417 1.359508379561678
41 369 -0.44131623054927155 -0.12463295926179613 0.07772639468006137 0.3383078113362428 0.6202403710609523 0.7586831112994132 0.8007260597682241 0.9147802425155936 1.0713643110346291 1.2320667882044534 1.3769192591765278
41 369 -0.5260041600373986 -0.07492772256992353 0.1245395918807967 0.41355088513161775 0.6464940989231474 0.7466090672111887 0.884808677247602 0.946993909272161 1.0756582867109918 1.126904726747494 1.3849120579836454
41 369 -0.4573201029200456 -0.10207143994760254 0.19979306472136232 0.5517084047803043 0.5573328390670408 0.7536778804258637 0.8463382105474881 0.9769026571141852 1.0174419441220923 1.2519071240261417 1.359508379561678
42 378 -0.4122780429888907 -0.14794749763300338 0.05277306585667178 0.30823615481933997 0.6202403710609523 0.7586831112994132 0.8007260597682241 0.9147802425155936 1.0713643110346291 1.2320667882044534 1.3769192591765278
42 378 -0.5384226526910891 -0.1243398703115089 0.11528930667093802 0.4072941378865375 0.6464940989231474 0.7466090672111887 0.884808677247602 0.946993909272161 1.0756582867109918 1.126904726747494 1.3849120579836454
42 378 -0.45153751427772454 -0.1029531495588224 0.20006729791536507 0.5680823926681906 0.5573328390670408 0.7536778804258637 0.8463382105474881 0.9769026571141852 1.0174419441220923 1.2519071240261417 1.359508379561678
43 387 -0.36094024345401626 -0.15932606856679044 0.0638461643352406 0.3495031297613404 0.5837570079749497 0.8053518054211457 0.8367382091828522 0.9858955966227256 1.1156799140257356 1.1958322759786084 1.289867731267736
43 387 -0.5066043744834814 -0.10325614757695994 0.10870479042701471 0.2964465360855984 0.629055016025857 0.7276987343048612 0.9051566205239854 0.9620036098871954 1.0635925945360254 1.134431222615743 1.382686327332449
43 387 -0.4776163456544962 -0.11909485797059957 0.23388634396517607 0.6155700704317426 0.4331418716131877 0.6805620505743658 0.7644210597618601 0.8791873917016007 1.1331475812960317 1.296023756417571 1.4241532115061122
44 396 -0.3661838145202232 -0.16204517125697745 0.06758623521344082 0.40771789972334804 0.5837570079749497 0.8053518054211457 0.8367382091828522 0.9858955966227256 1.1156799140257356 1.1958322759786084 1.289867731267736
44 396 -0.4992407450607845 -0.08210339183191773 0.09724321179812473 0.26013022976012407 0.629055016025857 0.7276987343048612 0.9051566205239854 0.9620036098871954 1.0635925945360254 1.134431222615743 1.382686327332449
44 396 -0.5128064854682105 -0.13114007338105146 0.23497117044117455 0.6194374204550535 0.4331418716131877 0.6805620505743658 0.7644210597618601 0.8791873917016007 1.1331475812960317 1.296023756417571 1.4241532115061122
45 405 -0.356989011117947 -0.20918791576404444 0.06310043281511822 0.44797912974359183 0.5837570079749497 0.8053518054211457 0.8367382091828522 0.9858955966227256 1.1156799140257356 1.1958322759786084 1.289867731267736
45 405 -0.356989011117947 -0.20918791576404444 0.06310043281511822 0.44797912974359183 0.5837570079749497 0.8053518054211457 0.8367382091828522 0.9858955966227256 1.1156799140257356 1.1958322759786084 1.289867731267736
45 405 -0.5092124312377801 -0.1029439960562526 0.1094896544836497 0.27775301074552494 0.629055016025857 0.7276987343048612 0.9051566205239854 0.9620036098871954 1.0635925945360254 1.134431222615743 1.382686327332449
45 405 -0.5278753686859977 -0.08868694538513139 0.23211373874084823 0.6057569616378048 0.4331418716131877 0.6805620505743658 0.7644210597618601 0.8791873917016007 1.1331475812960317 1.296023756417571 1.4241532115061122
45 405 -0.5092124312377801 -0.1029439960562526 0.1094896544836497 0.27775301074552494 0.629055016025857 0.7276987343048612 0.9051566205239854 0.9620036098871954 1.0635925945360254 1.134431222615743 1.382686327332449
45 405 -0.5278753686859977 -0.08868694538513139 0.23211373874084823 0.6057569616378048 0.4331418716131877 0.6805620505743658 0.7644210597618601 0.8791873917016007 1.1331475812960317 1.296023756417571 1.4241532115061122
