% # columns="iteration, evaluation, sigma, axis ratio, bestever, best, median, worst objective function value, interquartile range, 25%tile, current best feasible f-value, elapsed wallclock time [s], further/more values", seed=2567, Sat Aug 29 14:18:28 2026, <python>{}</python>
1 9 0.9449729899729059 1.0000428580612375 2.025418553331827 2.0254185533318272e+00 43.1317719435382 51.320045457876894 35.02149178770658 15.208512487484866 nan 0.1   
1 9 0.9449729899729059 1.0000428580612375 2.02526649555037 2.0252664955503699e+00 43.13166889197268 54.366631490903075 35.838570072560145 15.208600958664608 nan 0.1   
1 9 0.944972989972906 1.0000428580612375 2.025279542829501 2.0252795428295012e+00 43.13167691873049 54.50216772533835 36.154368970713755 15.208592951119405 nan 0.1   
2 18 0.931498185426449 1.2724878644452697 1.762454510685563 1.7624545106855629e+00 43.449880303521596 49.88233089923251 41.85237162261001 6.686214477583977 nan 0.2   
2 18 0.9874616872607684 1.2854608457254442 0.02772989450097217 2.7729894500972171e-02 5.957024470589682 49.55590687454416 36.119885681026176 2.808938938345954 nan 0.2   
2 18 0.9602117337208809 1.2961682905561056 0.0013749427496187038 1.3749427496187038e-03 8.811452377565569 45.78612246623179 20.09333703270849 0.624672389372754 nan 0.2   
3 27 0.9305663199255535 1.4110939212788876 0.0011787047963663431 1.1787047963663431e-03 36.69283179004875 45.60818198569198 41.78372950855113 2.3365847348269755 nan 0.3   
3 27 0.9987569024213226 1.3734410027390553 0.0008517175999831972 8.5171759998319723e-04 0.5627317121799771 37.57331846003226 8.942604995286237 0.14619403192663835 nan 0.3   
3 27 1.0548936087982814 1.423283312216784 0.02772989450097217 1.5025959974085795e-01 1.5316032168459968 43.31700635136195 5.08583371741948 0.28044304026603617 nan 0.3   
4 36 0.9889048702704324 1.4582542438389514 0.0011787047963663431 1.5017412968862343e-01 1.397771305667339 56.0463529179682 15.142414231259872 0.40733720155754116 nan 0.3   
4 36 1.132497617077659 1.5756769779373752 0.02772989450097217 3.4957789741777170e-02 13.227198899798253 64.95712234851476 43.03889489287906 6.8548346342113415 nan 0.3   
4 36 0.9745570094729352 1.4264183376515425 0.0008517175999831972 1.8285653713024479e-03 1.274575341336922 26.6712367132048 5.53251558311722 0.5234357023328511 nan 0.3   
5 45 1.051007314215971 1.6161636900818186 0.0009024300801879635 9.0243008018796355e-04 0.6060784654304106 57.15532590380275 11.264053703206525 0.04098768388375884 nan 0.4   
5 45 0.9687001958479442 1.5053108870422742 0.0008517175999831972 1.5774459249603141e-03 0.9230755209790547 62.95148850163646 55.22257669921639 0.3848409451209515 nan 0.4   
5 45 1.1798294959875182 1.7737718296736658 0.0029296596576501837 2.9296596576501837e-03 41.98287183932905 49.80087077563654 12.77863814461606 34.816092216109276 nan 0.4   
6 54 0.9560902802621973 1.6792732267637454 0.0009024300801879635 1.4933084421158799e-01 6.526792640522562 51.575909095523784 25.06013803719432 0.9078333442788162 nan 0.5   
6 54 0.8983372690545983 1.5975793591254541 0.0008517175999831972 1.4491800122191244e-03 0.20432405326801464 32.76773402620094 5.702403364211487 0.001929836431019172 nan 0.5   
6 54 1.1381114419342562 1.8884875792704232 0.0029296596576501837 2.9102522996606894e-01 11.651652387821988 48.47691503946728 39.80206952063275 2.6570266185285947 nan 0.5   
7 63 0.9074228057981759 1.6392353738536904 0.0009024300801879635 9.4452748819216052e-03 1.9901447203705989 48.990524359259375 17.686990233230016 0.5902925037562641 nan 0.5   
7 63 0.801902542763123 1.6791714739721901 0.0008517175999831972 1.8514937380032621e-03 0.4152673042197596 52.23119010309253 1.6773379117392855 0.002692394149414296 nan 0.5   
7 63 1.0721931084414258 1.9575934570384348 0.0029296596576501837 2.9603763217750803e-03 4.55293007558443 42.87325710921447 31.165490285623637 1.8553472122516337 nan 0.5   
8 72 0.9431754039372411 1.6744948215526387 0.0009024300801879635 2.2018809439148714e-03 3.5446229867697197 34.45656748458469 11.703461816709659 0.47735099943387743 nan 0.6   
8 72 0.6834927736067247 1.7515367016412011 0.0008517175999831972 1.4586250957764303e-03 0.0030614279076596326 8.42151779400481 0.6504878973331459 0.0017888144325105707 nan 0.6   
8 72 0.9326919435828832 2.0387135433329058 0.0029296596576501837 6.2518627760132880e-02 6.471622214721887 43.73744387768113 22.381480261193506 0.3644372699233416 nan 0.6   
9 81 0.8428273898396639 1.638174221140501 0.0009024300801879635 4.2991983621662238e-03 3.122992334716428 44.69981679318437 23.622596138055886 0.9897993626896853 nan 0.7   
9 81 0.6271429066721085 1.8621357292523186 0.0008517175999831972 1.6037405131174810e-03 0.06780289660472885 1.2772899301021765 0.5022833768595079 0.002005695569869389 nan 0.7   
9 81 0.843092143727159 1.9237139321809953 0.0011234731674319737 1.1234731674319737e-03 2.4517393716089675 52.70340186207497 11.595058274033757 0.8445758053119721 nan 0.7   
10 90 0.844993567202957 1.6776494504862383 0.0009024300801879635 1.4628501710885994e-03 0.7231629375465213 49.41557746557466 5.077657414565989 0.032692240315857636 nan 0.7   
10 90 0.6454513695764232 1.9112505411880243 0.0008517175999831972 1.4332434584044490e-03 0.002568511148181946 8.968790347331456 0.7256972155889219 0.0019009640568119109 nan 0.7   
10 90 0.7980754144411776 1.8157942945150427 0.0011234731674319737 3.6257508005973149e-01 0.8297093547988913 41.98582831199001 7.22055122781207 0.46608741213102567 nan 0.7   
11 99 0.7925185984519476 1.856983085475047 0.0009024300801879635 9.8072500735489339e-04 0.0026282889340641536 6.213607708174216 0.6042264257404045 0.002133701534419953 nan 0.8   
11 99 0.642679456851302 2.0094266468985875 0.0008517175999831972 1.1611978276008295e-03 0.001975800282661975 4.060603659065668 1.1831870588150497 0.0015784412496691288 nan 0.8   
11 99 0.7499586567429138 1.8775980399466827 0.0007994027948251909 7.9940279482519085e-04 0.013778477325509872 3.57331953950359 1.1718137775698363 0.0013155683591691326 nan 0.8   
12 108 0.7699352633827894 1.9899992673963458 0.0009024300801879635 1.0980905823777167e-03 0.22429802179482083 1.4064943398243304 0.6621107513686797 0.001665766420170512 nan 0.8   
12 108 0.6957060802783819 1.8291307210651653 0.0007994027948251909 9.4440460479024450e-04 12.660762458549522 45.80758667260331 24.766200516470956 0.30498286526580926 nan 0.8   
12 108 0.6243181835573268 2.071530572532374 0.0007642601992286378 7.6426019922863782e-04 0.01716992104441744 11.637446763713793 0.17749577781032402 0.001187808807459364 nan 0.8   
13 117 0.7688316429547415 1.846092134393891 0.0009024300801879635 1.1682496290972117e-03 0.19811763644987823 2.53910074298691 0.8817553332474558 0.002478048257245339 nan 0.9   
13 117 0.6006043706402122 2.0682103629492627 0.0006189879598330106 6.1898795983301059e-04 0.0017759470351870802 16.319375427660024 4.485384393206631 0.0015804920618619446 nan 0.9   
13 117 0.6333979777225365 1.6442453843401317 0.0007994027948251909 1.0076143054992069e-03 0.3262841792416059 38.17609407664335 10.617543370665071 0.001341320641589388 nan 0.9   
14 126 0.8229953931825421 1.97973016428029 0.0009024300801879635 1.1729243435558549e-03 0.05839934688446177 2.3382530504607635 0.4993676420969655 0.0020532173988346584 nan 1.0   
14 126 0.5243331634811357 2.0946756375807953 0.0006189879598330106 8.8810797767676329e-04 0.00445341539223141 1.9988006750682086 0.23257641392325365 0.001158039417662265 nan 1.0   
14 126 0.6781196198550316 1.6734759738433678 0.0007994027948251909 1.2085032578475366e-03 1.6091371225709235 4.118497796423023 1.5758834611764199 0.5862105760288231 nan 1.0   
15 135 0.7788635511755126 2.1800552499760233 0.0009024300801879635 9.8343325328700717e-04 0.0019321932356100911 30.26386065788169 2.212176839956629 0.0012212645254220027 nan 1.0   
15 135 0.4965057755147862 2.341194545255854 0.0006189879598330106 6.2533944834840315e-04 0.0014159276016485148 0.3024636586093899 0.0695467839628979 0.0012856166561718355 nan 1.0   
15 135 0.6710812456268961 1.7381473834493415 0.0006793403597275562 6.7934035972755618e-04 0.8907854106792331 10.938415764368388 5.885988142517375 0.0011650470888229418 nan 1.0   
16 144 0.7551472433527477 2.2444698149895483 0.0008530985246567443 8.5309852465674432e-04 0.0011210256098634125 0.3327510579805231 0.025746183793974725 0.0010373074815010477 nan 1.1   
16 144 0.46880823400059585 2.385616028583588 0.0005157814479660907 5.1578144796609075e-04 0.0012139035415831122 0.4170358553603556 0.036216442045957226 0.0009019166203392486 nan 1.1   
16 144 0.6124362595945686 1.941207708594159 0.0006793403597275562 7.1258115523212620e-04 0.0012574130512857835 2.8463574567980405 1.2384482441917943 0.001044231979621071 nan 1.1   
17 153 0.6975231203240206 2.347078427102848 0.0007962288483189398 7.9622884831893979e-04 0.06015062226455602 4.3871278332994414 1.3768057582489106 0.0021422643158744616 nan 1.2   
17 153 0.5863717266680717 2.0243304870200007 0.0006385488560948084 6.3854885609480839e-04 0.001158832806643919 2.4547867913328933 0.08256249351703895 0.0008506223064790509 nan 1.2   
17 153 0.437520590934164 2.560933089414069 0.00048567235623675454 4.8567235623675454e-04 0.0009577238490924733 0.23485695562866243 0.00038424876943164124 0.0008441900373289196 nan 1.2   
18 162 0.6292956803287667 2.4579060409853035 0.0005715361680127659 5.7153616801276590e-04 0.0018648558276271531 1.5180528132073245 0.12081299511801903 0.0012656765748374115 nan 1.2   
18 162 0.38222858180014674 2.6135440003795036 0.00048567235623675454 7.9280165251236455e-04 0.0027380695872856833 0.3389312026647775 0.1600663101298527 0.0009135621260213606 nan 1.2   
18 162 0.611674641127887 2.2549294981244237 0.0006385488560948084 6.6880262535950260e-04 0.1793978193112665 2.0219247119388046 0.5333403367428634 0.01654935927404852 nan 1.2   
19 171 0.6231967044352454 2.5033258633761712 0.0005715361680127659 6.7059379912270424e-04 0.0011751333028203505 3.274548889369896 0.012741556133547273 0.000886337983834488 nan 1.3   
19 171 0.5900888994860511 2.4945039031102683 0.0006110433259005864 6.1104332590058638e-04 0.0011150310759568288 0.27082959187992234 0.007733391445851609 0.0007346011743218875 nan 1.3   
19 171 0.3626987472592461 2.817636044469503 0.00048567235623675454 5.0480389772533847e-04 0.0008685309436792298 0.18945117315340923 0.030322241114955375 0.0006374582057594902 nan 1.3   
20 180 0.5567754794703514 2.3467026030719484 0.0005715361680127659 1.0611424599517142e-03 0.0015066505930450352 6.1612831568734405 0.12327769873085788 0.001184313233120164 nan 1.4   
20 180 0.5427685982419783 2.4517844400402367 0.0006110433259005864 5.0461196356699880e-03 0.12226035451067073 3.179379234204376 0.45019528220000493 0.04536079119818872 nan 1.4   
20 180 0.3478645919852295 2.7928740410642656 0.00048567235623675454 7.7776106394141788e-04 0.005613901953603048 0.2673117049412824 0.04650495216318686 0.0009629837758911458 nan 1.4   
21 189 0.5230408117091095 2.353720717836603 0.0005715361680127659 9.3016559152437435e-04 0.0013268422349622295 0.19832367488389885 0.007505946588804709 0.0009964612441177249 nan 1.4   
21 189 0.4701902850709534 2.409739901928168 0.0006110433259005864 6.4571282417967102e-04 0.02948962055435954 1.2615547473499242 0.404501498754396 0.0009800204120369565 nan 1.4   
21 189 0.33307815580380723 2.7738803777485677 0.0004741116189489601 4.7411161894896011e-04 0.000779628411604624 0.14587107129992966 0.00022330896638795986 0.000741476806415271 nan 1.4   
22 198 0.5272442411121591 2.4639354755462852 0.0005715361680127659 1.0916684195543241e-03 0.0013424409741052846 1.6874997845087167 0.010931739727049347 0.0011313968259580574 nan 1.5   
22 198 0.3984102550480699 2.4805466385437174 0.0006110433259005864 7.2590343713990453e-04 0.0033835221796339604 0.08815684197870234 0.014695950822804015 0.0010340155708797392 nan 1.5   
22 198 0.29914875902239546 2.8023309892009136 0.0004741116189489601 5.5087397889360594e-04 0.0007409708085766405 0.12336832944047786 0.0017412784023696814 0.0006502569539179081 nan 1.5   
23 207 0.5749778912302423 2.554072200185358 0.0005715361680127659 8.0494769685865745e-04 0.0012191136000078019 0.2854203856137515 0.000462300908766877 0.0010708886185385566 nan 1.6   
23 207 0.40164317194623544 2.6091098196601425 0.0005631643469623892 5.6316434696238916e-04 0.0010088638922503936 0.49333030077630274 0.1544974320968961 0.0009203258220954732 nan 1.6   
23 207 0.26569359636520135 3.0086870609385774 0.0004741116189489601 5.8629326125012190e-04 0.0007360216464898138 0.09799319498050704 0.0007548287816250008 0.0006672784929187222 nan 1.6   
24 216 0.5796516656809938 2.6098831027022413 0.0005715361680127659 9.8988944821665767e-04 0.003060365295666663 0.21375795327542013 0.029873353601743233 0.0011115638989070173 nan 1.6   
24 216 0.367577718472584 2.6753214950611883 0.0005631643469623892 7.5703742920547727e-04 0.0009277005112422567 0.01883971783360266 0.00215416566124914 0.0008417223068897454 nan 1.6   
24 216 0.2522059007389361 2.919805635880921 0.0004741116189489601 4.8855010088430907e-04 0.0005675112363648565 0.0026788446632357733 0.00021425717524695186 0.0005324528106875902 nan 1.6   
25 225 0.5784687632693256 2.758679920089776 0.0005715361680127659 6.2334024834658950e-04 0.0015254795894854459 0.3840639620156135 0.08463496073199483 0.001171426533660668 nan 1.7   
25 225 0.33474822171152796 2.8985039232324294 0.0005631643469623892 6.3548035250855415e-04 0.0008040480941834043 0.13934651160438544 0.0293124067771035 0.0007240098745911701 nan 1.7   
25 225 0.26031066912683337 2.890449471516386 0.0004640433191890186 4.6404331918901862e-04 0.006372383454447606 0.0440668997585989 0.01865461977351653 0.0005417071139909243 nan 1.7   
26 234 0.5594803644926091 2.7860614676883793 0.000548586767718613 5.4858676771861296e-04 0.0012111000845720183 0.2762457377286074 0.02456954724420613 0.0008129400069381721 nan 1.7   
26 234 0.28757421573233555 2.9170359494393705 0.0005631643469623892 6.2111403311932085e-04 0.0007840059068849579 0.19494977152908186 0.024022871359354856 0.000697630301848375 nan 1.7   
26 234 0.25605894321326 3.18930020443111 0.00043509934376426357 4.3509934376426357e-04 0.000626097140187661 0.032014241162258615 0.006825855650228758 0.0004952222050135493 nan 1.7   
27 243 0.5124597822899963 2.9306850139486604 0.000548586767718613 5.6810516691318451e-04 0.0009837911090719137 0.11954147025626588 0.05250915484983724 0.0009317221129473463 nan 1.8   
27 243 0.2835106102843655 3.009743276274859 0.0005631643469623892 5.7291875470387075e-04 0.0006617291581402765 0.3082654924132118 0.049001379875554224 0.0005890634357091496 nan 1.8   
27 243 0.241344484359431 3.4676960555438123 0.00036177821882659724 3.6177821882659724e-04 0.000722044092218026 0.015941843172895848 0.0007376002002280729 0.0004870257112025955 nan 1.8   
28 252 0.5189969556153645 2.9354225433907333 0.000548586767718613 1.0344263033791044e-03 0.004503024051908868 0.36368562977925445 0.05517931819744726 0.0011563746346839288 nan 1.9   
28 252 0.2858952285989066 2.941144882942983 0.0005402851976219809 5.4028519762198089e-04 0.0007287025323898368 0.001998145371927898 0.0003936344628728066 0.000649170373475261 nan 1.9   
28 252 0.24042750426621942 3.6294104865403005 0.00036177821882659724 4.3447077914294608e-04 0.001191949903194832 0.03875848767244944 0.0033160151343044207 0.000676929752538352 nan 1.9   
29 261 0.495949554135994 3.2441529862976353 0.000548586767718613 6.9157564201766705e-04 0.0009672491443718675 0.01510477522259711 0.00027208021199245057 0.0008878725356675427 nan 1.9   
29 261 0.26349452085412256 2.9633711621158905 0.0005122820063279731 5.1228200632797306e-04 0.0007047512293973623 0.000912536377406313 0.00014041970640251463 0.0006110701842562049 nan 1.9   
29 261 0.24009687961343715 3.8485817712187327 0.00036177821882659724 4.1210922111410502e-04 0.0005743713245105502 0.001119391200113607 0.00035259141122405787 0.0004663219936045239 nan 1.9   
30 270 0.5321495242209645 3.255599886760677 0.000548586767718613 5.6811683176574538e-04 0.0009545606906481925 0.006119517831336806 0.0013456812715550999 0.0006463289761831071 nan 2.0   
30 270 0.24721836430258642 2.9709453679955002 0.0005122820063279731 5.5106869534595599e-04 0.000631122602628113 0.0014754430253254582 0.0002545674511772 0.0005937511156491515 nan 2.0   
30 270 0.23140771171209154 3.860126306263297 0.00036177821882659724 4.4951588062296300e-04 0.0010382696145389695 0.008175439189668749 0.002412165236169365 0.0005758497298400332 nan 2.0   
31 279 0.4910540516386073 3.2870970300050755 0.0004632880235347977 4.6328802353479771e-04 0.0016112007620276707 0.052254149502371 0.0128027307718423 0.0007164136405255423 nan 2.1   
31 279 0.243511068080606 3.2630665730909727 0.0005122820063279731 6.2286537540925588e-04 0.0007415346359696034 0.08948832977059112 0.00706568919585286 0.0006531563313095566 nan 2.1   
31 279 0.19957499299842546 3.7899879103250487 0.00036177821882659724 4.2459624576089402e-04 0.0006347372311208033 0.004863449729923346 0.00024213605289889653 0.0005819013574207199 nan 2.1   
32 288 0.44640260771097756 3.61417062785752 0.0004632880235347977 5.3663929752667701e-04 0.0010382903890068281 0.22076267809389402 0.005222330718967713 0.0007288381768940489 nan 2.1   
32 288 0.22682511213481873 3.331036793233031 0.0005020176494744995 5.0201764947449946e-04 0.0006094909048061641 0.0009187270503869891 8.36711516593846e-05 0.000608808270736297 nan 2.1   
32 288 0.1862071760603557 3.7759082755072226 0.00036177821882659724 4.1759866073897849e-04 0.0005717962277354886 0.0027922408986328913 0.0004811039171087547 0.0005164777357319827 nan 2.1   
33 297 0.40831523789296437 3.5781349232089967 0.0004632880235347977 6.1297715458225402e-04 0.0007816213212760544 0.7143368962979397 0.24365613903455824 0.0006754642951921361 nan 2.2   
33 297 0.20480351533775099 3.4295199721439915 0.00048163625851699126 4.8163625851699126e-04 0.0006828017408147649 0.004635139485950786 0.0006404522312970345 0.0005320592920187119 nan 2.2   
33 297 0.1734558243993698 3.865941191676213 0.00036177821882659724 4.1005633881937295e-04 0.0005594579452360047 0.0026439809180218866 0.000423048781798801 0.0004847952720846316 nan 2.2   
34 306 0.35252930144537054 3.932102153228178 0.0004632880235347977 5.2837600478121850e-04 0.0007542071371256548 0.014139678462601855 0.0005430911618516494 0.0006422193363417362 nan 2.2   
34 306 0.22400595373576968 3.6772677454234426 0.00043568540199758957 4.3568540199758957e-04 0.0005561911984739597 0.003141005315039814 0.00039202436361081565 0.0005124407134684661 nan 2.3   
34 306 0.1629396476175143 4.100502685343636 0.00036177821882659724 4.4608371419844599e-04 0.0005819270443154046 0.005543075784724173 0.0004838828932347773 0.0004966850630699867 nan 2.3   
35 315 0.34509392430736596 4.213538963737011 0.0004632880235347977 5.1457852083002485e-04 0.0006605784854897366 0.0014620653960039894 0.00010776687496713208 0.0005961186624703763 nan 2.3   
35 315 0.22859965520429035 3.8223230247092133 0.00043568540199758957 4.8187141846464811e-04 0.0005516367186880428 0.001670022323039679 0.000435764502614051 0.00050655250425217 nan 2.3   
35 315 0.15008633449951175 4.296659100249978 0.00036177821882659724 3.9931954734581112e-04 0.000489015162845829 0.004250563558171168 0.00011508931277775522 0.0004451874971747296 nan 2.3   
36 324 0.3292564606046352 4.391257031722309 0.0004632880235347977 5.2113449149414055e-04 0.0007821542036121268 0.3925673917795663 0.0021722977763501726 0.0005448541452482186 nan 2.4   
36 324 0.21815126490633324 3.999989623610854 0.0004227602811846513 4.2276028118465130e-04 0.000531102345649968 0.000947199245950468 0.0001582820334478538 0.0004959603769074484 nan 2.4   
36 324 0.1617621130322755 4.2345516216238925 0.00036177821882659724 3.9492056512397642e-04 0.0006798286803727496 0.0013773055248632758 0.00019910762575351478 0.0005288934581481281 nan 2.4   
37 333 0.2871522901525763 4.282451946123304 0.0004632880235347977 5.6812666945337215e-04 0.0007638730926320279 0.0040741917381310645 0.0008945335917071103 0.0006490199213077155 nan 2.4   
37 333 0.20387768166452694 4.04288399058876 0.0004201274142775607 4.2012741427756073e-04 0.0004815211290825819 0.0014350412412687627 0.0004213607158362804 0.0004494233785688051 nan 2.4   
37 333 0.1734494194576782 4.127782410513888 0.00036177821882659724 4.2812661787710671e-04 0.0005153403178353737 0.00345753525484133 0.0004957610111231274 0.00044386182404757024 nan 2.4   
38 342 0.2666114297945292 4.116613128327686 0.0004632880235347977 5.3775242584241554e-04 0.0006277577569260966 0.004813382923566883 7.546534811354421e-05 0.0005791498347096425 nan 2.5   
38 342 0.18929669589669768 4.001406502770815 0.0003968660685565524 3.9686606855655242e-04 0.00044640795963458546 0.00424656484042766 0.0011274219262022722 0.00043559217576147796 nan 2.5   
38 342 0.16405357878579355 4.442697344996444 0.00036177821882659724 4.3435578091004733e-04 0.00047423004401843746 0.005101618744147936 0.0004570260697030634 0.0004502704233663376 nan 2.5   
39 351 0.2537851397100813 4.479540115616382 0.0004632880235347977 5.0184770545474826e-04 0.0006474918933672032 0.006107493550199124 7.673479129179258e-05 0.0006032857462618946 nan 2.6   
39 351 0.17534542602550182 4.239200840305944 0.0003968660685565524 4.0888159624435547e-04 0.000633041033421964 0.030728332061912562 0.010367735747786756 0.0004296340469760982 nan 2.6   
39 351 0.16282490789581433 4.863619612941763 0.00036177821882659724 4.0989235039276767e-04 0.000489091730775739 0.0008837397772023266 7.029744362590287e-05 0.00045197342749223583 nan 2.6   
40 360 0.27446146947767647 4.774379728316966 0.0004397186454517521 4.3971864545175213e-04 0.0005456695729845138 0.0013011022659242665 0.00019114834515163788 0.0004989688398292649 nan 2.6   
40 360 0.17084640879418483 4.85723761308749 0.0003968660685565524 4.4982782002399069e-04 0.000589955001330675 0.004690188860680117 0.0006653134915089583 0.0004956029059882307 nan 2.6   
40 360 0.16998301996456014 5.0340744432622975 0.00036177821882659724 4.2585453513158025e-04 0.000489737528519049 0.006989913537890277 0.00028669648767500516 0.00043649045778780814 nan 2.6   
41 369 0.2696487509103644 4.880968069250854 0.0004397186454517521 4.6016033400252685e-04 0.0005822345878355298 0.001022972058500294 0.00015848065868916648 0.0004954183573526625 nan 2.7   
41 369 0.15103665534899777 5.053564679273876 0.0003968660685565524 4.1710891616083060e-04 0.0004707796806156082 0.005488908640521792 0.00010136900264357196 0.00044970200762606516 nan 2.7   
41 369 0.17558024934157188 5.344004851358272 0.00036177821882659724 4.0458100876815091e-04 0.0034694024998076813 0.0758326951696189 0.012520592065534023 0.00047750132820608137 nan 2.7   
42 378 0.25973567309841716 4.87665196528413 0.0004274576272316771 4.2745762723167709e-04 0.0010871687578591525 0.03686517977705564 0.003480446287636848 0.00045741515229671145 nan 2.7   
42 378 0.12962622970504772 5.088998274309336 0.0003968660685565524 4.2475058767774278e-04 0.0004841363021329844 0.0008757838096224712 0.00023054222686945012 0.00045095174463907317 nan 2.8   
42 378 0.15514178481315724 5.725262793039866 0.00036177821882659724 4.0913667373201814e-04 0.0006736697665709109 0.0033414225281955126 0.0003717674621601675 0.0004232163711639877 nan 2.8   
43 387 0.24898089341249874 5.050319525161211 0.0004274576272316771 4.7674218972537717e-04 0.0005284550039123799 0.0029143989604235388 0.000636039234924317 0.0005011410355518056 nan 2.8   
43 387 0.1249479212459716 5.195032957858726 0.0003968660685565524 4.0789271822195780e-04 0.0004468676065734003 0.000992962690004567 0.00015751354078438805 0.00042127648773191795 nan 2.8   
43 387 0.1580972673726614 5.965591781746001 0.00036177821882659724 4.3849715101249151e-04 0.0005913252693458444 0.009460090242304098 0.0003034019288587521 0.0005072989750112649 nan 2.8   
44 396 0.23625582458998212 4.915470560190669 0.0004274576272316771 4.6150483845632353e-04 0.0007315169417077638 0.0029676767960256046 0.0009563577032258749 0.0005382935343985301 nan 2.9   
44 396 0.11480670329105595 5.434580583311971 0.0003932407208228321 3.9324072082283208e-04 0.00045535258810400924 0.0030671112344746957 0.0003619108735704498 0.00042649068570406034 nan 2.9   
44 396 0.14942505093662561 5.9622813333878195 0.00036177821882659724 4.1435216746927087e-04 0.0004442352669953124 0.0006178756684587479 3.823189507949279e-05 0.0004373688203232319 nan 2.9   
45 405 0.23098099651502738 4.726161018968294 0.00042733475011789334 4.2733475011789334e-04 0.0004997245791001247 0.003841140089054346 0.0005979796646505924 0.00047786005261262686 nan 2.9   
45 405 0.10334357880390962 5.228711117519361 0.0003923737730569449 3.9237377305694491e-04 0.00042550182584736836 0.0013152468702278207 0.00018511046859721078 0.00040860811471498597 nan 2.9   
45 405 0.1676439537324513 6.495010403809077 0.00036177821882659724 4.1362861002410759e-04 0.000452654742073704 0.0011351069232001481 9.463683842117384e-05 0.00041756204795067204 nan 2.9   
