% # columns="iteration, evaluation, sigma, beta, void,  sigvec==sigma_vec.scaling factors from diagonal decoding", seed=2567, Sat Aug 29 14:18:28 2026, <python>{}</python>
1 9 0.944972989972906 1 0 0.03749999999999999 0.037500000000000006 0.08996575 1.5707963267948966 0.18849555921538758 0.7696902001294993 0.0175
1 9 0.9449729899729059 1 0 0.037500000000000006 0.037500000000000006 0.08996575 1.5707963267948966 0.18849555921538758 0.7696902001294993 0.0175
1 9 0.9449729899729059 1 0 0.03749999999999999 0.037500000000000006 0.08996575 1.5707963267948966 0.18849555921538758 0.7696902001294993 0.0175
2 18 0.931498185426449 1 0 0.037500000000000006 0.037500000000000006 0.08996575 1.5707963267948966 0.18849555921538758 0.7696902001294993 0.0175
2 18 0.9602117337208809 1 0 0.03749999999999999 0.037500000000000006 0.08996575 1.5707963267948966 0.18849555921538758 0.7696902001294993 0.0175
2 18 0.9874616872607684 1 0 0.03749999999999999 0.037500000000000006 0.08996575 1.5707963267948966 0.18849555921538758 0.7696902001294993 0.0175
3 27 0.9305663199255535 1 0 0.037500000000000006 0.037500000000000006 0.08996575 1.5707963267948966 0.18849555921538758 0.7696902001294993 0.0175
3 27 0.9987569024213226 1 0 0.03749999999999999 0.037500000000000006 0.08996575 1.5707963267948966 0.18849555921538758 0.7696902001294993 0.0175
3 27 1.0548936087982814 1 0 0.03749999999999999 0.037500000000000006 0.08996575 1.5707963267948966 0.18849555921538758 0.7696902001294993 0.0175
4 36 0.9889048702704324 1 0 0.037500000000000006 0.037500000000000006 0.08996575 1.5707963267948966 0.18849555921538758 0.7696902001294993 0.0175
4 36 0.9745570094729352 1 0 0.03749999999999999 0.037500000000000006 0.08996575 1.5707963267948966 0.18849555921538758 0.7696902001294993 0.0175
4 36 1.132497617077659 1 0 0.03749999999999999 0.037500000000000006 0.08996575 1.4834054282285396 0.18849555921538758 0.7696902001294993 0.0175
5 45 1.051007314215971 1 0 0.037500000000000006 0.037500000000000006 0.08996575 1.5707963267948966 0.18849555921538758 0.7696902001294993 0.0175
5 45 0.9687001958479442 1 0 0.03749999999999999 0.037500000000000006 0.08996575 1.5707963267948966 0.18849555921538758 0.7696902001294993 0.0175
5 45 1.1798294959875182 1 0 0.03749999999999999 0.037500000000000006 0.08996575 1.4159428783180454 0.17473641278221846 0.7696902001294993 0.0175
6 54 0.9560902802621973 1 0 0.037500000000000006 0.037500000000000006 0.08996575 1.5707963267948966 0.18849555921538758 0.7696902001294993 0.0175
6 54 0.8983372690545983 1 0 0.03749999999999999 0.037500000000000006 0.08996575 1.5707963267948966 0.18849555921538758 0.7696902001294993 0.0175
6 54 1.1381114419342562 1 0 0.03749999999999999 0.037500000000000006 0.08996575 1.4159428783180454 0.17473641278221846 0.7696902001294993 0.0175
7 63 0.9074228057981759 1 0 0.037500000000000006 0.037500000000000006 0.08996575 1.5707963267948966 0.18849555921538758 0.7696902001294993 0.0175
7 63 0.801902542763123 1 0 0.03749999999999999 0.037500000000000006 0.08996575 1.5707963267948966 0.18849555921538758 0.7696902001294993 0.0175
7 63 1.0721931084414258 1 0 0.03749999999999999 0.037500000000000006 0.08996575 1.4159428783180454 0.17473641278221846 0.7696902001294993 0.0175
8 72 0.9431754039372411 1 0 0.037500000000000006 0.037500000000000006 0.08996575 1.5707963267948966 0.18849555921538758 0.7696902001294993 0.0175
8 72 0.6834927736067247 1 0 0.03749999999999999 0.037500000000000006 0.08996575 1.5707963267948966 0.18849555921538758 0.7696902001294993 0.0175
8 72 0.9326919435828832 1 0 0.03749999999999999 0.037500000000000006 0.08996575 1.4159428783180454 0.17473641278221846 0.7696902001294993 0.0175
9 81 0.8428273898396639 1 0 0.037500000000000006 0.037500000000000006 0.08996575 1.5707963267948966 0.18849555921538758 0.7696902001294993 0.0175
9 81 0.6271429066721085 1 0 0.03749999999999999 0.037500000000000006 0.08996575 1.5707963267948966 0.18849555921538758 0.7696902001294993 0.0175
9 81 0.843092143727159 1 0 0.03749999999999999 0.037500000000000006 0.08996575 1.4159428783180454 0.17473641278221846 0.7696902001294993 0.0175
10 90 0.844993567202957 1 0 0.037500000000000006 0.037500000000000006 0.08996575 1.5707963267948966 0.18849555921538758 0.7696902001294993 0.0175
10 90 0.7980754144411776 1 0 0.03749999999999999 0.037500000000000006 0.08996575 1.4159428783180454 0.17473641278221846 0.7696902001294993 0.0175
10 90 0.6454513695764232 1 0 0.03749999999999999 0.037500000000000006 0.08996575 1.5707963267948966 0.18849555921538758 0.7696902001294993 0.0175
11 99 0.7925185984519476 1 0 0.037500000000000006 0.037500000000000006 0.08996575 1.5707963267948966 0.18849555921538758 0.7696902001294993 0.0175
11 99 0.7499586567429138 1 0 0.03749999999999999 0.037500000000000006 0.08996575 1.4159428783180454 0.17473641278221846 0.7696902001294993 0.0175
11 99 0.642679456851302 1 0 0.03749999999999999 0.037500000000000006 0.08996575 1.5707963267948966 0.18849555921538758 0.7696902001294993 0.0175
12 108 0.7699352633827894 1 0 0.037500000000000006 0.037500000000000006 0.08996575 1.5707963267948966 0.18849555921538758 0.7696902001294993 0.0175
12 108 0.6243181835573268 1 0 0.03749999999999999 0.037500000000000006 0.08996575 1.5707963267948966 0.18849555921538758 0.7696902001294993 0.0175
12 108 0.6957060802783819 1 0 0.03749999999999999 0.037500000000000006 0.08996575 1.4159428783180454 0.17473641278221846 0.7696902001294993 0.0175
13 117 0.7688316429547415 1 0 0.037500000000000006 0.037500000000000006 0.08996575 1.5707963267948966 0.18849555921538758 0.7696902001294993 0.0175
13 117 0.6006043706402122 1 0 0.03749999999999999 0.037500000000000006 0.08996575 1.5707963267948966 0.18849555921538758 0.7696902001294993 0.0175
13 117 0.6333979777225365 1 0 0.03749999999999999 0.037500000000000006 0.08996575 1.4159428783180454 0.17473641278221846 0.7696902001294993 0.0175
14 126 0.8229953931825421 1 0 0.037500000000000006 0.037500000000000006 0.08996575 1.5707963267948966 0.18849555921538758 0.7696902001294993 0.0175
14 126 0.5243331634811357 1 0 0.03749999999999999 0.037500000000000006 0.08996575 1.5707963267948966 0.18849555921538758 0.7696902001294993 0.0175
14 126 0.6781196198550316 1 0 0.03749999999999999 0.037500000000000006 0.08996575 1.4159428783180454 0.17473641278221846 0.7696902001294993 0.0175
15 135 0.7788635511755126 1 0 0.037500000000000006 0.037500000000000006 0.08996575 1.5707963267948966 0.18849555921538758 0.7696902001294993 0.0175
15 135 0.4965057755147862 1 0 0.03749999999999999 0.037500000000000006 0.08996575 1.5707963267948966 0.18849555921538758 0.7696902001294993 0.0175
15 135 0.6710812456268961 1 0 0.03749999999999999 0.037500000000000006 0.08996575 1.4159428783180454 0.17473641278221846 0.7696902001294993 0.0175
16 144 0.7551472433527477 1 0 0.037500000000000006 0.037500000000000006 0.08996575 1.5707963267948966 0.18849555921538758 0.7696902001294993 0.0175
16 144 0.46880823400059585 1 0 0.03749999999999999 0.037500000000000006 0.08996575 1.5707963267948966 0.18849555921538758 0.7696902001294993 0.0175
16 144 0.6124362595945686 1 0 0.03749999999999999 0.037500000000000006 0.08996575 1.4159428783180454 0.17473641278221846 0.7696902001294993 0.0175
17 153 0.6975231203240206 1 0 0.037500000000000006 0.037500000000000006 0.08996575 1.5707963267948966 0.18849555921538758 0.7696902001294993 0.0175
17 153 0.437520590934164 1 0 0.03749999999999999 0.037500000000000006 0.08996575 1.5707963267948966 0.18849555921538758 0.7696902001294993 0.0175
17 153 0.5863717266680717 1 0 0.03749999999999999 0.037500000000000006 0.08996575 1.4159428783180454 0.17473641278221846 0.7696902001294993 0.0175
18 162 0.6292956803287667 1 0 0.037500000000000006 0.037500000000000006 0.08996575 1.5707963267948966 0.18849555921538758 0.7696902001294993 0.0175
18 162 0.611674641127887 1 0 0.03749999999999999 0.037500000000000006 0.08996575 1.4159428783180454 0.17473641278221846 0.7696902001294993 0.0175
18 162 0.38222858180014674 1 0 0.03749999999999999 0.037500000000000006 0.08996575 1.5707963267948966 0.18849555921538758 0.7696902001294993 0.0175
19 171 0.6231967044352454 1 0 0.037500000000000006 0.037500000000000006 0.08996575 1.5707963267948966 0.18849555921538758 0.7696902001294993 0.0175
19 171 0.5900888994860511 1 0 0.03749999999999999 0.037500000000000006 0.08996575 1.4159428783180454 0.17473641278221846 0.7696902001294993 0.0175
19 171 0.3626987472592461 1 0 0.03749999999999999 0.037500000000000006 0.08996575 1.5707963267948966 0.18849555921538758 0.7696902001294993 0.0175
20 180 0.5567754794703514 1 0 0.037500000000000006 0.037500000000000006 0.08996575 1.5707963267948966 0.18849555921538758 0.7696902001294993 0.0175
20 180 0.5427685982419783 1 0 0.03749999999999999 0.037500000000000006 0.08996575 1.4159428783180454 0.17473641278221846 0.7696902001294993 0.0175
20 180 0.3478645919852295 1 0 0.03749999999999999 0.037500000000000006 0.08996575 1.5707963267948966 0.18849555921538758 0.7696902001294993 0.0175
21 189 0.5230408117091095 1 0 0.037500000000000006 0.037500000000000006 0.08996575 1.5707963267948966 0.18849555921538758 0.7696902001294993 0.0175
21 189 0.4701902850709534 1 0 0.03749999999999999 0.037500000000000006 0.08996575 1.4159428783180454 0.17473641278221846 0.7696902001294993 0.0175
21 189 0.33307815580380723 1 0 0.03749999999999999 0.037500000000000006 0.08996575 1.5707963267948966 0.18849555921538758 0.7696902001294993 0.0175
22 198 0.5272442411121591 1 0 0.037500000000000006 0.037500000000000006 0.08996575 1.5707963267948966 0.18849555921538758 0.7696902001294993 0.0175
22 198 0.3984102550480699 1 0 0.03749999999999999 0.037500000000000006 0.08996575 1.4159428783180454 0.17473641278221846 0.7696902001294993 0.0175
22 198 0.29914875902239546 1 0 0.03749999999999999 0.037500000000000006 0.08996575 1.5707963267948966 0.18849555921538758 0.7696902001294993 0.0175
23 207 0.5749778912302423 1 0 0.037500000000000006 0.037500000000000006 0.08996575 1.5707963267948966 0.18849555921538758 0.7696902001294993 0.0175
23 207 0.40164317194623544 1 0 0.03749999999999999 0.037500000000000006 0.08996575 1.4159428783180454 0.17473641278221846 0.7696902001294993 0.0175
23 207 0.26569359636520135 1 0 0.03749999999999999 0.037500000000000006 0.08996575 1.5707963267948966 0.18849555921538758 0.7696902001294993 0.0175
24 216 0.5796516656809938 1 0 0.037500000000000006 0.037500000000000006 0.08996575 1.5707963267948966 0.18849555921538758 0.7696902001294993 0.0175
24 216 0.367577718472584 1 0 0.03749999999999999 0.037500000000000006 0.08996575 1.4159428783180454 0.17473641278221846 0.7696902001294993 0.0175
24 216 0.2522059007389361 1 0 0.03749999999999999 0.037500000000000006 0.08996575 1.5707963267948966 0.18849555921538758 0.7696902001294993 0.0175
25 225 0.5784687632693256 1 0 0.037500000000000006 0.037500000000000006 0.08996575 1.5707963267948966 0.18849555921538758 0.7696902001294993 0.0175
25 225 0.33474822171152796 1 0 0.03749999999999999 0.037500000000000006 0.08996575 1.4159428783180454 0.17473641278221846 0.7696902001294993 0.0175
25 225 0.26031066912683337 1 0 0.03749999999999999 0.037500000000000006 0.08996575 1.5707963267948966 0.18849555921538758 0.7696902001294993 0.0175
26 234 0.5594803644926091 1 0 0.037500000000000006 0.037500000000000006 0.08996575 1.5707963267948966 0.18849555921538758 0.7696902001294993 0.0175
26 234 0.28757421573233555 1 0 0.03749999999999999 0.037500000000000006 0.08996575 1.4159428783180454 0.17473641278221846 0.7696902001294993 0.0175
26 234 0.25605894321326 1 0 0.03749999999999999 0.037500000000000006 0.08996575 1.5707963267948966 0.18849555921538758 0.7696902001294993 0.0175
27 243 0.5124597822899963 1 0 0.037500000000000006 0.037500000000000006 0.08996575 1.5707963267948966 0.18849555921538758 0.7696902001294993 0.0175
27 243 0.2835106102843655 1 0 0.03749999999999999 0.037500000000000006 0.08996575 1.4159428783180454 0.17473641278221846 0.7696902001294993 0.0175
27 243 0.241344484359431 1 0 0.03749999999999999 0.037500000000000006 0.08996575 1.5707963267948966 0.18849555921538758 0.7696902001294993 0.0175
28 252 0.5189969556153645 1 0 0.037500000000000006 0.037500000000000006 0.08996575 1.5707963267948966 0.18849555921538758 0.7696902001294993 0.0175
28 252 0.2858952285989066 1 0 0.03749999999999999 0.037500000000000006 0.08996575 1.4159428783180454 0.17473641278221846 0.7696902001294993 0.0175
28 252 0.24042750426621942 1 0 0.03749999999999999 0.037500000000000006 0.08996575 1.5707963267948966 0.18849555921538758 0.7696902001294993 0.0175
29 261 0.495949554135994 1 0 0.037500000000000006 0.037500000000000006 0.08996575 1.5707963267948966 0.18849555921538758 0.7696902001294993 0.0175
29 261 0.26349452085412256 1 0 0.03749999999999999 0.037500000000000006 0.08996575 1.4159428783180454 0.17473641278221846 0.7696902001294993 0.0175
29 261 0.24009687961343715 1 0 0.03749999999999999 0.037500000000000006 0.08996575 1.5707963267948966 0.18849555921538758 0.7696902001294993 0.0175
30 270 0.5321495242209645 1 0 0.037500000000000006 0.037500000000000006 0.08996575 1.5707963267948966 0.18849555921538758 0.7696902001294993 0.0175
30 270 0.24721836430258642 1 0 0.03749999999999999 0.037500000000000006 0.08996575 1.4159428783180454 0.17473641278221846 0.7696902001294993 0.0175
30 270 0.23140771171209154 1 0 0.03749999999999999 0.037500000000000006 0.08996575 1.5707963267948966 0.18849555921538758 0.7696902001294993 0.0175
31 279 0.4910540516386073 1 0 0.037500000000000006 0.037500000000000006 0.08996575 1.5707963267948966 0.18849555921538758 0.7696902001294993 0.0175
31 279 0.243511068080606 1 0 0.03749999999999999 0.037500000000000006 0.08996575 1.4159428783180454 0.17473641278221846 0.7696902001294993 0.0175
31 279 0.19957499299842546 1 0 0.03749999999999999 0.037500000000000006 0.08996575 1.5707963267948966 0.18849555921538758 0.7696902001294993 0.0175
32 288 0.44640260771097756 1 0 0.037500000000000006 0.037500000000000006 0.08996575 1.5707963267948966 0.18849555921538758 0.7696902001294993 0.0175
32 288 0.22682511213481873 1 0 0.03749999999999999 0.037500000000000006 0.08996575 1.4159428783180454 0.17473641278221846 0.7696902001294993 0.0175
32 288 0.1862071760603557 1 0 0.03749999999999999 0.037500000000000006 0.08996575 1.5707963267948966 0.18849555921538758 0.7696902001294993 0.0175
33 297 0.40831523789296437 1 0 0.037500000000000006 0.037500000000000006 0.08996575 1.5707963267948966 0.18849555921538758 0.7696902001294993 0.0175
33 297 0.20480351533775099 1 0 0.03749999999999999 0.037500000000000006 0.08996575 1.4159428783180454 0.17473641278221846 0.7696902001294993 0.0175
33 297 0.1734558243993698 1 0 0.03749999999999999 0.037500000000000006 0.08996575 1.5707963267948966 0.18849555921538758 0.7696902001294993 0.0175
34 306 0.35252930144537054 1 0 0.037500000000000006 0.037500000000000006 0.08996575 1.5707963267948966 0.18849555921538758 0.7696902001294993 0.0175
34 306 0.22400595373576968 1 0 0.03749999999999999 0.037500000000000006 0.08996575 1.4159428783180454 0.17473641278221846 0.7696902001294993 0.0175
34 306 0.1629396476175143 1 0 0.03749999999999999 0.037500000000000006 0.08996575 1.5707963267948966 0.18849555921538758 0.7696902001294993 0.0175
35 315 0.34509392430736596 1 0 0.037500000000000006 0.037500000000000006 0.08996575 1.5707963267948966 0.18849555921538758 0.7696902001294993 0.0175
35 315 0.22859965520429035 1 0 0.03749999999999999 0.037500000000000006 0.08996575 1.4159428783180454 0.17473641278221846 0.7696902001294993 0.0175
35 315 0.15008633449951175 1 0 0.03749999999999999 0.037500000000000006 0.08996575 1.5707963267948966 0.18849555921538758 0.7696902001294993 0.0175
36 324 0.3292564606046352 1 0 0.037500000000000006 0.037500000000000006 0.08996575 1.5707963267948966 0.18849555921538758 0.7696902001294993 0.0175
36 324 0.21815126490633324 1 0 0.03749999999999999 0.037500000000000006 0.08996575 1.4159428783180454 0.17473641278221846 0.7696902001294993 0.0175
36 324 0.1617621130322755 1 0 0.03749999999999999 0.037500000000000006 0.08996575 1.5707963267948966 0.18849555921538758 0.7696902001294993 0.0175
37 333 0.2871522901525763 1 0 0.037500000000000006 0.037500000000000006 0.08996575 1.5707963267948966 0.18849555921538758 0.7696902001294993 0.0175
37 333 0.20387768166452694 1 0 0.03749999999999999 0.037500000000000006 0.08996575 1.4159428783180454 0.17473641278221846 0.7696902001294993 0.0175
37 333 0.1734494194576782 1 0 0.03749999999999999 0.037500000000000006 0.08996575 1.5707963267948966 0.18849555921538758 0.7696902001294993 0.0175
38 342 0.2666114297945292 1 0 0.037500000000000006 0.037500000000000006 0.08996575 1.5707963267948966 0.18849555921538758 0.7696902001294993 0.0175
38 342 0.18929669589669768 1 0 0.03749999999999999 0.037500000000000006 0.08996575 1.4159428783180454 0.17473641278221846 0.7696902001294993 0.0175
38 342 0.16405357878579355 1 0 0.03749999999999999 0.037500000000000006 0.08996575 1.5707963267948966 0.18849555921538758 0.7696902001294993 0.0175
39 351 0.2537851397100813 1 0 0.037500000000000006 0.037500000000000006 0.08996575 1.5707963267948966 0.18849555921538758 0.7696902001294993 0.0175
39 351 0.17534542602550182 1 0 0.03749999999999999 0.037500000000000006 0.08996575 1.4159428783180454 0.17473641278221846 0.7696902001294993 0.0175
39 351 0.16282490789581433 1 0 0.03749999999999999 0.037500000000000006 0.08996575 1.5707963267948966 0.18849555921538758 0.7696902001294993 0.0175
40 360 0.27446146947767647 1 0 0.037500000000000006 0.037500000000000006 0.08996575 1.5707963267948966 0.18849555921538758 0.7696902001294993 0.0175
40 360 0.17084640879418483 1 0 0.03749999999999999 0.037500000000000006 0.08996575 1.4159428783180454 0.17473641278221846 0.7696902001294993 0.0175
40 360 0.16998301996456014 1 0 0.03749999999999999 0.037500000000000006 0.08996575 1.5707963267948966 0.18849555921538758 0.7696902001294993 0.0175
41 369 0.2696487509103644 1 0 0.037500000000000006 0.037500000000000006 0.08996575 1.5707963267948966 0.18849555921538758 0.7696902001294993 0.0175
41 369 0.15103665534899777 1 0 0.03749999999999999 0.037500000000000006 0.08996575 1.4159428783180454 0.17473641278221846 0.7696902001294993 0.0175
41 369 0.17558024934157188 1 0 0.03749999999999999 0.037500000000000006 0.08996575 1.5707963267948966 0.18849555921538758 0.7696902001294993 0.0175
42 378 0.25973567309841716 1 0 0.037500000000000006 0.037500000000000006 0.08996575 1.5707963267948966 0.18849555921538758 0.7696902001294993 0.0175
42 378 0.12962622970504772 1 0 0.03749999999999999 0.037500000000000006 0.08996575 1.4159428783180454 0.17473641278221846 0.7696902001294993 0.0175
42 378 0.15514178481315724 1 0 0.03749999999999999 0.037500000000000006 0.08996575 1.5707963267948966 0.18849555921538758 0.7696902001294993 0.0175
43 387 0.24898089341249874 1 0 0.037500000000000006 0.037500000000000006 0.08996575 1.5707963267948966 0.18849555921538758 0.7696902001294993 0.0175
43 387 0.1249479212459716 1 0 0.03749999999999999 0.037500000000000006 0.08996575 1.4159428783180454 0.17473641278221846 0.7696902001294993 0.0175
43 387 0.1580972673726614 1 0 0.03749999999999999 0.037500000000000006 0.08996575 1.5707963267948966 0.18849555921538758 0.7696902001294993 0.0175
44 396 0.23625582458998212 1 0 0.037500000000000006 0.037500000000000006 0.08996575 1.5707963267948966 0.18849555921538758 0.7696902001294993 0.0175
44 396 0.11480670329105595 1 0 0.03749999999999999 0.037500000000000006 0.08996575 1.4159428783180454 0.17473641278221846 0.7696902001294993 0.0175
44 396 0.14942505093662561 1 0 0.03749999999999999 0.037500000000000006 0.08996575 1.5707963267948966 0.18849555921538758 0.7696902001294993 0.0175
45 405 0.23098099651502738 1 0 0.037500000000000006 0.037500000000000006 0.08996575 1.5707963267948966 0.18849555921538758 0.7696902001294993 0.0175
45 405 0.23098099651502738 1 0 0.037500000000000006 0.037500000000000006 0.08996575 1.5707963267948966 0.18849555921538758 0.7696902001294993 0.0175
45 405 0.10334357880390962 1 0 0.03749999999999999 0.037500000000000006 0.08996575 1.4159428783180454 0.17473641278221846 0.7696902001294993 0.0175
45 405 0.1676439537324513 1 0 0.03749999999999999 0.037500000000000006 0.08996575 1.5707963267948966 0.18849555921538758 0.7696902001294993 0.0175
45 405 0.10334357880390962 1 0 0.03749999999999999 0.037500000000000006 0.08996575 1.4159428783180454 0.17473641278221846 0.7696902001294993 0.0175
45 405 0.1676439537324513 1 0 0.03749999999999999 0.037500000000000006 0.08996575 1.5707963267948966 0.18849555921538758 0.7696902001294993 0.0175
