% # columns="iteration, evaluation, sigma, void, void,  stds==sigma*sigma_vec.scaling*sqrt(diag(C))", seed=2567, Sat Aug 29 14:18:28 2026, <python>{}</python>
1 9 0.9449729899729059 0 0 0.03587690611771669 0.035765229965352655 0.08048810889316227 1.5376968588120659 0.17692963321268976 0.7141808469386624 0.016413959188801616
1 9 0.944972989972906 0 0 0.035658554970800865 0.03627349137605719 0.079618851841746 1.536164398702313 0.17678185162711643 0.7142471022493901 0.016465060998109498
1 9 0.9449729899729059 0 0 0.03569802532440911 0.03604300707918269 0.07945268516345058 1.5362264857094234 0.17806022905836416 0.7179498853953232 0.016384138044381588
2 18 0.931498185426449 0 0 0.03703268187638654 0.03504349397201767 0.08075475283311802 1.5371359553131212 0.17277574702056755 0.6604840466059116 0.015723316220727625
2 18 0.9874616872607684 0 0 0.03761743692883644 0.03522094285176119 0.08414161259909658 1.7516505771403768 0.18509055984249828 0.7513683361983051 0.016904293287235545
2 18 0.9602117337208809 0 0 0.036779378791177104 0.03654365013240993 0.0788725357575911 1.5907231818199048 0.1785224266567514 0.7456945555506811 0.015973151549287253
3 27 0.9305663199255535 0 0 0.03628369775475866 0.03401153426235277 0.07949647774557585 1.6061950063167842 0.16491523716858963 0.6649557680168955 0.01538887046834368
3 27 0.9987569024213226 0 0 0.03885061614974985 0.036929360057732785 0.08087095953666136 1.611410331887977 0.18442180986041637 0.770294181245895 0.01740241915200397
3 27 1.0548936087982814 0 0 0.03926819286268191 0.03793757497371507 0.08785433005372409 1.9714096927240181 0.20683151140690356 0.7772860577039695 0.017427582972977796
4 36 0.9889048702704324 0 0 0.03951570020018328 0.03579264447273453 0.0806908800673648 1.6983936330155955 0.1734121068501029 0.7032666672740276 0.01731988177487036
4 36 1.132497617077659 0 0 0.04034219806838085 0.039719793745350666 0.09575363598476559 2.0943951023931957 0.23869733776959853 0.8197702202678321 0.018136668261352764
4 36 0.9745570094729352 0 0 0.0381383135025525 0.03696870132589877 0.07339767184106555 1.5590505847651261 0.1908090593215423 0.7254711008557533 0.017050385492844825
5 45 1.051007314215971 0 0 0.0410715323844224 0.038344393893919256 0.08176334378024745 1.7434170816361334 0.19068591944574712 0.7494356104143078 0.01966601912674709
5 45 0.9687001958479442 0 0 0.03864496291793124 0.03702847269741612 0.07048141442200491 1.5148918418789317 0.19582951739825774 0.7119794014377686 0.01622623151073885
5 45 1.1798294959875182 0 0 0.041987626309187405 0.039659324935034095 0.09772903011126542 2.0943951023931953 0.2513274122871834 0.8573594709010871 0.019993736150240915
6 54 0.9560902802621973 0 0 0.038774627832158015 0.034665268382143385 0.0742980852191645 1.468863306745984 0.17083168975906973 0.6697098813209138 0.017744275996580752
6 54 0.8983372690545983 0 0 0.03459765779714269 0.03478561705962559 0.06417864788545223 1.385761930187551 0.1842393859299322 0.6684360554812115 0.013981011071288432
6 54 1.1381114419342562 0 0 0.040344673848727974 0.03723102064464969 0.09293722402663022 2.020536648321416 0.23975105032296964 0.834094484157295 0.01885794577395043
7 63 0.9074228057981759 0 0 0.036486343750799476 0.032848064839190484 0.07051606263325533 1.269295541561119 0.1637287739915113 0.6325401893175894 0.017280533534547622
7 63 0.801902542763123 0 0 0.030859375480296 0.030765265123777457 0.055945077062982344 1.1262374601160787 0.16309438858445735 0.6010785792618696 0.012380562000596675
7 63 1.0721931084414258 0 0 0.03676906890602334 0.034282465324147936 0.0857547317421533 1.8380596536195668 0.22359083635727522 0.808715034060242 0.01776765480724945
8 72 0.9431754039372411 0 0 0.03740132532424144 0.03688351337603704 0.07193617318557237 1.2015121823127484 0.17692533423900428 0.6455012349998016 0.017341587782469862
8 72 0.6834927736067247 0 0 0.02528849239783356 0.026237955237321055 0.04683729971607127 0.9359338820081455 0.14111709798643177 0.4966412819330243 0.010315535339780668
8 72 0.9326919435828832 0 0 0.031993837844144286 0.029702618080656006 0.07340866934708358 1.4902786950712212 0.18820798082007967 0.6929295804816464 0.015401261750705707
9 81 0.8428273898396639 0 0 0.032140699317185446 0.03375857134671228 0.06435551527227716 0.9798027836552576 0.15254742208026958 0.5687857611966808 0.01565216460373993
9 81 0.843092143727159 0 0 0.028848399314826845 0.027036751386808226 0.06559159762776072 1.2934832989820868 0.16551745590285347 0.6016731025540717 0.014102995149612628
9 81 0.6271429066721085 0 0 0.022659102346930537 0.023087222693486467 0.042234014505434875 0.8607355424816299 0.13178397198407216 0.4480058960662986 0.009529145991346976
10 90 0.844993567202957 0 0 0.03478815891398014 0.03459129892320643 0.06201799274894615 0.9061639718531571 0.15190306339864926 0.5684267236234922 0.015659469673894564
10 90 0.6454513695764232 0 0 0.023102628852039866 0.023537419844979767 0.04228623133424937 0.8784416972812061 0.1432550294707757 0.4598125242225261 0.009422231678404072
10 90 0.7980754144411776 0 0 0.02725659407663358 0.02724348724315546 0.05913736594539797 1.1566692247077819 0.15715443609908522 0.5719013094179897 0.012831475179194668
11 99 0.7925185984519476 0 0 0.03335124030897221 0.032676566330999274 0.05163561731946649 0.8218998051335953 0.1457049877293725 0.527039549372661 0.015122488129189619
11 99 0.642679456851302 0 0 0.023741519843557213 0.022059866303676328 0.04066300415672236 0.8802143176975568 0.14376936487652722 0.4751712116287079 0.009215292508567022
11 99 0.7499586567429138 0 0 0.025778425013028565 0.02576683131442498 0.05270241344695901 1.0768428831679138 0.14096077921905945 0.508644847304344 0.012537403155585405
12 108 0.7699352633827894 0 0 0.031625007484210065 0.02881314656436923 0.049490739618784106 0.8122078901113522 0.13745909936974296 0.5301694007788045 0.014776783296701809
12 108 0.6243181835573268 0 0 0.024027183559867923 0.021006210163691558 0.0392713295114912 0.8463486041583015 0.1318803196614706 0.46138226607818866 0.008933604487686823
12 108 0.6957060802783819 0 0 0.024604986475012566 0.023878978530836023 0.04784510003050106 0.8975836459822304 0.12499635175081605 0.47088291293114504 0.011246786406744716
13 117 0.7688316429547415 0 0 0.03157580267994997 0.029894947832466847 0.047188635353700374 0.7898502868117588 0.1386146018941404 0.5446972396031016 0.014560605490081592
13 117 0.6006043706402122 0 0 0.024094086395125003 0.02011534805611434 0.03715713042323843 0.7590825726410796 0.12260354329444427 0.4352309878380989 0.008518270908675879
13 117 0.6333979777225365 0 0 0.022704239380724873 0.021639692366551656 0.04235761160843579 0.7608814807139501 0.11067518530534694 0.42422804842363854 0.010192605777454603
14 126 0.8229953931825421 0 0 0.032236978492459316 0.03348127264094855 0.047857272380957876 0.8665218259142371 0.14941374174383842 0.6281832307813918 0.015564392499450309
14 126 0.5243331634811357 0 0 0.02111072993560378 0.017383851261564408 0.02874012256307751 0.6619868360841445 0.10971996600529693 0.38240011963272635 0.0072871034732386805
14 126 0.6781196198550316 0 0 0.02419737312124175 0.023583921058674052 0.04053222638791367 0.8418701439879587 0.1219336740538626 0.44079775663133175 0.010697914617374208
15 135 0.7788635511755126 0 0 0.03024992568678253 0.03159279513034163 0.04392644752058407 0.795746921092885 0.14022474955383454 0.6057292189808305 0.014545107238046426
15 135 0.4965057755147862 0 0 0.020417157980896453 0.016760818884260287 0.02591085948740307 0.6080417423083674 0.10175353511622956 0.35614017788044433 0.00694640681398455
15 135 0.6710812456268961 0 0 0.024440381973986135 0.022419972754406596 0.03829153233854901 0.8440669033481129 0.12600092978978533 0.4367473816824076 0.010744163917747743
16 144 0.7551472433527477 0 0 0.029649900318953135 0.030010977831200877 0.041012235920344475 0.7599295320172258 0.1343441684940253 0.5983456529399427 0.013475190119430653
16 144 0.46880823400059585 0 0 0.018977671312013125 0.015935795642325425 0.02363193331399105 0.5757592210166323 0.09864439992685534 0.3221350497793341 0.006536787342364115
16 144 0.6124362595945686 0 0 0.02075200555790949 0.020455520419335984 0.03327163659609232 0.7533812403469422 0.11574077556883268 0.38925978831921415 0.01001953156385137
17 153 0.6975231203240206 0 0 0.02677558683542943 0.028029983105488772 0.036828782719500214 0.6642544490763959 0.1242016305306705 0.5335699377827186 0.012472084235701331
17 153 0.437520590934164 0 0 0.017669406788616684 0.014955945991907351 0.021003227077211428 0.5333129497181421 0.08670194654040031 0.2978561674207015 0.005950947039452525
17 153 0.5863717266680717 0 0 0.020180212949034066 0.019516023242016862 0.029400035706110182 0.7010433396137433 0.11149994396733835 0.38773329982374 0.009399857638865463
18 162 0.6292956803287667 0 0 0.024300255019295617 0.024655898502418054 0.032310973083451 0.5955328492817987 0.11103335185137052 0.47977862340877503 0.011117636501479315
18 162 0.611674641127887 0 0 0.021378858265394117 0.02077542629498049 0.02863987163110128 0.7056123911305477 0.12169067406449778 0.4128024277317039 0.009830140471069044
18 162 0.38222858180014674 0 0 0.015434770068876101 0.012932136012224276 0.017514458059801907 0.4655712930260178 0.07355492317472084 0.2584853367983855 0.005057526417703623
19 171 0.6231967044352454 0 0 0.023200670625783834 0.023917348359553028 0.03150837825274129 0.5739189310432955 0.11151276144564143 0.4698940605392395 0.010656955818200007
19 171 0.5900888994860511 0 0 0.02034316934985788 0.019027386572024158 0.02802607746881969 0.6469219815445069 0.11697122261835723 0.4117881124790588 0.009418591532941032
19 171 0.3626987472592461 0 0 0.01455595908448227 0.011936770535946429 0.016231703337347723 0.41140436430929517 0.06961133208434829 0.24967207409494357 0.00480945382495698
20 180 0.5567754794703514 0 0 0.02015813972184335 0.021423484929809646 0.027399585057081306 0.48179325225848546 0.09868982896994645 0.41105287599355506 0.010037358704475278
20 180 0.5427685982419783 0 0 0.018068466176423555 0.01758911927191693 0.024868134145106392 0.5918203634166901 0.10320286958688826 0.37992871139786266 0.00865721265419094
20 180 0.3478645919852295 0 0 0.013928204383334596 0.011172872516402923 0.015241645396973383 0.39855427798597104 0.06904776488099237 0.23228992925226638 0.004506812208704134
21 189 0.5230408117091095 0 0 0.019295328646662883 0.019913965255607912 0.023474855425828004 0.46200362312533216 0.09016857228814464 0.3940496516110665 0.009224884704677687
21 189 0.4701902850709534 0 0 0.015430244883067627 0.014825544150707564 0.02148591766678349 0.4943723663150806 0.08992641635380993 0.33074835478236464 0.0075768035686733575
21 189 0.33307815580380723 0 0 0.013457094112526408 0.010480552915191328 0.0147468263133774 0.37660074647760733 0.0679326542299518 0.2176511435513429 0.004111376150857915
22 198 0.5272442411121591 0 0 0.0192446091904751 0.02012482451168152 0.022041466552982874 0.450460596723333 0.09315130140165696 0.39457183322033895 0.00920913279367338
22 198 0.3984102550480699 0 0 0.013034201649123112 0.012448194318893853 0.017935326765360114 0.4057769867387024 0.07635432626171179 0.28050291719399484 0.0062162628736817825
22 198 0.29914875902239546 0 0 0.01213381870631606 0.009385543294269803 0.01291176574518017 0.32019597599089394 0.06006240413204633 0.1933398304985509 0.0037114642510388315
23 207 0.5749778912302423 0 0 0.020383725861347794 0.020923081480954692 0.023979281108841455 0.48408376947975557 0.1002351361727166 0.4588973566782436 0.010685539323920008
23 207 0.40164317194623544 0 0 0.012834356271828348 0.011737522452716361 0.017769708539180584 0.405182847676627 0.07890617290971423 0.2793706113282307 0.006389321345056379
23 207 0.26569359636520135 0 0 0.010474380287036775 0.008004678654938402 0.011405999333042803 0.2871102194149039 0.05193375338509361 0.16463654090243776 0.0032492437649727793
24 216 0.5796516656809938 0 0 0.02092347323515369 0.020712933208960557 0.023625405327954725 0.48843707317065754 0.10010365592511225 0.4707268675192356 0.00996876134156923
24 216 0.367577718472584 0 0 0.01203686122935992 0.010135041815586169 0.014932251875616063 0.3653906255753628 0.07353076209596848 0.2546266936825528 0.006033279576496555
24 216 0.2522059007389361 0 0 0.009674484287566332 0.0072878797372920535 0.010957267357560706 0.27282401528126765 0.04896212844929536 0.15774422948322622 0.003050830174670138
25 225 0.5784687632693256 0 0 0.019456342182771914 0.021039680686373515 0.02307967268635026 0.47911063511397656 0.09942205878529416 0.4583798214488754 0.010351387736418518
25 225 0.33474822171152796 0 0 0.010443116311210827 0.009218802372045651 0.013400448571575128 0.33926967534540975 0.06555811459283718 0.22844068453048122 0.0054576722798607424
25 225 0.26031066912683337 0 0 0.010029748404022572 0.007487162100595777 0.010937357659560698 0.26223322437663515 0.051879527583319596 0.17053622767221668 0.00328425292208024
26 234 0.5594803644926091 0 0 0.01889392405240958 0.020859954073452282 0.021707794585275945 0.44209933244512756 0.09358602828439713 0.4496151330901205 0.00997798209124036
26 234 0.28757421573233555 0 0 0.008947620072463228 0.007630371860380745 0.010985876131737035 0.2893318170536545 0.05636990751711212 0.18884215618047637 0.0045903697435359095
26 234 0.25605894321326 0 0 0.00981163485026092 0.007319499751301535 0.010342134468327456 0.24946625197690522 0.05111790563591767 0.16819778600484359 0.00328554405303291
27 243 0.5124597822899963 0 0 0.01639893235924697 0.01938371900177815 0.01980716828308411 0.39660654709670085 0.08245825090946499 0.41502384963113237 0.008871849424092443
27 243 0.2835106102843655 0 0 0.00858418850665266 0.007588341181218546 0.010744051367275803 0.28605791039075557 0.05417025376545381 0.1825906610932786 0.004599079999116436
27 243 0.241344484359431 0 0 0.009025806159326737 0.006575145347968201 0.009511035543045592 0.23521795800238524 0.04875205699658939 0.1584914334066832 0.0030901751160518666
28 252 0.5189969556153645 0 0 0.016430457496366027 0.020200154909605833 0.019232057234017486 0.42808832945654385 0.08151233128292823 0.4248091086222138 0.009047909633340666
28 252 0.2858952285989066 0 0 0.008542370403705292 0.007673734487044787 0.01052499764803066 0.2863718714672053 0.05327590562756498 0.1831937456717998 0.0046458060394729385
28 252 0.24042750426621942 0 0 0.008970905153390418 0.006525501533809208 0.009086734643625713 0.23875176492381203 0.04858186882314179 0.15667056593888207 0.0030435586190288486
29 261 0.495949554135994 0 0 0.01594597651164509 0.018310107035801597 0.01776606299304601 0.4062608841555302 0.07670628548509045 0.4043652873284815 0.008762499039605316
29 261 0.26349452085412256 0 0 0.007841421591032755 0.00716447346460281 0.009474672576122306 0.25647953549660757 0.047965321188599724 0.16197405579375088 0.004269925643423009
29 261 0.24009687961343715 0 0 0.009016040408696493 0.0062575383178485825 0.008968379524187458 0.23132229774961718 0.04694031281247224 0.155546721302844 0.0031458161293006414
30 270 0.5321495242209645 0 0 0.016385008613069095 0.01965223508943891 0.019162161285844498 0.4386515242148175 0.08251183926399289 0.4384103974250313 0.00966209136538039
30 270 0.24721836430258642 0 0 0.0072883090370830465 0.006499826547261948 0.008676720244216398 0.23330613003369405 0.047485694177437886 0.1525895996920108 0.003962492333685468
30 270 0.23140771171209154 0 0 0.008222616972879794 0.005916174104321745 0.008777057373729967 0.223681216343937 0.04545471592481994 0.15032288063546598 0.0029647735983535446
31 279 0.4910540516386073 0 0 0.015544711838240504 0.017614183535077887 0.017092208498183548 0.3816709597627851 0.07825397249337829 0.42534589007525636 0.008818946397101573
31 279 0.243511068080606 0 0 0.007334211542755119 0.00619558236565215 0.008222576108595349 0.22754179642272956 0.04645440791899604 0.1529055995520176 0.004028221861477835
31 279 0.19957499299842546 0 0 0.007086330902009219 0.0049989239340949305 0.007482674182675857 0.18608735224849554 0.0399004366133367 0.12657204387079232 0.0024532932028546923
32 288 0.44640260771097756 0 0 0.014192684249634668 0.01555161591352824 0.015270057785181885 0.32955390152604924 0.07226710635992044 0.36774838553409617 0.008267036967673665
32 288 0.22682511213481873 0 0 0.006444343860138573 0.005820446778045932 0.0073637005123351265 0.20893148825342064 0.0445370873717316 0.1382740831528603 0.003760609700837644
32 288 0.1862071760603557 0 0 0.00661088181814142 0.004428717329380005 0.00670738736234528 0.17845365077104416 0.03750687645029057 0.11916067402543883 0.002236419672251538
33 297 0.40831523789296437 0 0 0.013061054388828517 0.014122304289177254 0.013051790981660254 0.29054489184681287 0.06551112381347737 0.34043796481271554 0.007665439598976194
33 297 0.20480351533775099 0 0 0.005819880379824202 0.00519867813080091 0.006449531366302363 0.1837032548605179 0.04105171478583867 0.12193395480212862 0.0033616477971605036
33 297 0.1734558243993698 0 0 0.006174676680576858 0.004110925146129909 0.00579017103803541 0.16123965277564256 0.03509456380844214 0.11441829394661793 0.0020735149907554957
34 306 0.35252930144537054 0 0 0.010936689560606668 0.012106371807944858 0.010679473718878108 0.24647365054191614 0.057356017202356384 0.2887536887336006 0.006618765364455733
34 306 0.22400595373576968 0 0 0.006448996730735195 0.005757367126621769 0.0067621055041320495 0.21558362624085453 0.046288044225063135 0.13479536045928847 0.003763293486251388
34 306 0.1629396476175143 0 0 0.005807840484931678 0.0037747845202577204 0.005497459541795525 0.15254258645598476 0.032780784559113825 0.1073450585905572 0.0018965076623394756
35 315 0.34509392430736596 0 0 0.01021769908003272 0.011793191102660723 0.010592985071606706 0.24522010317688053 0.06126850324485709 0.272103129508355 0.006474346905936756
35 315 0.22859965520429035 0 0 0.006535714536492197 0.005389789815336802 0.00684755157521523 0.21065483903101864 0.048972913185974416 0.13720740854680516 0.0038755225771288085
35 315 0.15008633449951175 0 0 0.005326513650153962 0.003394981909265215 0.0049077196919916554 0.1378748676312358 0.029728622041760498 0.10090081564258291 0.0016890572962143008
36 324 0.3292564606046352 0 0 0.009615270576384588 0.01144395739840017 0.010040637314278433 0.22932340253125522 0.057843859380444104 0.2547781040274738 0.006163839089556607
36 324 0.21815126490633324 0 0 0.0060952456681964565 0.005050488658452898 0.006381720416545276 0.21517981837374905 0.045904294901823 0.1320262560542931 0.003649605527084804
36 324 0.1617621130322755 0 0 0.005777745517063173 0.0035011457984985006 0.005190349874436195 0.1647653349032331 0.031659550209655385 0.10695902142542324 0.0018532227152584912
37 333 0.2871522901525763 0 0 0.008167614165211256 0.009593803568011063 0.00864737399076754 0.20531891700342245 0.050569246252564724 0.21466261575911671 0.005180843777858314
37 333 0.20387768166452694 0 0 0.005689661266038366 0.0046045325655820965 0.005986839536512083 0.19623571880942395 0.04340024874751051 0.12084932274078106 0.0032272848039654055
37 333 0.1734494194576782 0 0 0.00659866519064795 0.0037193218422547775 0.005586924349896332 0.1766426882123507 0.0336344883483707 0.11031344245807734 0.00201069482363087
38 342 0.2666114297945292 0 0 0.007469294838219213 0.009059171653661028 0.0075548374131948195 0.18701833479158625 0.04701295311693126 0.19864716285389433 0.004866199171129238
38 342 0.18929669589669768 0 0 0.00530599780811908 0.004003443966013912 0.005353539710418525 0.1828160884884454 0.04085006897210232 0.11044322903808584 0.002953741022326142
38 342 0.16405357878579355 0 0 0.006021406888593221 0.0034748579418802275 0.005114200833860095 0.1668315345256071 0.03182220245932958 0.10561164868126052 0.001969279109304362
39 351 0.2537851397100813 0 0 0.00687444526011197 0.00873077470934187 0.007032752213685917 0.17295531938467082 0.044481499162795056 0.1889461935907491 0.004558490990230187
39 351 0.17534542602550182 0 0 0.0048658402539272115 0.0037033817741732315 0.004370012300184263 0.16971429647018574 0.03778884515706143 0.1016245231997669 0.002788988351933271
39 351 0.16282490789581433 0 0 0.0059572103090692035 0.0034573839887120164 0.004942823670107294 0.16708317794655253 0.03158548889158602 0.1034708269880426 0.0019374928729680638
40 360 0.27446146947767647 0 0 0.007407619631258915 0.009456408931321353 0.007328252846295522 0.18721136109910935 0.04764963809226202 0.2034949489971923 0.00530165567011313
40 360 0.17084640879418483 0 0 0.004556255992837233 0.0035795530239416196 0.004110405251303107 0.17208430391611873 0.03719522056908241 0.09998018098277038 0.002761483745944626
40 360 0.16998301996456014 0 0 0.006182507924866931 0.0035801953444075207 0.00495394036509667 0.1780064459320935 0.03400742704111738 0.10528721529632275 0.0021872856149692966
41 369 0.2696487509103644 0 0 0.007460025787438159 0.008728531483896726 0.006855105952105275 0.18266931006808246 0.045862611820945344 0.19669562730116666 0.0052842439200542005
41 369 0.15103665534899777 0 0 0.00402401082107017 0.0032007720233410315 0.0034595522370513376 0.1457828512464322 0.032283997418359835 0.08373458237406946 0.0023949610463236677
41 369 0.17558024934157188 0 0 0.005899960637948057 0.003761074200591969 0.004986797246309483 0.18116977454689998 0.03692783023682408 0.10611053129185805 0.002341999659677958
42 378 0.25973567309841716 0 0 0.007183525775101168 0.008319011914004519 0.006322762041837339 0.1677530317502681 0.042086198678283955 0.18757251980034165 0.005080716503845531
42 378 0.12962622970504772 0 0 0.0034247694575801546 0.002680240397000416 0.0029297004671538546 0.12471914222504883 0.02770179253187273 0.06674540833577926 0.0020731740528420277
42 378 0.15514178481315724 0 0 0.005129807811152809 0.003100800655416922 0.004350235136564893 0.160240673995025 0.03221259045343427 0.0923608087220286 0.002071399098007275
43 387 0.24898089341249874 0 0 0.006884218281524903 0.00785128946010211 0.00608928587012558 0.15541765915704242 0.040951593487500805 0.17226978775828278 0.0048680335138161284
43 387 0.1249479212459716 0 0 0.0033537607823078777 0.0025578806324655905 0.002735375171488277 0.11804185134384843 0.02662927205783315 0.06438797812108386 0.001892057717246367
43 387 0.1580972673726614 0 0 0.004932744046537584 0.0033933139620654145 0.004633848381561957 0.17267499547503432 0.03248099533287048 0.09463949763734754 0.002081443675580697
44 396 0.23625582458998212 0 0 0.006161821596215846 0.007507926892254641 0.00580890704400445 0.14458289480892053 0.038365876267944805 0.16926822705686634 0.004311455893605629
44 396 0.11480670329105595 0 0 0.0029546724446067093 0.0023355315318625124 0.002479693719066237 0.10299267882854857 0.023284186718647026 0.05899723161720721 0.0017515586365942147
44 396 0.14942505093662561 0 0 0.004657641584180287 0.0033313820767271757 0.004243215850297343 0.16426488490819488 0.031116800384814677 0.08868954664835417 0.001969139469395992
45 405 0.23098099651502738 0 0 0.005964960377713218 0.007283163172567522 0.005587140674888762 0.14116707053675676 0.03948781805414726 0.1634662240401222 0.004206190914531517
45 405 0.23098099651502738 0 0 0.005964960377713218 0.007283163172567522 0.005587140674888762 0.14116707053675676 0.03948781805414726 0.1634662240401222 0.004206190914531517
45 405 0.10334357880390962 0 0 0.002606727047989884 0.00208526770050907 0.0022209931904126 0.0869021668289076 0.021159375298297027 0.05352082654206041 0.0015889995022156883
45 405 0.1676439537324513 0 0 0.005504127218737749 0.0036902714506684875 0.004648597854417539 0.17502018166182748 0.03384687737216944 0.09922111975824144 0.0024263652172512467
45 405 0.10334357880390962 0 0 0.002606727047989884 0.00208526770050907 0.0022209931904126 0.0869021668289076 0.021159375298297027 0.05352082654206041 0.0015889995022156883
45 405 0.1676439537324513 0 0 0.005504127218737749 0.0036902714506684875 0.004648597854417539 0.17502018166182748 0.03384687737216944 0.09922111975824144 0.0024263652172512467
