% # columns="iteration, evaluation, void, void, void, xmean", seed=2567, Sat Aug 29 14:18:28 2026, <python>{}</python> # scaling_of_variables: 1, typical_x: 0
1 9 0 0 0 0.4496348798438134 -0.016464916840083423 0.12434771856258943 -0.9640260454045447 -0.11677519162340762 0.05196965985161189 0.058900864566966776
1 9 0 0 0 0.34999713303290036 0.07082635737966794 0.12427220134030417 -0.9640260454045447 -0.11677519162340762 0.05196965985161189 0.058900864566966776
1 9 0 0 0 0.42692035438261655 0.027221303116642417 0.12426956569741801 -0.9640260454045447 -0.11677519162340762 0.05196965985161189 0.058900864566966776
2 18 0 0 0 0.31566989388111105 0.06897404123426173 0.05087054552771923 -1.2821762424288938 -0.003726678834769194 0.045742185788836015 0.0610371294121859
2 18 0 0 0 0.4584353319811741 0.049686571388741 0.06325475957343772 -2.490209383050636 -0.19716631366981924 0.03795559912687668 0.055794252898799725
2 18 0 0 0 0.4866086334057579 -0.002526531747164209 0.071468928762617 -2.8132071012745827 -0.2084758509174574 -0.3236967838389727 0.05904562537051585
3 27 0 0 0 0.326800326925975 0.07850675306414616 0.05263666549646056 -2.903792428805923 -0.046346874903548475 -0.05781309211438614 0.0706110659813757
3 27 0 0 0 0.4761738829855683 0.024002083061260743 0.06600467580845197 -2.817285315910365 -0.23652615045708225 0.5181985606691392 0.07455548062475675
3 27 0 0 0 0.47614173355956024 0.015089132664739288 0.04697901292487071 -4.322898233946644 -0.3319427848433576 0.006775591147386518 0.05686503733438422
4 36 0 0 0 0.2942506276756801 0.07935224176251882 0.04606291155555236 -3.77729738830375 -0.02575963535115911 -0.010304668611650556 0.08426627666811128
4 36 0 0 0 0.47051292371025777 -0.017328424760851988 0.06698850292042419 -2.28622902484408 0.07204743394236439 0.22079008669792505 0.06573760927538004
4 36 0 0 0 0.4656289499987156 -0.007826701507446868 0.09233199628992578 -5.383568470098894 -0.5460805504226975 0.09779140170129615 0.06119026015439338
5 45 0 0 0 0.3224547921418458 0.07834892501473616 0.0274267940921455 -3.368838281258583 0.16033910255037495 -0.4104313699638474 0.09789323888474344
5 45 0 0 0 0.4904841255835809 -0.026343748166098052 0.09949386745713347 -2.473596489201163 0.18952411394161242 -0.16425659356391928 0.06553082454872526
5 45 0 0 0 0.4422965076416352 0.0011212236385384517 0.13459533694168985 -5.079711220766852 -0.39694982512318944 0.7462480306719775 0.03332295072547669
6 54 0 0 0 0.3036210712674567 0.10077501805767707 0.07640044879703205 -3.540900345093058 0.11424247112464143 -0.2716408109026422 0.08087156587750369
6 54 0 0 0 0.49047721483511525 -0.0195734814266611 0.06856296945715887 -3.1611473179218654 0.1427857424641852 0.45121690623746474 0.0538210222142924
6 54 0 0 0 0.4184149498853766 -0.014820804543026788 0.12543664524373743 -3.4181721278742665 -0.3277150876896359 0.9302032235741559 0.03137932734134123
7 63 0 0 0 0.3175328134418766 0.11176676786322791 0.12104420365548398 -3.34681992742914 -0.07218945140929765 -0.34432063826832066 0.09204788224599895
7 63 0 0 0 0.47224385422081216 -0.033769662838495675 0.09115775714221364 -3.1548892301196227 0.19725868828493673 0.29607765746414894 0.06177991408662489
7 63 0 0 0 0.4363072420251486 0.0032610824009268713 0.06398324058560842 -3.2879558190369766 -0.22564153303185439 1.5087476268251698 0.034463238939816725
8 72 0 0 0 0.3243982573422054 0.14988905476522146 0.0943428232602758 -3.0034735218846462 -0.16506938899893706 -0.6821847228165429 0.08897522731582395
8 72 0 0 0 0.4809820756071133 -0.021412022265164095 0.07190367877483003 -2.966896147033875 0.20833046388120954 0.1173733821292113 0.05452331359371299
8 72 0 0 0 0.449386126372018 -0.0044828906205779916 0.03105680526957663 -4.181563492859502 -0.2631568281220923 0.6613168296837127 0.0442648718677813
9 81 0 0 0 0.3266885092434972 0.11439316516542436 0.04142640842436311 -2.8596799512513487 -0.11933288532169994 -0.15810818270063243 0.08003554785224569
9 81 0 0 0 0.47575096464033845 -0.02796814653113383 0.0826551198843634 -3.13743575879736 0.32121594095132017 0.23638427864674816 0.05318482272921695
9 81 0 0 0 0.4320755156549194 -0.027296277961623646 0.04879458500505855 -3.3714564500361828 -0.1988741160174776 1.0074993268920167 0.046319804310468504
10 90 0 0 0 0.37099475763948087 0.0818037448855342 0.06345983223694177 -3.2821166338211425 -0.09529461870343092 -0.5609759953153107 0.07844802506031881
10 90 0 0 0 0.4338981582345596 -0.051547797160899224 0.04673372381586088 -3.185101192749257 -0.21737537391286132 0.6308732830612651 0.03993678976305763
10 90 0 0 0 0.48958726343604375 -0.024215188866769818 0.06918000220023275 -3.437508613279728 0.4587099318255005 0.4373287363409611 0.05180930834705675
11 99 0 0 0 0.36811645729361825 0.067513552877014 0.06380128584002558 -3.0113729243284824 0.03593970617115909 -0.36688205292364084 0.07485771821102576
11 99 0 0 0 0.45076223000221954 -0.0542783176497964 0.04643837716754246 -3.6210950041606345 -0.1615636212679681 1.0302501718602035 0.04962789689057946
11 99 0 0 0 0.48801014695997175 -0.020927454698684497 0.0442337018321837 -4.045192311033265 0.4278059502786861 -0.08818614486855278 0.054377243927065375
12 108 0 0 0 0.35623688372577283 0.05557592267462181 0.06135080391686654 -3.689748074725821 -0.02082019230105273 -0.8984032702314413 0.08630070401608583
12 108 0 0 0 0.4624837466297286 -0.005564031674680284 0.03464493274334504 -3.776820286224318 0.27883799780175383 0.11570486362429996 0.048912409754760834
12 108 0 0 0 0.47146371081304916 -0.0502660895660397 0.056791435139586725 -3.9540042132235462 -0.19759793312287924 0.5392012861181107 0.047912144007517726
13 117 0 0 0 0.3706059036234937 0.03668004894127566 0.0781763866921561 -3.5453997959588373 -0.11424869954890433 -1.097404707749914 0.07685886262782646
13 117 0 0 0 0.44394658338853965 -0.002276945051835228 0.04729117293830799 -3.4511437743631097 0.22184002286610244 0.15425602735147254 0.04686674187284152
13 117 0 0 0 0.44778942990664505 -0.06141767054607784 0.02915897188759111 -3.445942784644983 -0.13082178341464512 0.5608714158369541 0.05153176015491924
14 126 0 0 0 0.38111988096500937 0.02036250071538048 0.06318852788685846 -4.1410929257509235 -0.05795072795232856 -1.6499063419023654 0.08005455955499714
14 126 0 0 0 0.461494181633827 -0.013245752560634016 0.048430821806369234 -3.2572491883306296 0.1996727733783528 0.3768156520917273 0.048224700557886184
14 126 0 0 0 0.4404467966141571 -0.07621913761871989 0.035761856607388204 -4.343178549265017 -0.06700706555473628 0.4978315942137058 0.05483207029673449
15 135 0 0 0 0.38607835067222696 0.05400294655309006 0.04281065233601395 -3.525860808981753 0.017216672725117645 -1.6273298001708107 0.08135256485775026
15 135 0 0 0 0.44555700143851146 -0.0017155090429164573 0.046896027085023044 -2.6694117882364097 0.20187250410578753 0.40008435972724093 0.04320369246119884
15 135 0 0 0 0.4360593544869795 -0.06219220314419493 0.016171350014930017 -3.1090673847095527 0.006631472612597115 0.3130217940195529 0.04145047995377732
16 144 0 0 0 0.4034854925252383 0.05570710935210509 0.03443486194706611 -3.4933962268734757 0.03315039340695445 -1.89428092163171 0.08853275807384137
16 144 0 0 0 0.43697894582284996 0.0014599742856514586 0.034769898448046184 -2.91868166318012 0.247028188475179 0.4551839570737186 0.040704918583976395
16 144 0 0 0 0.45236278556730986 -0.05551988762687719 0.03404149236757204 -3.27643643407095 0.04480737992175118 0.3600807316013402 0.04801202105254864
17 153 0 0 0 0.3864817322518537 0.06106664869664875 0.052271462879944844 -3.9660209765931014 0.07552703957681242 -1.7721671971322501 0.07815993270252043
17 153 0 0 0 0.43242182138400087 0.01235073856722572 0.030785058984821062 -2.9368554337689523 0.24996346158068267 0.43615038483925395 0.04215255961124372
17 153 0 0 0 0.44136447742736284 -0.053108265376293665 0.022636748606418518 -3.692334163883362 0.1147283387516757 0.6946399766087449 0.04868794798586429
18 162 0 0 0 0.38373047357572515 0.044140306313070005 0.026735858017120508 -3.5285098556972705 0.12155635437131809 -1.349495910170665 0.07968857508496936
18 162 0 0 0 0.45421568260038947 -0.07477423673283072 0.038797427732810426 -3.5412727625690588 0.18303611039517434 0.9817716676161726 0.05230819673348255
18 162 0 0 0 0.4372978013608506 0.010387945681144541 0.04105983606494803 -2.543259628030927 0.2336793743845478 0.42786485723180706 0.04340425738297072
19 171 0 0 0 0.38340595468968686 0.029118077652102677 0.02109154459802887 -3.071665938694319 0.1561838004073118 -1.3165516103807395 0.0850132693055562
19 171 0 0 0 0.44870270627908804 -0.061861439484483555 0.015703156466417713 -3.643155695741784 0.08448248269885351 1.2800226475772278 0.05010815175450928
19 171 0 0 0 0.44508610427997963 0.00780768827062531 0.02431611226428655 -2.8306055711751315 0.2931374076162966 0.2303439966373629 0.04162306106088013
20 180 0 0 0 0.3915318553507457 0.027900852321417036 0.04161493242948725 -3.151345228686417 0.11065836940187898 -1.3110688425862866 0.07339856387288242
20 180 0 0 0 0.4347483482110571 -0.0618385891475796 0.013875882539315031 -3.5927131791680105 0.17921203811385664 1.1490417873602616 0.044986514451155826
20 180 0 0 0 0.43126994678472114 0.00926156179717297 0.037489088285676424 -3.189694534743844 0.21886575676089007 0.14267056579349569 0.042780640689457854
21 189 0 0 0 0.374539451525795 0.028968793720560063 0.040326673229274065 -2.856222673667606 0.12431082898509581 -1.0341472959358586 0.07322627200782166
21 189 0 0 0 0.437643947772469 -0.06096440303394181 0.0183794224643367 -3.367454024422551 0.19089470312515355 1.0626135405440698 0.05102004626340663
21 189 0 0 0 0.42907346195129636 0.003211162785138458 0.022572823665394984 -3.1359059376249876 0.2895560277705413 0.35401572856715635 0.041741939999972125
22 198 0 0 0 0.3640762638159262 0.015782248690625004 0.03894551479132474 -2.9075744079227075 0.19742947749669773 -1.3531437179087682 0.07741040376955356
22 198 0 0 0 0.4380822723027327 -0.06679856574921073 0.021248966991943466 -3.51776147987438 0.15721658174053807 0.9382481314110286 0.04563451163719303
22 198 0 0 0 0.42480919999452404 0.010538130109695789 0.026292985999702086 -2.9802763900345077 0.26519393201606956 0.32181974762384474 0.038796494214117225
23 207 0 0 0 0.35773418325855544 0.018467129710797663 0.02907322717146005 -3.3131708867095075 0.1314830179143039 -1.8467021851827325 0.06702265950280648
23 207 0 0 0 0.44506818913795115 -0.06797944473683161 0.019658053227795905 -3.378345997635635 0.22466762963873557 0.9901477483609145 0.03932914856929727
23 207 0 0 0 0.4283641305729888 0.01159963313872695 0.02964413657542343 -2.731258814734164 0.2853806169864132 0.2367472849564644 0.04035813593480421
24 216 0 0 0 0.3621297539288604 0.022559690576516175 0.04384323740241922 -3.4314916029529288 0.09935898429038628 -2.1442515193727507 0.06643991588102231
24 216 0 0 0 0.43475283528917846 -0.06784264393917776 0.024208510318541595 -3.5852107369193225 0.2474045270703256 1.0790053367416934 0.04453529236539296
24 216 0 0 0 0.4262252744770143 0.010330133413755068 0.018390826242655364 -2.790223678413377 0.33036166807259904 0.35584685870358235 0.038791708174841504
25 225 0 0 0 0.359800304169262 0.04336604897608921 0.0427232022732031 -3.4675998681857765 0.09441667435316414 -1.7395159302852876 0.0577706173166272
25 225 0 0 0 0.43810603759382494 -0.06087378115763675 0.01170047765758438 -3.255348912244096 0.25664086954021725 0.9017184031419833 0.041476285024689405
25 225 0 0 0 0.42785583325844906 0.01224510670592724 0.0201242339945038 -2.6830792505876935 0.35076389781049144 0.49930274988875306 0.03577344916424202
26 234 0 0 0 0.3748368801712729 0.05237440271106947 0.019930073934331816 -3.3296152145753255 0.1525996989365341 -1.4358047447290185 0.0648659882476119
26 234 0 0 0 0.43889164693614713 -0.057118721725121065 0.016490973048875056 -3.3915973662660055 0.2151314786346342 0.8828918382160633 0.04314517826092627
26 234 0 0 0 0.4291030529996066 0.006934960338465057 0.020559952388828975 -2.601170630059873 0.3818755650671337 0.5398711152881657 0.03540220674596511
27 243 0 0 0 0.3656594926127067 0.057641187369116616 0.027521038909271812 -3.2803466519158238 0.14312580232388797 -1.20688323832056 0.06325120087332856
27 243 0 0 0 0.45064394645947 -0.054944376171854804 0.023899178188407116 -3.265645607549908 0.22294678287943953 0.9257871767382907 0.03990182638110887
27 243 0 0 0 0.42806590513736287 0.010637656068625963 0.01759620454679462 -2.6430508442541654 0.39158732096391347 0.5932894300923058 0.03468699465621648
28 252 0 0 0 0.3567539266470281 0.05927058301881178 0.03708029229242716 -3.806547215650431 0.12379650612689208 -1.108511433593134 0.06930742160886029
28 252 0 0 0 0.45589567322448576 -0.05846817942413556 0.026017234020053587 -3.292853594486206 0.23493782803297072 1.0087766822877793 0.037765270243951495
28 252 0 0 0 0.43309435238141947 0.012683807641643997 0.024228979970520658 -2.480458085281161 0.3742590201736004 0.42880881800650006 0.03280920980492615
29 261 0 0 0 0.3689377792312453 0.044207724471768496 0.035926945685258685 -3.524946457160138 0.13082077765961492 -0.9388454072338042 0.05997011606909154
29 261 0 0 0 0.45010458256322333 -0.052091642293130964 0.022296153955642873 -3.392062791341135 0.2676913599507697 0.9255928149833021 0.039842134419229125
29 261 0 0 0 0.43558117734667595 0.011907972627866628 0.021961105648030554 -2.5000205495042147 0.35817461854765337 0.5228413699119068 0.030578967586703424
30 270 0 0 0 0.3722375780183764 0.05842035782623315 0.021546979738556057 -3.5222733020528754 0.08733551796795211 -0.6697456424801455 0.05130408032329439
30 270 0 0 0 0.4442541549660421 -0.054601370953191404 0.017897316743667596 -3.2158141969215213 0.30834705381590344 0.9361343803036212 0.039794273612123704
30 270 0 0 0 0.4305128032974217 0.011380736632416179 0.031074865592820935 -2.40411298964999 0.3895034916179945 0.5535673491105123 0.03102166118683784
31 279 0 0 0 0.3845976941601173 0.051072135017462605 0.015576037433187098 -3.2972729098359923 0.11325828544352763 -1.022674939036074 0.05903949478341241
31 279 0 0 0 0.4470506895611639 -0.05818747896361398 0.017443768966767522 -3.240240175786304 0.28282065157283853 0.7924795362658296 0.043353321670763084
31 279 0 0 0 0.4301576790585014 0.010733188656615473 0.025728878647959048 -2.534810929202448 0.40544534255097836 0.516152924062276 0.03204319525369884
32 288 0 0 0 0.379666896165775 0.048108896639383565 0.015687241475571344 -3.395220517278208 0.07216631375609767 -0.7293739760415747 0.05840697730592666
32 288 0 0 0 0.44627641402674 -0.05400009474998486 0.015556311662678922 -3.285129031538555 0.31952569794711805 0.8977881105870557 0.04408856120965651
32 288 0 0 0 0.43007907023241887 0.011685960256966504 0.023913598034409227 -2.6218257027455336 0.34500121455547156 0.4023660353769621 0.03193530950151054
33 297 0 0 0 0.3855845199289352 0.044027576529460585 0.017245121506592846 -3.3470959796464106 0.06197795535073347 -0.7680863517271205 0.05239173926655483
33 297 0 0 0 0.4503231395658024 -0.053282108971718735 0.018296112512041367 -3.2956319205785722 0.3264151178223805 0.9643159354976453 0.043857618492309604
33 297 0 0 0 0.42486264254243106 0.0115372452451628 0.023289330021076127 -2.5871996839060007 0.34745682960088053 0.5130092612572936 0.03107563357056735
34 306 0 0 0 0.3822838621389079 0.04916284252053175 0.01745285715463828 -3.370823407163093 0.0633274803431172 -0.7402225780512871 0.05001453347676366
34 306 0 0 0 0.45465498698150114 -0.05671454127251773 0.015037438632875494 -3.5147912113979016 0.34565979679662834 1.0124798348421251 0.04709032111983434
34 306 0 0 0 0.4210795851296965 0.01460404552155433 0.021605979779723495 -2.61692048447525 0.3462260104932269 0.4239027173353091 0.031027200687905557
35 315 0 0 0 0.37698147095885753 0.049964539702927385 0.011715341136363973 -3.446081056515408 0.14976875862952965 -0.7471648217687982 0.0517729017673193
35 315 0 0 0 0.4527986992131686 -0.057652860866366 0.016250303876316385 -3.4937281702555834 0.3806520424039213 1.0093628300623563 0.044701167347624304
35 315 0 0 0 0.42619831573540506 0.012367995175715199 0.020958407631240173 -2.5382256196227444 0.33296877155191995 0.5331368916928501 0.0318528428653267
36 324 0 0 0 0.37411748874727696 0.059148382413862124 0.017249643443329733 -3.2164224213448525 0.1457827612121275 -0.8149582683513538 0.050514269905203364
36 324 0 0 0 0.4547635771960188 -0.05773811817055684 0.015824370157905072 -3.1783198056628916 0.3728138163726706 1.082828487131361 0.04380774443217303
36 324 0 0 0 0.43015840366162317 0.013549163114012138 0.02319785591652497 -2.326376835297916 0.333807148637179 0.48957252187910183 0.030593906869062718
37 333 0 0 0 0.3762775976830599 0.05752983168791403 0.013522177701914264 -3.4036216058921753 0.11789864975443777 -0.5990137378212906 0.05240441605005462
37 333 0 0 0 0.4559106661574543 -0.05620993635489052 0.012026097802537964 -3.112857320560705 0.345082311626545 1.0531798979254707 0.042358584578848786
37 333 0 0 0 0.4369716871739306 0.013410861400190308 0.026393289577845695 -2.3048358446848747 0.3414342542220425 0.48705967710183545 0.03179811686017264
38 342 0 0 0 0.37349433923445147 0.05025092104952568 0.014976044223182572 -3.449001353387505 0.1411889351187294 -0.593595767783288 0.05007422934331225
38 342 0 0 0 0.45680943388083683 -0.056170575691150214 0.009508792639799717 -3.1359908164681976 0.32778082919406726 1.0418740474147168 0.04118540274564256
38 342 0 0 0 0.4334996015075138 0.014921535142015442 0.02545367700642637 -2.3257823220615483 0.3244070178490873 0.47454932976788405 0.03275886272274372
39 351 0 0 0 0.37652175980228336 0.044638408943808515 0.020541410526857488 -3.313087239089907 0.110233062274324 -0.7885191572239248 0.04937914686019375
39 351 0 0 0 0.458086457119716 -0.05826204474339486 0.009807954120697416 -3.1990291017450008 0.35208960167965814 1.0147032165827856 0.04386508186481147
39 351 0 0 0 0.43926686048525854 0.015518619337399769 0.026042102366202934 -2.3555777559837963 0.3508863851658605 0.48624870393818864 0.03339868526511538
40 360 0 0 0 0.3773234690069132 0.050234444472177696 0.013068512629779244 -3.2976956288753323 0.15597469662894217 -0.8468464857621169 0.04255728172489281
40 360 0 0 0 0.4567199216925685 -0.059132165196057636 0.009736991724413889 -3.3625540344393006 0.3342296393442463 0.988570615663879 0.046455878688962636
40 360 0 0 0 0.4400263429881125 0.016993731026915444 0.025454262811708147 -2.3635516961896044 0.31324549354422765 0.440641654347885 0.035725828883548805
41 369 0 0 0 0.3701676345137295 0.049118195616565205 0.013718375386782684 -3.3649944869443336 0.1825768635980741 -0.8832773746562151 0.04947304693162025
41 369 0 0 0 0.4577371780648576 -0.05533985173527055 0.009428719741745724 -3.2449159318975878 0.3523551175892007 0.9685356269017215 0.04472696739012422
41 369 0 0 0 0.43966726392541694 0.01862676897692739 0.024147254330047732 -2.364079646039221 0.28135240347014423 0.42750504223105706 0.03643095217473228
42 378 0 0 0 0.37034205413692145 0.05394578485269979 0.01037870184987032 -3.371148418386875 0.1873318847388659 -0.9156580422265941 0.04708849743458777
42 378 0 0 0 0.4557166768035707 -0.05618350173584228 0.01010651331934021 -3.20049550137769 0.3649420944573124 0.9547175390523425 0.04343762639479758
42 378 0 0 0 0.4391102339814661 0.018569116936901282 0.023385934837876547 -2.394520776678129 0.29373374867011454 0.45687657766259276 0.03549647837472012
43 387 0 0 0 0.37069042345297726 0.0583807149440009 0.016029278199839413 -3.3186764082222537 0.19143617874727067 -0.904718554722008 0.04704768101001279
43 387 0 0 0 0.4592483494389199 -0.05566344740647763 0.010023043032042196 -3.2438340199265934 0.35644847624200104 0.9158099576167015 0.04327009391607264
43 387 0 0 0 0.43451545679659487 0.022218403921733448 0.027840622449407687 -2.1688854317750366 0.30225799136051623 0.4037207671632742 0.034303234272535066
44 396 0 0 0 0.3741002909295409 0.05336072420899804 0.017803200391327028 -3.269138236402215 0.17355283661751206 -1.0853158210222291 0.04945446436097499
44 396 0 0 0 0.45927088437996105 -0.05410638616308028 0.010427417485972123 -3.2582212245471145 0.34190920643277833 0.9085041514382436 0.04324277874793439
44 396 0 0 0 0.4351340564659301 0.023180854903860845 0.02417686805608678 -2.2883872969934558 0.27040871833622454 0.3633738515016154 0.03463241794300146
45 405 0 0 0 0.36934350332866417 0.05560715744969897 0.018619483340933503 -3.199493095833596 0.21415380749335594 -1.0761940943625041 0.04660102570343749
45 405 0 0 0 0.36934350332866417 0.05560715744969897 0.018619483340933503 -3.199493095833596 0.21415380749335594 -1.0761940943625041 0.04660102570343749
45 405 0 0 0 0.4594016635828446 -0.05419067602000521 0.011565790113608337 -3.212383165497144 0.364228894153584 0.9319577759536021 0.04254454103385657
45 405 0 0 0 0.43008528329278845 0.02286509329033448 0.023914200282640827 -2.350199314247406 0.26535916207040644 0.36981666766418936 0.031264922477488966
45 405 0 0 0 0.4594016635828446 -0.05419067602000521 0.011565790113608337 -3.212383165497144 0.364228894153584 0.9319577759536021 0.04254454103385657
45 405 0 0 0 0.43008528329278845 0.02286509329033448 0.023914200282640827 -2.350199314247406 0.26535916207040644 0.36981666766418936 0.031264922477488966
