% # columns="iter, evals, sigma, 0, fitness, xbest" seed=2567, Sat Aug 29 14:18:28 2026, <python>{}</python>
1 9 0.944972989972906 0 2.025279542829501 0.4399493045639422 0.024926967198722092 0.10960074208408975 -2.5599636463043867 -0.2344314727627191 0.68547248421146 0.059895911604224916
1 9 0.9449729899729059 0 2.025418553331827 0.3403115577530291 0.11221824141847346 0.10952522486180448 -2.5599636463043867 -0.2344314727627191 0.68547248421146 0.059895911604224916
1 9 0.9449729899729059 0 2.02526649555037 0.4172347791027453 0.06861318715544794 0.10952258921891832 -2.5599636463043867 -0.2344314727627191 0.68547248421146 0.059895911604224916
2 18 0.931498185426449 0 1.762454510685563 0.31175584875058404 0.05524049712929056 -0.0015946731701283745 -1.849027495243941 0.08998142890071219 -0.09365748198031498 0.06308882850093167
2 18 0.9602117337208809 0 0.0013749427496187038 0.4624207970738776 0.05023179765736063 0.0390016554826364 -2.142231084637351 -0.2147571485356658 0.39127510821302974 0.05102979655874118
2 18 0.9874616872607684 0 0.02772989450097217 0.4842454661638726 -0.006077326293058759 0.04741708611098268 -2.1692788888145618 -0.2228749415891575 -1.1034575716731312 0.05644547224539822
3 27 0.9305663199255535 0 0.0011787047963663431 0.3450918424900518 0.0792571921103908 0.05048445255296692 -2.889984202538832 0.0002814293590906896 -0.10787114359263941 0.06754227867024606
3 27 0.9987569024213226 0 0.0008517175999831972 0.4738196438302511 0.018951841841227415 0.03710064791430091 -2.9776358166751993 -0.3249595333752242 0.8807384370459723 0.07333341390731757
3 27 1.0548936087982814 0 0.15025959974085795 0.4921469929923099 0.009361085652222944 0.047905152153146856 -1.9461065972558522 -0.3279407690574073 -0.11570257314931309 0.052640536447091255
4 36 0.9889048702704324 0 0.15017412968862343 0.30623412373154063 0.08753949418715674 0.009005609390499589 -2.457498862345803 -0.04378233439856374 -0.09427234215977641 0.0792494344407827
4 36 0.9745570094729352 0 0.0018285653713024479 0.44314590480163524 -0.033553232841740235 0.07267665942596577 -2.6883913546327722 0.11491018037993117 0.13791570420765525 0.07357109177894704
4 36 1.132497617077659 0 0.03495778974177717 0.4720507751493298 -0.0005441376768642453 0.05052952441366115 -2.070162730411977 -0.3462159687613325 0.3588258076600522 0.0614867868478163
5 45 1.051007314215971 0 0.0009024300801879635 0.3470965231842198 0.03808018790057215 0.020758411154529026 -3.1408437827813898 0.2340378794835707 0.058675546959353564 0.07766379417917618
5 45 0.9687001958479442 0 0.001577445924960314 0.5118334557879741 -0.01710327835014835 0.060539897415913285 -2.118124133215679 0.1662495568881443 -0.007814728946653637 0.060882668020814795
5 45 1.1798294959875182 0 0.0029296596576501837 0.46020474423932395 0.0005345594511331556 0.15800606628914304 -3.1199338177094265 0.0013694243908931591 1.4480744234329905 0.029119034979853062
6 54 0.9560902802621973 0 0.149330844211588 0.30377967695942437 0.10855947689109001 0.10335954059393551 -2.887551592253537 0.05839794942957542 -0.3307857851433823 0.06751290176351249
6 54 0.8983372690545983 0 0.0014491800122191244 0.4942210593697858 0.02207049345284172 0.07197411283632267 -2.755414040095714 0.0369826253749746 0.8399660708347736 0.049188367612866185
6 54 1.1381114419342562 0 0.29102522996606894 0.4224018310197683 -0.027746940558544132 0.03432122216942338 -3.141247328871077 -0.21343043557305688 0.6487307204462808 0.04035119886053874
7 63 0.9074228057981759 0 0.009445274881921605 0.3186498208379809 0.10235336123307734 0.16142349045907717 -2.9933184662685433 -0.2520897751877114 -0.35936214478061346 0.07911968215778079
7 63 0.801902542763123 0 0.001851493738003262 0.4827332693989615 -0.03877455117798282 0.07924514714339881 -2.5858994382140086 0.3462617491441718 0.7353846182019155 0.05343432610720156
7 63 1.0721931084414258 0 0.0029603763217750803 0.44495441058092444 -0.023743025807903308 0.029159891144695207 -2.383786601723288 -0.21854741115883453 1.4750726200940276 0.05026726870758912
8 72 0.9431754039372411 0 0.0022018809439148714 0.34556673152059575 0.1252859119279285 0.08016655506900591 -2.5666823241650385 -0.1618142946923717 -1.1215885392610572 0.07884024772733918
8 72 0.6834927736067247 0 0.0014586250957764303 0.5010687470452746 -0.022579783154709696 0.059426936108152244 -3.12884302436907 0.3544186907722768 -0.11022412066869625 0.05136388333557762
8 72 0.9326919435828832 0 0.06251862776013288 0.4399432041153425 0.006301900410745957 0.03723823225288267 -1.5760495623226092 -0.2315502452168748 0.18119336161144228 0.03628011212873522
9 81 0.8428273898396639 0 0.004299198362166224 0.335468828023898 0.09412298446636863 0.007995659192323049 -2.9785781670035245 -0.07275507320160046 -0.028185156390607813 0.06315792710904489
9 81 0.843092143727159 0 0.0011234731674319737 0.4478336307017391 -0.04769523090059906 0.04990573813240767 -3.0145597941420714 -0.2780373434600835 1.109952731828377 0.0641819622061735
9 81 0.6271429066721085 0 0.001603740513117481 0.46460647999336374 -0.010218966045226638 0.08748417583558632 -2.3664860078476275 0.2667237371669876 0.9085553033439868 0.0442482633751979
10 90 0.844993567202957 0 0.0014628501710885994 0.4111632451714565 0.06401036425400415 0.06764362779676683 -3.1403117977470343 -0.19316024587249747 -0.47341727133287204 0.07030729866444271
10 90 0.7980754144411776 0 0.3625750800597315 0.43310987864382605 -0.0813863498704216 0.04097170480265261 -3.1279508866204138 -0.21798596313492882 0.2159156342154186 0.030678067191157767
10 90 0.6454513695764232 0 0.001433243458404449 0.4877685912459889 -0.02158656312620018 0.057039056728415014 -2.1866004133796277 0.3351945053571209 0.48957122178095347 0.05695507641479479
11 99 0.7925185984519476 0 0.0009807250073548934 0.3741242319606872 0.057566064255910133 0.04966261654777717 -2.7395135950027516 0.037694535263089024 0.1877121707734034 0.0536575743425155
11 99 0.7499586567429138 0 0.0007994027948251909 0.45612198437587204 -0.049405491923465245 0.03573376260857868 -2.760716984367354 -0.18732555679048207 1.0601710834740743 0.059914346182025416
11 99 0.642679456851302 0 0.0011611978276008295 0.5002069744609678 -0.015314222043043144 0.037170471308203515 -2.432898894291565 0.3729602648987419 -0.34538625956156915 0.050582116792755094
12 108 0.7699352633827894 0 0.0010980905823777167 0.3604217730255819 0.0376031053112456 0.044449480624572595 -2.6947228871272317 -0.11274504656675953 -0.9232663421204342 0.07491720428248042
12 108 0.6243181835573268 0 0.0007642601992286378 0.43491502883912214 0.004967495532961445 0.03642670374717933 -2.7599155791214978 0.14614973782461044 0.3949465223659919 0.050785893546360004
12 108 0.6957060802783819 0 0.0009444046047902445 0.4831325551997583 -0.03138881419783544 0.05417700269274292 -2.399393428941954 -0.16848767635761072 0.23282736706724128 0.048520744056531076
13 117 0.7688316429547415 0 0.0011682496290972117 0.3799160613095906 0.030975266179468386 0.06622252307860754 -3.1415866738896465 -0.2418565806094136 -1.428854792698261 0.06479267140174988
13 117 0.6006043706402122 0 0.0006189879598330106 0.4375090883064393 0.00958310961579642 0.023430335775151155 -3.1368822085560497 0.23303597329926512 0.16831709194522365 0.044106887685309126
13 117 0.6333979777225365 0 0.0010076143054992069 0.4304317939628739 -0.06468372152977733 0.009532172216187643 -3.064179001735331 -0.1051506729828191 0.6139294844008192 0.05169000770096738
14 126 0.8229953931825421 0 0.0011729243435558549 0.3767644547051113 0.02625289119948607 0.05153966914531153 -1.960515635153361 -0.08593893075491957 -1.1115262610013104 0.07278851950103174
14 126 0.5243331634811357 0 0.0008881079776767633 0.47350829335808375 -0.013426728489988821 0.03942472530969999 -3.1306061674066137 0.09644850976002242 0.5827491673287428 0.04967165219022793
14 126 0.6781196198550316 0 0.0012085032578475366 0.43411577474820495 -0.072084557319369 0.025238613012498596 -2.400561147653156 -0.024208168584832615 0.6109849486410299 0.052163078961213
15 135 0.7788635511755126 0 0.0009834332532870072 0.3874640302568875 0.08954619903661634 0.025621440271026037 -3.075536435605179 0.08914924631580218 -1.117150449546542 0.07712131138172247
15 135 0.4965057755147862 0 0.0006253394483484031 0.45809325484666197 -0.0006633256325359691 0.03280305874607521 -2.9897998335603138 0.29263625672961213 0.31976421478230643 0.037383628817216824
15 135 0.6710812456268961 0 0.0006793403597275562 0.4476101800819589 -0.06264911834274223 0.017526282272901816 -3.0900996838143286 0.10352972381448002 0.1977093680998041 0.035791568993564296
16 144 0.7551472433527477 0 0.0008530985246567443 0.4102341852065856 0.06749091550733734 0.025887669948266724 -2.691144845365075 -0.030465641970611853 -0.7734285039349933 0.07833537867161533
16 144 0.46880823400059585 0 0.0005157814479660907 0.4240611596309357 0.00440602372383946 0.023153306944548584 -2.724574857282623 0.3598315136265542 0.5344923943439774 0.040237169993816636
16 144 0.6124362595945686 0 0.0007125811552321262 0.44927881794500896 -0.04334173192725283 0.03290873667505401 -2.8742524767236235 -0.006000059075206295 0.19508416468955236 0.03625363897304546
17 153 0.6975231203240206 0 0.0007962288483189398 0.3858897907567141 0.035754227889897044 0.037551229900743645 -2.3841971290692197 0.04971836596336181 -1.2210977025065395 0.06454663846933997
17 153 0.437520590934164 0 0.00048567235623675454 0.4377663402929502 0.014669509964125969 0.014411796497181245 -2.884693989009944 0.2914729702435442 0.462130929803554 0.0404986906740017
17 153 0.5863717266680717 0 0.0006385488560948084 0.45190318724516415 -0.050919398428343844 0.03280970517799498 -2.453844622935657 0.09772689879134501 1.1642682172309162 0.05388867454582949
18 162 0.6292956803287667 0 0.0005715361680127659 0.39389913224506323 0.04679954742843621 0.005560952612511848 -3.079533907358617 0.1909538317350884 -1.3122305697026948 0.07314296247823941
18 162 0.611674641127887 0 0.0006688026253595026 0.4643951951222076 -0.06777166250167899 0.02791511147208978 -3.12886503109018 0.2822389699384091 0.9810867689527663 0.04377564662226129
18 162 0.38222858180014674 0 0.0007928016525123645 0.43594834262189497 0.005521846704748451 0.04383655564980034 -2.094809400566174 0.20224385700446804 0.36560575511072213 0.043799402187558456
19 171 0.6231967044352454 0 0.0006705937991227042 0.3784929035424292 0.033415148889489515 0.025453998135897594 -3.077011230516253 0.1640709089544536 -1.296274666401127 0.07376583624902149
19 171 0.5900888994860511 0 0.0006110433259005864 0.44644667332280824 -0.059700167451341705 0.007710342691630644 -2.939042584183827 0.08110684201305567 1.159729958511634 0.04959393610152922
19 171 0.3626987472592461 0 0.0005048038977253385 0.44043530734940733 0.008723684493990524 0.018001996551308685 -2.774446456153116 0.3064210476220419 0.3542726250823396 0.04492279610955529
20 180 0.5567754794703514 0 0.0010611424599517142 0.4063076685049136 0.007170138753443592 0.033761803008041054 -2.8067430551585932 0.0454471314645941 -1.3224311120199335 0.05850929620973259
20 180 0.5427685982419783 0 0.005046119635669988 0.42937103871979543 -0.0580913404970045 0.01900660568533461 -3.0967912348528794 0.2115286873358886 1.1719954553455825 0.05084702317607728
20 180 0.3478645919852295 0 0.0007777610639414179 0.4162105290758343 0.006496112815033865 0.03456914743533154 -3.1396175263055057 0.16233316693674815 0.02914365082557993 0.042050897554345386
21 189 0.5230408117091095 0 0.0009301655915243743 0.36656863945292134 0.028949528476230748 0.03784540680119852 -2.935674847841643 0.14634779478597504 -0.8746623593968148 0.06897401699837725
21 189 0.4701902850709534 0 0.000645712824179671 0.44746482622969824 -0.06678800762515325 0.007563406188450615 -3.0113719654386935 0.16887219615331306 1.5393144250008548 0.053637883654703775
21 189 0.33307815580380723 0 0.0004741116189489601 0.428332257528843 -0.008608215613823184 0.012337959729352019 -3.120429833390781 0.30117066436105766 0.6423533703537843 0.04100703796988653
22 198 0.5272442411121591 0 0.001091668419554324 0.3662786750905108 0.008696326270444574 0.03231226036867856 -3.122802943605965 0.2634715963319289 -1.5378515847833392 0.0708571549207994
22 198 0.3984102550480699 0 0.0007259034371399045 0.4470170006132845 -0.07202989357680359 0.0062654749511800775 -3.138089170208556 0.17999829094733075 1.0832121619884398 0.04568053288504654
22 198 0.29914875902239546 0 0.0005508739788936059 0.43097445837600773 0.005144130553300165 0.026416916691537687 -3.1168409711647196 0.2834829951502495 0.4502241427963811 0.03675471504332063
23 207 0.5749778912302423 0 0.0008049476968586575 0.3490591639127512 0.025609974935653132 0.01950334589603693 -3.105179395877213 0.18772734250683037 -1.4469870355214949 0.06786974574837026
23 207 0.40164317194623544 0 0.0005631643469623892 0.44654413594392817 -0.06031993862867027 0.019312751580475525 -3.136494483525974 0.3033750517247157 1.067573419851452 0.037035172609228256
23 207 0.26569359636520135 0 0.0005862932612501219 0.42945212707906283 0.01586471376082246 0.026760965209374613 -2.536972293864169 0.2478313387380081 0.1720133502880116 0.04261983450668446
24 216 0.5796516656809938 0 0.0009898894482166577 0.38332544503130944 0.011582354748328 0.03648736618215724 -3.1294759151428506 0.0669901564531821 -1.0815932563517312 0.06625756558632989
24 216 0.367577718472584 0 0.0007570374292054773 0.4460771963860194 -0.07121023013286201 0.022134980531072254 -2.8378551889646246 0.22164326154537797 1.3549975152412523 0.05252573105643163
24 216 0.2522059007389361 0 0.0004885501008843091 0.41857559089916574 0.011390613548835023 0.019097366864431795 -2.5351956963049096 0.34551610342019395 0.4566136778478699 0.037809318448542566
25 225 0.5784687632693256 0 0.0006233402483465895 0.3639206351606516 0.05336606479997407 0.03089338585883716 -3.1135915013649154 0.06385594664479316 -1.27585207662957 0.056283964409349616
25 225 0.33474822171152796 0 0.0006354803525085541 0.4394151164949429 -0.058070132812440896 0.007537010398240514 -3.070029760481743 0.24067286212699013 0.8711405454743515 0.04711106796024163
25 225 0.26031066912683337 0 0.0004640433191890186 0.44182822088470297 0.006592580304567328 0.01762794597911527 -2.804352423353968 0.3480202244163878 0.6767964984489162 0.03584607320988069
26 234 0.5594803644926091 0 0.000548586767718613 0.38442085076411087 0.05209134001480793 0.003084349829602581 -3.1371417960010644 0.20049520910944668 -1.279927677343548 0.06450277704920895
26 234 0.28757421573233555 0 0.0006211140331193208 0.43739676270494243 -0.054691045032259494 0.007589207474476142 -2.949553609586332 0.1916916466415943 0.8404707854671858 0.04390588406588022
26 234 0.25605894321326 0 0.00043509934376426357 0.4318961130521609 0.0021385751404585113 0.021411360492633803 -2.65034012118494 0.3719089221313494 0.6181741284640166 0.035598694736026795
27 243 0.5124597822899963 0 0.0005681051669131845 0.37034065193550075 0.0536296631904069 0.011923116151197979 -3.0903633924370513 0.17797203719376625 -0.8148881780440634 0.06073733475158559
27 243 0.2835106102843655 0 0.0005729187547038707 0.45185019514380254 -0.056452330977390455 0.02256366552848282 -3.136970917237444 0.23312015424080665 0.9346829978288769 0.04224182335208417
27 243 0.241344484359431 0 0.00036177821882659724 0.43400475382155285 0.008737445381367212 0.017978340828186033 -2.641208762325452 0.37688178509615883 0.6926026962369447 0.03355715265885283
28 252 0.5189969556153645 0 0.0010344263033791044 0.35505511414786595 0.033661913615065556 0.03515592294182159 -2.258375350662261 0.10210789286135737 -1.4154968586759737 0.06601102062804842
28 252 0.2858952285989066 0 0.0005402851976219809 0.45711671136011534 -0.05277254560530593 0.028136240819526606 -3.1398661601300706 0.2350369630675869 1.0955477857514362 0.038192917698678226
28 252 0.24042750426621942 0 0.0004344707791429461 0.4365837949052398 0.016574963972243832 0.025670116985653017 -2.410170446915571 0.3268533052799238 0.37443765606349133 0.033664174656516735
29 261 0.495949554135994 0 0.000691575642017667 0.3881352548687881 0.04421581164467972 0.037097891650311 -3.1176378110871497 0.13808725370472336 -1.1864845456964341 0.05542540376766081
29 261 0.26349452085412256 0 0.0005122820063279731 0.4465098365075744 -0.05059000734818887 0.01840824448943291 -3.109123496839188 0.27889981504181766 0.975641485515158 0.03973447382127498
29 261 0.24009687961343715 0 0.000412109221114105 0.4391106973703989 0.010686403825002713 0.022036871151764455 -2.61809265507786 0.34696275614612276 0.40305500001724703 0.031725874475812224
30 270 0.5321495242209645 0 0.0005681168317657454 0.36326230561389883 0.06177062298514591 0.019335281530844087 -3.0880462753722946 0.08324151254086175 -0.8099711967033055 0.05261873905586413
30 270 0.24721836430258642 0 0.000551068695345956 0.4380243961559155 -0.05486724830832938 0.010420606114031864 -3.042949282810344 0.35774356676184116 0.9451285880010277 0.04198479110785423
30 270 0.23140771171209154 0 0.000449515880622963 0.42884708952361106 0.013228866846779146 0.030944968124376356 -2.412321539661661 0.37378533348344223 0.5559046373551104 0.031182440087558237
31 279 0.4910540516386073 0 0.0004632880235347977 0.38414159276464077 0.04245142357477154 0.01156423649919643 -3.13048002949067 0.21232586318034316 -1.4340709331553803 0.06338518928510946
31 279 0.243511068080606 0 0.0006228653754092559 0.45904580352777224 -0.06107801374388687 0.01983409374347315 -3.133514357429483 0.30323082970910253 0.7812940683214075 0.046076977049699416
31 279 0.19957499299842546 0 0.000424596245760894 0.42805439150773145 0.00922304526380864 0.020972207766894166 -2.7312806510908847 0.3750193848173953 0.4984938212552562 0.03236593265159113
32 288 0.44640260771097756 0 0.000536639297526677 0.3733107006810796 0.053740111778995514 0.008700975331549858 -3.137598797189673 0.08210145507598975 -0.48438031461899533 0.047142071698747956
32 288 0.22682511213481873 0 0.0005020176494744995 0.445429208946735 -0.05140478578854033 0.009448650958064873 -3.1341107180894423 0.3563748656755344 0.9186994163691399 0.045449679320354826
32 288 0.1862071760603557 0 0.0004175986607389785 0.4329030904509473 0.01007389270111371 0.017973094917715052 -2.703386412413194 0.3321178086097425 0.40740262038395253 0.03321673324151276
33 297 0.40831523789296437 0 0.000612977154582254 0.38751303211774296 0.0562266406607634 0.012325623788091461 -3.129090021581347 0.04901103274548618 -0.4818824824432758 0.0505257047042586
33 297 0.20480351533775099 0 0.00048163625851699126 0.44998963676494885 -0.05477255211364298 0.014305757544128777 -3.1297191530837285 0.35936464004315577 0.9510106857012118 0.04373338913315503
33 297 0.1734558243993698 0 0.00041005633881937295 0.42153283713592593 0.010029836689422018 0.022140861049537962 -2.542535871066654 0.36240305607645107 0.6249480539631573 0.031175741001791574
34 306 0.35252930144537054 0 0.0005283760047812185 0.382589876821604 0.050040594810827364 0.016718172781754987 -3.108558189527238 0.024809067637256772 -0.8776656830068637 0.05210766584519641
34 306 0.22400595373576968 0 0.00043568540199758957 0.45537563204317133 -0.055030110179775465 0.015340925990173863 -2.8182311719389816 0.3686437902953538 1.0720257208686221 0.049926913201566336
34 306 0.1629396476175143 0 0.000446083714198446 0.42023228821634623 0.017419264970337925 0.015655131659780178 -2.708253872994703 0.33749613366007875 0.41803930141696155 0.03343802360634337
35 315 0.34509392430736596 0 0.0005145785208300249 0.37096702330526404 0.049370320368850924 0.005380645271036608 -3.0314164024785706 0.22426015851283965 -0.8852007755444165 0.05481737258854276
35 315 0.22859965520429035 0 0.0004818714184646481 0.45074777506390135 -0.058788859051562795 0.012656379454490062 -3.1311664230100624 0.35887780309688 0.9993556469071937 0.0431158916382099
35 315 0.15008633449951175 0 0.0003993195473458111 0.4269510412717938 0.009924656730339099 0.02025805322677221 -2.5786245588153203 0.32963442329095477 0.6211882569053363 0.03317966568632199
36 324 0.3292564606046352 0 0.0005211344914941406 0.37081298839029664 0.06364166860750471 0.012397225451679851 -2.9222267595038525 0.1299462516484271 -0.8026665179668085 0.05156354458468426
36 324 0.21815126490633324 0 0.0004227602811846513 0.4549925946044948 -0.0562539462582311 0.013622445098119385 -3.052472244122101 0.35137507012941355 1.125500610442632 0.04434368248319606
36 324 0.1617621130322755 0 0.0003949205651239764 0.4323964559104991 0.01698432581520412 0.02352967047246849 -2.3240575603409157 0.3181166358835459 0.44751637359788876 0.030724593741770168
37 333 0.2871522901525763 0 0.0005681266694533721 0.3789578377210241 0.05564874692749674 0.0157980126222924 -2.963713996438178 0.05666107285487701 -0.5717906053340767 0.04852649415718113
37 333 0.20387768166452694 0 0.0004201274142775607 0.4567713883044055 -0.06025760786074398 0.00597438884415356 -3.0715250796335316 0.3153617206613868 1.1358217309015541 0.04352657071459487
37 333 0.1734494194576782 0 0.0004281266178771067 0.43952814624901654 0.01319020608679499 0.02650093670137618 -2.233848784890851 0.34999294042627355 0.5190286792308754 0.034246942926846664
38 342 0.2666114297945292 0 0.0005377524258424155 0.3701144379208259 0.04553691469026625 0.011233202940463372 -3.0946714770954458 0.17751965777084666 -0.5004766129971762 0.04665225837829731
38 342 0.18929669589669768 0 0.0003968660685565524 0.45534403176720695 -0.05128831328582423 0.008491760820097026 -3.074324860445815 0.28129843247206276 0.9407725611420568 0.039781801741354185
38 342 0.16405357878579355 0 0.00043435578091004733 0.42930413526655653 0.016004345489516986 0.02071308308837025 -2.520207611660495 0.30796842526004076 0.36630152479708034 0.03373360538629443
39 351 0.2537851397100813 0 0.0005018477054547483 0.3768659168096904 0.04970431657303224 0.02166724246214958 -3.139660240791114 0.09756286748935974 -0.921389772558217 0.04772155887205868
39 351 0.17534542602550182 0 0.0004088815962443555 0.45795983907388277 -0.05812925769132009 0.01031763223127957 -3.1139597809762156 0.3452827099112782 0.9952321898347714 0.041423778108314574
39 351 0.16282490789581433 0 0.00040989235039276767 0.4420652120126185 0.01615765694872849 0.024460507535760772 -2.4819337534587116 0.3616875511164345 0.44648859753731934 0.034081331701680685
40 360 0.27446146947767647 0 0.0004397186454517521 0.382480831406677 0.052750657839143324 0.015496240674496314 -3.125247057829343 0.16942666184738128 -0.8998913343193867 0.04065747979797756
40 360 0.17084640879418483 0 0.0004498278200239907 0.4595139156219178 -0.060861750333570296 0.008328029385759531 -3.0780204606937387 0.3141606974046345 0.9756176529926862 0.048420858523913694
40 360 0.16998301996456014 0 0.00042585453513158025 0.44184225531028615 0.022068815675815565 0.027368016739280934 -2.1691646398397855 0.3197877654387226 0.3695230743062032 0.035698230640185784
41 369 0.2696487509103644 0 0.00046016033400252685 0.3691385545569095 0.05099780653553878 0.015783044295608326 -3.139998760831027 0.17475904441188297 -0.8943293850668486 0.04804955675009359
41 369 0.15103665534899777 0 0.0004171089161608306 0.45706742594927097 -0.054363999227766205 0.009224638059614177 -3.13175028293165 0.35502256607071675 0.9452469887174417 0.04510708895296385
41 369 0.17558024934157188 0 0.0004045810087681509 0.4361043067312041 0.020490288883299526 0.02337395400460825 -2.3103328922555884 0.27473103446557695 0.5069884228260051 0.0361774364129072
42 378 0.25973567309841716 0 0.0004274576272316771 0.3680101167720665 0.05768824995808157 0.008282166826801853 -3.137434865106214 0.20102863966385864 -0.9406461316259497 0.04682108575255775
42 378 0.12962622970504772 0 0.0004247505876777428 0.45595856651030753 -0.059349385224294664 0.009397047118739335 -3.0902246515335547 0.3713201392067157 0.9866741109265078 0.04321864873499438
42 378 0.15514178481315724 0 0.00040913667373201814 0.44012686969454284 0.019611952226040542 0.023240567470112293 -2.380174468404229 0.30219465011777047 0.43701801369394205 0.03570478424920745
43 387 0.24898089341249874 0 0.00047674218972537717 0.36760142920982775 0.053273719623942485 0.01909399264612119 -3.1377605697896294 0.21740335346139528 -0.9517680664250056 0.05039295327724712
43 387 0.1249479212459716 0 0.0004078927182219578 0.4585342217009194 -0.05235451405663853 0.009101684399391241 -3.1356617581229362 0.35447988246289447 0.8482316386622825 0.042444464097757664
43 387 0.1580972673726614 0 0.0004384971510124915 0.43438609171742554 0.02447289486911093 0.02873298732475405 -2.040488619907245 0.3226501338989593 0.34356456328363033 0.035389037064657035
44 396 0.23625582458998212 0 0.00046150483845632353 0.37319125081690924 0.04881681175838262 0.018648991942017672 -3.1414376540485804 0.16100212274678594 -1.1194566082727202 0.04939363763486038
44 396 0.11480670329105595 0 0.0003932407208228321 0.45850408467787346 -0.05334445231431907 0.009997183281496886 -3.1311991839602653 0.33601361270256347 0.9282199813268102 0.04098844259019678
44 396 0.14942505093662561 0 0.00041435216746927087 0.4316041156614274 0.02566511394873358 0.024646421888504303 -2.187848780833814 0.26893311346604276 0.35637675254277745 0.034003724955873664
45 405 0.23098099651502738 0 0.00042733475011789334 0.3642914330149769 0.05752849169916134 0.011974591659018024 -3.1302422697459535 0.25027996086934573 -0.8982196515483284 0.045528342189223574
45 405 0.23098099651502738 0 0.00042733475011789334 0.3642914330149769 0.05752849169916134 0.011974591659018024 -3.1302422697459535 0.25027996086934573 -0.8982196515483284 0.045528342189223574
45 405 0.10334357880390962 0 0.0003923737730569449 0.4592581108252459 -0.05352971576651778 0.011359440937333553 -3.1064777071153014 0.3602337296408629 0.9140439925534614 0.041416657842579224
45 405 0.1676439537324513 0 0.0004136286100241076 0.42911440779443033 0.02218887135622209 0.022437181412591753 -2.4299855683772056 0.2555593807749886 0.36866136515870257 0.03184605830131123
45 405 0.10334357880390962 0 0.0003923737730569449 0.4592581108252459 -0.05352971576651778 0.011359440937333553 -3.1064777071153014 0.3602337296408629 0.9140439925534614 0.041416657842579224
45 405 0.1676439537324513 0 0.0004136286100241076 0.42911440779443033 0.02218887135622209 0.022437181412591753 -2.4299855683772056 0.2555593807749886 0.36866136515870257 0.03184605830131123
