% # columns="iteration, evaluation, sigma, max axis length,  min axis length, all principal axes lengths  (sorted square roots of eigenvalues of C)", seed=2567, Fri Aug 28 18:38:59 2026
1 9 0.9449729899729059 1.0000428580612375 1.0 1.0 1.0000071428826531 1.000014285816327 1.000021428801022 1.0000285718367385 1.0000357149234769 1.0000428580612375
2 18 0.9087555735421708 1.1263692051280343 0.885170881860681 0.885170881860681 0.9485617773418604 0.9868362317270267 0.9927785810819171 1.0063302658540096 1.0123976495569553 1.1263692051280343
2 18 0.9087555735421712 1.1263692051280345 0.885170881860681 0.885170881860681 0.9485617773418603 0.9868362317270265 0.9927785810819171 1.0063302658540099 1.0123976495569555 1.1263692051280345
2 18 0.9087555735421711 1.126369205128034 0.8851708818606806 0.8851708818606806 0.9485617773418601 0.9868362317270262 0.9927785810819169 1.0063302658540094 1.0123976495569553 1.126369205128034
2 18 0.9087555735421708 1.1263692051280343 0.8851708818606809 0.8851708818606809 0.9485617773418603 0.9868362317270263 0.992778581081917 1.0063302658540096 1.0123976495569553 1.1263692051280343
2 18 0.9087555735421705 1.1263692051280347 0.8851708818606813 0.8851708818606813 0.9485617773418601 0.9868362317270267 0.9927785810819169 1.0063302658540094 1.0123976495569553 1.1263692051280347
2 18 0.9087555735421706 1.1263692051280345 0.8851708818606813 0.8851708818606813 0.9485617773418603 0.9868362317270268 0.992778581081917 1.0063302658540096 1.0123976495569553 1.1263692051280345
3 27 0.8929064494700619 1.1706296278479273 0.8166714491269306 0.8166714491269306 0.8880147572391089 0.9831097760766375 0.9899217784293428 1.0033655693124943 1.038706304655981 1.1706296278479273
3 27 0.8929064494700623 1.1706296278479273 0.8166714491269305 0.8166714491269305 0.8880147572391089 0.9831097760766376 0.9899217784293427 1.003365569312494 1.0387063046559812 1.1706296278479273
3 27 0.8929064494700621 1.1706296278479271 0.8166714491269306 0.8166714491269306 0.888014757239109 0.9831097760766374 0.9899217784293425 1.003365569312494 1.038706304655981 1.1706296278479271
3 27 0.8929064494700623 1.170629627847927 0.8166714491269303 0.8166714491269303 0.888014757239109 0.9831097760766374 0.9899217784293427 1.0033655693124943 1.0387063046559808 1.170629627847927
3 27 0.8929064494700619 1.1706296278479276 0.8166714491269303 0.8166714491269303 0.888014757239109 0.9831097760766376 0.9899217784293428 1.003365569312494 1.0387063046559808 1.1706296278479276
3 27 0.8929064494700618 1.1706296278479273 0.8166714491269305 0.8166714491269305 0.888014757239109 0.9831097760766374 0.989921778429343 1.003365569312494 1.0387063046559806 1.1706296278479273
4 36 0.9107936243491089 1.190644033739363 0.8154822524085172 0.8154822524085172 0.8837576973858073 0.9445315569915064 0.9519965056339882 0.9955754487810599 1.03020831621548 1.190644033739363
4 36 0.9107936243491087 1.1906440337393622 0.8154822524085169 0.8154822524085169 0.883757697385807 0.9445315569915063 0.9519965056339883 0.99557544878106 1.0302083162154798 1.1906440337393622
4 36 0.9107936243491096 1.190644033739363 0.8154822524085169 0.8154822524085169 0.8837576973858075 0.9445315569915061 0.9519965056339879 0.9955754487810604 1.0302083162154796 1.190644033739363
5 45 0.960011014998041 1.1935252032746055 0.8106942182965255 0.8106942182965255 0.8820989687645925 0.9164507323904313 0.9619029336221571 0.9949861693964076 1.021341101889015 1.1935252032746055
4 36 0.910793624349109 1.1906440337393627 0.8154822524085171 0.8154822524085171 0.8837576973858077 0.9445315569915064 0.9519965056339882 0.9955754487810599 1.03020831621548 1.1906440337393627
4 36 0.9107936243491093 1.1906440337393625 0.8154822524085167 0.8154822524085167 0.8837576973858075 0.9445315569915063 0.9519965056339882 0.9955754487810602 1.0302083162154794 1.1906440337393625
5 45 0.9600110149980416 1.193525203274606 0.8106942182965253 0.8106942182965253 0.882098968764592 0.9164507323904313 0.9619029336221567 0.9949861693964076 1.021341101889015 1.193525203274606
4 36 0.9107936243491088 1.1906440337393627 0.8154822524085171 0.8154822524085171 0.8837576973858072 0.9445315569915064 0.9519965056339882 0.9955754487810599 1.0302083162154796 1.1906440337393627
6 54 1.0469016112629923 1.2278376670372622 0.7711898811207853 0.7711898811207853 0.869617910819557 0.8992971894117069 0.9449977206790163 0.9888270749199959 1.0594283921591858 1.2278376670372622
6 54 1.0469016112629936 1.2278376670372628 0.7711898811207856 0.7711898811207856 0.869617910819557 0.8992971894117067 0.9449977206790163 0.9888270749199963 1.059428392159186 1.2278376670372628
5 45 0.9600110149980428 1.193525203274606 0.8106942182965255 0.8106942182965255 0.8820989687645924 0.9164507323904313 0.961902933622157 0.9949861693964075 1.0213411018890153 1.193525203274606
5 45 0.9600110149980415 1.1935252032746058 0.8106942182965251 0.8106942182965251 0.8820989687645924 0.9164507323904313 0.9619029336221568 0.9949861693964078 1.021341101889015 1.1935252032746058
5 45 0.9600110149980426 1.193525203274606 0.8106942182965255 0.8106942182965255 0.8820989687645923 0.9164507323904313 0.961902933622157 0.9949861693964077 1.0213411018890155 1.193525203274606
7 63 0.9808150963897778 1.2657885140185678 0.7379546181306952 0.7379546181306952 0.8591527163261008 0.8901384854286092 0.9507345645006463 0.975397801947253 1.0992692936399444 1.2657885140185678
5 45 0.9600110149980418 1.193525203274606 0.8106942182965255 0.8106942182965255 0.8820989687645923 0.9164507323904311 0.9619029336221566 0.9949861693964078 1.021341101889015 1.193525203274606
7 63 0.9808150963897793 1.2657885140185683 0.7379546181306949 0.7379546181306949 0.8591527163261009 0.8901384854286092 0.9507345645006463 0.9753978019472532 1.0992692936399446 1.2657885140185683
6 54 1.0469016112629932 1.2278376670372624 0.7711898811207856 0.7711898811207856 0.8696179108195572 0.899297189411707 0.9449977206790164 0.9888270749199966 1.059428392159186 1.2278376670372624
6 54 1.0469016112629945 1.2278376670372628 0.7711898811207856 0.7711898811207856 0.8696179108195572 0.8992971894117069 0.9449977206790163 0.9888270749199963 1.0594283921591865 1.2278376670372628
6 54 1.0469016112629945 1.2278376670372626 0.7711898811207852 0.7711898811207852 0.869617910819557 0.8992971894117068 0.9449977206790163 0.9888270749199962 1.0594283921591867 1.2278376670372626
8 72 0.9955610830343318 1.2898689637104312 0.7228033539344141 0.7228033539344141 0.814097283715179 0.8734066110308975 0.9223711154457751 0.9598699320998743 1.1112717806503705 1.2898689637104312
8 72 1.0033373561891559 1.2898689637104317 0.7228033539344141 0.7228033539344141 0.8140972837151789 0.873406611030897 0.9223711154457754 0.959869932099874 1.1112717806503707 1.2898689637104317
6 54 1.0469016112629936 1.2278376670372624 0.7711898811207857 0.7711898811207857 0.8696179108195572 0.8992971894117067 0.9449977206790162 0.9888270749199961 1.0594283921591865 1.2278376670372624
7 63 0.9808150963897787 1.265788514018568 0.7379546181306946 0.7379546181306946 0.859152716326101 0.8901384854286092 0.9507345645006462 0.9753978019472532 1.0992692936399449 1.265788514018568
7 63 0.9808150963897797 1.2657885140185685 0.7379546181306949 0.7379546181306949 0.8591527163261014 0.8901384854286091 0.9507345645006461 0.9753978019472531 1.0992692936399449 1.2657885140185685
7 63 0.9808150963897797 1.2657885140185687 0.7379546181306949 0.7379546181306949 0.8591527163261009 0.8901384854286091 0.9507345645006465 0.9753978019472533 1.0992692936399444 1.2657885140185687
9 81 0.9658966390947998 1.2473275297806754 0.7372994691345988 0.7372994691345988 0.7730973360761719 0.8807258377805017 0.9258827939175622 0.9916133969058011 1.0797967938803632 1.2473275297806754
9 81 0.9901438707123503 1.2385057469541572 0.7344681639189411 0.7344681639189411 0.7757694695758466 0.8826191405227836 0.9257252680110951 0.9972247535813653 1.0871019146314782 1.2385057469541572
8 72 0.9439356079277088 1.2898689637104317 0.7228033539344144 0.7228033539344144 0.8140972837151791 0.8734066110308972 0.9223711154457752 0.959869932099874 1.1112717806503705 1.2898689637104317
7 63 0.9808150963897792 1.2657885140185683 0.7379546181306951 0.7379546181306951 0.8591527163261007 0.8901384854286088 0.9507345645006459 0.9753978019472531 1.0992692936399446 1.2657885140185683
8 72 0.9955610830343333 1.2898689637104321 0.722803353934414 0.722803353934414 0.8140972837151793 0.8734066110308972 0.9223711154457755 0.959869932099874 1.111271780650371 1.2898689637104321
8 72 1.0033373561891563 1.2898689637104321 0.7228033539344138 0.7228033539344138 0.8140972837151792 0.8734066110308971 0.9223711154457753 0.9598699320998744 1.1112717806503711 1.2898689637104321
10 90 0.9702803108103167 1.2142301303766436 0.7154507816998779 0.7154507816998779 0.7616533444260914 0.8791028142867369 0.9175473025955725 1.0137823757084128 1.0762372324150253 1.2142301303766436
9 81 0.9658966390948014 1.2473275297806763 0.7372994691345991 0.7372994691345991 0.7730973360761723 0.8807258377805018 0.9258827939175621 0.9916133969058007 1.0797967938803636 1.2473275297806763
9 81 0.8206293312726289 1.2664399659170198 0.7324498539075107 0.7324498539075107 0.7752825815097254 0.875227683011587 0.920615463914526 0.9566337857219561 1.0833023737893306 1.2664399659170198
11 99 0.9629216191995716 1.1968581975980475 0.7149421920488735 0.7149421920488735 0.7513064506114147 0.8667918456463488 0.88660903038495 0.9704830273023484 1.119973296602236 1.1968581975980475
10 90 0.8857070582603391 1.2349294344364867 0.7318081689880283 0.7318081689880283 0.7701691263556243 0.8633424694617367 0.9188414399784114 0.9914127941732522 1.0441563101045404 1.2349294344364867
9 81 0.9901438707123511 1.2385057469541583 0.7344681639189409 0.7344681639189409 0.7757694695758462 0.8826191405227835 0.925725268011095 0.9972247535813655 1.0871019146314778 1.2385057469541583
8 72 0.9439356079277091 1.2898689637104315 0.7228033539344139 0.7228033539344139 0.814097283715179 0.8734066110308967 0.9223711154457754 0.9598699320998743 1.111271780650371 1.2898689637104315
10 90 0.88570705826034 1.2349294344364874 0.7318081689880279 0.7318081689880279 0.7701691263556248 0.8633424694617371 0.9188414399784112 0.9914127941732532 1.0441563101045397 1.2349294344364874
10 90 0.7289711996298519 1.2255364932731065 0.7148785441479361 0.7148785441479361 0.7673902316751047 0.8486481045490502 0.9009211698653845 0.9600392491055081 1.0890508664392147 1.2255364932731065
10 90 0.9702803108103177 1.2142301303766438 0.7154507816998773 0.7154507816998773 0.7616533444260916 0.8791028142867372 0.9175473025955729 1.013782375708413 1.0762372324150256 1.2142301303766438
11 99 0.8154028175505741 1.2308112802767035 0.6655812784303349 0.6655812784303349 0.7588802275059513 0.8546386684098259 0.9227291055959449 0.9977658304392629 1.041516480645481 1.2308112802767035
9 81 0.8206293312726289 1.2664399659170198 0.7324498539075108 0.7324498539075108 0.7752825815097252 0.8752276830115867 0.920615463914526 0.956633785721956 1.0833023737893313 1.2664399659170198
11 99 0.8154028175505733 1.2308112802767026 0.6655812784303347 0.6655812784303347 0.758880227505951 0.8546386684098258 0.9227291055959455 0.9977658304392628 1.0415164806454813 1.2308112802767026
12 108 0.8562339986355595 1.2438138748330407 0.6925494701998847 0.6925494701998847 0.698733329209324 0.8408169227499461 0.8879022991036868 0.9861760500049743 1.1228569919899256 1.2438138748330407
10 90 0.7289711996298518 1.2255364932731065 0.714878544147936 0.714878544147936 0.7673902316751045 0.8486481045490497 0.9009211698653844 0.9600392491055082 1.089050866439215 1.2255364932731065
11 99 0.6581829545660884 1.232283526530939 0.6948897702989097 0.6948897702989097 0.7474488860764593 0.7939228755964651 0.8800255082520129 0.9639024086679165 1.1002798035383698 1.232283526530939
12 108 0.7587252535166248 1.2233922937342925 0.666876937087062 0.666876937087062 0.7185722809656797 0.7909903030590361 0.9305427243573661 0.9943584188960868 1.0402549672992656 1.2233922937342925
13 117 0.8311299189860732 1.3189940655290544 0.657040171067962 0.657040171067962 0.6851012220987682 0.8363858385408037 0.8597492631073328 0.9751087931834058 1.083850937609755 1.3189940655290544
12 108 0.6545252902319139 1.211687714486559 0.6943917252202187 0.6943917252202187 0.7033603402928384 0.8059033266435838 0.8593210984500982 0.9915529495238391 1.054680197271247 1.211687714486559
11 99 0.962921619199573 1.1968581975980472 0.714942192048873 0.714942192048873 0.7513064506114144 0.8667918456463488 0.8866090303849499 0.9704830273023487 1.1199732966022362 1.1968581975980472
11 99 0.6581829545660884 1.2322835265309393 0.6948897702989099 0.6948897702989099 0.7474488860764595 0.793922875596465 0.880025508252013 0.9639024086679162 1.1002798035383703 1.2322835265309393
13 117 0.6633481010970345 1.1384571455295485 0.653500155196758 0.653500155196758 0.7039618073824291 0.7864791148281342 0.9464770927917328 0.9873885346935893 1.0319500821613241 1.1384571455295485
12 108 0.7587252535166242 1.223392293734292 0.6668769370870611 0.6668769370870611 0.7185722809656792 0.7909903030590356 0.930542724357366 0.9943584188960868 1.040254967299265 1.223392293734292
14 126 0.8954929259095998 1.27418621654513 0.6240069048462064 0.6240069048462064 0.6986457613032228 0.8167419622534756 0.887381525347368 0.9708791372262925 1.0707362963689568 1.27418621654513
12 108 0.6545252902319136 1.2116877144865594 0.6943917252202189 0.6943917252202189 0.703360340292838 0.8059033266435836 0.8593210984500982 0.9915529495238389 1.054680197271247 1.2116877144865594
13 117 0.6024223710435581 1.310260852787756 0.6567062701344427 0.6567062701344427 0.6839992183588885 0.8008784809212528 0.831637521602697 1.0069107109716875 1.0557616592472545 1.310260852787756
13 117 0.6024223710435581 1.310260852787756 0.6567062701344428 0.6567062701344428 0.6839992183588888 0.8008784809212527 0.831637521602697 1.0069107109716873 1.0557616592472545 1.310260852787756
12 108 0.8562339986355604 1.2438138748330412 0.6925494701998846 0.6925494701998846 0.6987333292093239 0.8408169227499465 0.887902299103687 0.9861760500049745 1.1228569919899256 1.2438138748330412
14 126 0.604716860369706 1.1095621882588367 0.6423960860527914 0.6423960860527914 0.6784470129633042 0.7765834131636248 0.9039932868142216 0.9830780445106512 1.0399377606503872 1.1095621882588367
13 117 0.6633481010970338 1.1384571455295478 0.6535001551967575 0.6535001551967575 0.7039618073824289 0.7864791148281342 0.9464770927917328 0.9873885346935898 1.0319500821613243 1.1384571455295478
14 126 0.5854219039113717 1.2424077558065945 0.6348133773097854 0.6348133773097854 0.664942550906342 0.7944127249790477 0.8129527408152465 1.0161891185694023 1.0737419846006242 1.2424077558065945
14 126 0.5854219039113717 1.2424077558065942 0.6348133773097856 0.6348133773097856 0.6649425509063418 0.7944127249790477 0.8129527408152465 1.0161891185694025 1.0737419846006244 1.2424077558065942
15 135 0.9426740530009298 1.3585882498781345 0.5889046050446909 0.5889046050446909 0.6900898801174251 0.8069767442807114 0.8995708609285701 0.9863687332054824 1.1000745771976241 1.3585882498781345
13 117 0.8311299189860745 1.318994065529055 0.6570401710679616 0.6570401710679616 0.6851012220987682 0.8363858385408037 0.8597492631073331 0.9751087931834069 1.083850937609755 1.318994065529055
15 135 0.5978422546143435 1.2374376567435972 0.6111951004271892 0.6111951004271892 0.6542351333494862 0.7565384805572439 0.8000526281270725 1.0295386264505992 1.1167539318536757 1.2374376567435972
15 135 0.633994131572959 1.1061248750512709 0.5979787555138093 0.5979787555138093 0.6750272368136939 0.7782824908588746 0.8983066743683625 0.9933508096004041 1.029286119075848 1.1061248750512709
16 144 0.9347249719861093 1.342572651666907 0.5627104312516574 0.5627104312516574 0.7192556669187208 0.7950965918031335 0.9184129729211544 0.9978324300033554 1.0709680004659796 1.342572651666907
14 126 0.6047168603697054 1.1095621882588362 0.6423960860527916 0.6423960860527916 0.6784470129633043 0.7765834131636248 0.9039932868142216 0.9830780445106514 1.0399377606503875 1.1095621882588362
16 144 0.6416855978704404 1.2109977521049395 0.5695157512835706 0.5695157512835706 0.6545871771472903 0.7580785359802523 0.9186378669135942 0.9729336044196618 1.0252688378136419 1.2109977521049395
15 135 0.5978422546143435 1.2374376567435976 0.6111951004271892 0.6111951004271892 0.6542351333494862 0.7565384805572437 0.8000526281270727 1.0295386264505992 1.1167539318536754 1.2374376567435976
17 153 0.5843444266234471 1.235554771950154 0.5356561486873077 0.5356561486873077 0.6658787195385132 0.7558644307824182 0.9172716361694788 0.9414333388406196 1.0304091854125002 1.235554771950154
15 135 0.6339941315729586 1.1061248750512704 0.5979787555138085 0.5979787555138085 0.6750272368136938 0.7782824908588746 0.8983066743683623 0.9933508096004038 1.0292861190758478 1.1061248750512704
16 144 0.5825756939168044 1.2521088893295866 0.5957950322835661 0.5957950322835661 0.6099070729609193 0.7732595502465527 0.789513605410797 1.0435184060202467 1.1091353965418915 1.2521088893295866
14 126 0.8954929259096015 1.2741862165451303 0.6240069048462064 0.6240069048462064 0.6986457613032228 0.8167419622534757 0.887381525347368 0.9708791372262929 1.0707362963689573 1.2741862165451303
16 144 0.5825756939168047 1.2521088893295866 0.5957950322835665 0.5957950322835665 0.6099070729609196 0.7732595502465528 0.7895136054107974 1.0435184060202467 1.1091353965418915 1.2521088893295866
16 144 0.64168559787044 1.2109977521049395 0.5695157512835702 0.5695157512835702 0.6545871771472899 0.7580785359802525 0.9186378669135942 0.9729336044196616 1.0252688378136414 1.2109977521049395
17 153 0.8840071659462525 1.3224621387868623 0.5705736000546915 0.5705736000546915 0.7012112981758865 0.7917423790873811 0.8664983575013475 0.9858986098453407 1.108200075258646 1.3224621387868623
17 153 0.5399298117639397 1.2891141424430592 0.5785780705491239 0.5785780705491239 0.6016526577993621 0.7653787998860044 0.7926451590296177 0.9930642486218989 1.0663188154627465 1.2891141424430592
18 162 0.5404991983270914 1.227117180116086 0.54630353992986 0.54630353992986 0.6433148493425142 0.720207679819854 0.8634120468188081 0.9190802175898035 1.0424408262000797 1.227117180116086
15 135 0.9426740530009315 1.3585882498781348 0.5889046050446903 0.5889046050446903 0.6900898801174253 0.8069767442807121 0.8995708609285704 0.9863687332054829 1.1000745771976246 1.3585882498781348
17 153 0.5399298117639393 1.2891141424430592 0.5785780705491239 0.5785780705491239 0.6016526577993625 0.7653787998860043 0.792645159029618 0.9930642486218987 1.0663188154627465 1.2891141424430592
18 162 0.8179498211274796 1.3345008705747725 0.5886191436669321 0.5886191436669321 0.6861745996849207 0.7436067167792779 0.8653874213523001 0.9607928717909667 1.095203843045603 1.3345008705747725
19 171 0.5667424230727945 1.2201378606237656 0.5446816759352481 0.5446816759352481 0.6070928655843196 0.7208237597197701 0.8490626023835799 0.9142961414780113 1.0376019340975626 1.2201378606237656
17 153 0.5843444266234469 1.2355547719501538 0.5356561486873075 0.5356561486873075 0.6658787195385131 0.755864430782418 0.9172716361694789 0.9414333388406195 1.0304091854124997 1.2355547719501538
16 144 0.9347249719861116 1.3425726516669074 0.5627104312516569 0.5627104312516569 0.7192556669187203 0.7950965918031337 0.9184129729211546 0.9978324300033558 1.0709680004659798 1.3425726516669074
18 162 0.5302581062521013 1.289307975803755 0.579453871202858 0.579453871202858 0.6066890550551465 0.7294584545282864 0.760743210355945 0.995439049965194 1.033871144449079 1.289307975803755
19 171 0.7076861394421482 1.3416725784105152 0.549947363834457 0.549947363834457 0.6654380791489353 0.7356646804639597 0.8537636166860421 0.9830128489154459 1.0824482301481697 1.3416725784105152
18 162 0.5302581062521011 1.2893079758037547 0.5794538712028583 0.5794538712028583 0.6066890550551458 0.7294584545282858 0.7607432103559455 0.9954390499651942 1.0338711444490791 1.2893079758037547
20 180 0.5158264061191571 1.250042117373157 0.5380127172099325 0.5380127172099325 0.5766096028190145 0.7424075520276615 0.8603504833708888 0.9084602503049899 1.0045323422925951 1.250042117373157
18 162 0.5404991983270913 1.2271171801160863 0.54630353992986 0.54630353992986 0.6433148493425142 0.7202076798198542 0.8634120468188081 0.9190802175898036 1.042440826200079 1.2271171801160863
19 171 0.4732510931188863 1.259730003862564 0.5535545181976786 0.5535545181976786 0.6041406461310126 0.7356908128392867 0.793299903059163 0.9725314762167635 1.0480690775177945 1.259730003862564
17 153 0.8840071659462541 1.3224621387868623 0.5705736000546915 0.5705736000546915 0.7012112981758865 0.791742379087381 0.8664983575013473 0.9858986098453413 1.1082000752586463 1.3224621387868623
20 180 0.7038069749270581 1.3271360067330338 0.5453662646801339 0.5453662646801339 0.6191725467424666 0.7007502935693575 0.8557325759747898 0.9581879578424521 1.0941264992074187 1.3271360067330338
19 171 0.4732510931188862 1.2597300038625636 0.5535545181976789 0.5535545181976789 0.6041406461310119 0.735690812839286 0.7932999030591626 0.9725314762167632 1.0480690775177948 1.2597300038625636
20 180 0.46265141914456115 1.2157567499079882 0.5418176446105136 0.5418176446105136 0.5900972488131725 0.685813189815961 0.790631915591334 0.9679104073424547 1.0601343223248878 1.2157567499079882
21 189 0.7427558679486492 1.3391369721016009 0.5257738125481564 0.5257738125481564 0.5770394693514701 0.7001304394133242 0.8643324568309132 0.9709894581996881 1.1158954901465068 1.3391369721016009
19 171 0.5667424230727943 1.2201378606237656 0.5446816759352479 0.5446816759352479 0.6070928655843197 0.7208237597197699 0.8490626023835799 0.9142961414780112 1.0376019340975622 1.2201378606237656
18 162 0.817949821127481 1.3345008705747725 0.588619143666932 0.588619143666932 0.6861745996849203 0.7436067167792787 0.8653874213523003 0.9607928717909671 1.0952038430456035 1.3345008705747725
21 189 0.5179473260960703 1.243978152504119 0.526564825861442 0.526564825861442 0.5370098737059232 0.7402315376781884 0.8555627723145082 0.8924347964842412 1.0342182748975295 1.243978152504119
20 180 0.4437582345565957 1.2157567499079882 0.5418176446105136 0.5418176446105136 0.5900972488131722 0.6858131898159611 0.7906319155913336 0.9679104073424545 1.0601343223248878 1.2157567499079882
21 189 0.4147416739090208 1.2186427260216168 0.5252377067314501 0.5252377067314501 0.5812436910559011 0.6843354718650798 0.7853410896185327 1.0111032193480014 1.0479371343322585 1.2186427260216168
21 189 0.41573907684285877 1.1907476636127121 0.5269867653726766 0.5269867653726766 0.5773855815481825 0.687783499657525 0.7865570386421327 0.9876049552934958 1.04803600669571 1.1907476636127121
22 198 0.7105110062217465 1.4051358390334325 0.510157127925552 0.510157127925552 0.5437024579172477 0.7060093149891625 0.8599291262626617 0.986915788538728 1.11541225817916 1.4051358390334325
20 180 0.5158264061191568 1.2500421173731564 0.5380127172099322 0.5380127172099322 0.5766096028190143 0.7424075520276617 0.860350483370889 0.9084602503049898 1.0045323422925947 1.2500421173731564
22 198 0.39371790046246474 1.2043546298143484 0.5088822426143498 0.5088822426143498 0.5558318304264591 0.6912804675364461 0.7679701382400896 0.9489506068246524 1.0579032994929194 1.2043546298143484
22 198 0.41473744143837493 1.2421935161329527 0.5158972066012059 0.5158972066012059 0.5663154823032173 0.646650217554981 0.7904013168007997 0.9888430173193952 1.0445736431610697 1.2421935161329527
19 171 0.7076861394421494 1.3416725784105157 0.5499473638344574 0.5499473638344574 0.6654380791489352 0.73566468046396 0.8537636166860422 0.9830128489154462 1.08244823014817 1.3416725784105157
23 207 0.6712754388377604 1.4492877463327358 0.4853265663149849 0.4853265663149849 0.5129778477674289 0.7236590923851723 0.8392784943775482 0.9750051701483883 1.0907377387838761 1.4492877463327358
22 198 0.5397566618020071 1.2275209061660268 0.4925235649132378 0.4925235649132378 0.5268067039298536 0.7430354393221963 0.8628503925667296 0.9094765165681352 1.030752221134094 1.2275209061660268
21 189 0.5179473260960695 1.2439781525041187 0.5265648258614417 0.5265648258614417 0.5370098737059232 0.7402315376781884 0.8555627723145084 0.8924347964842411 1.034218274897529 1.2439781525041187
23 207 0.3490475385026151 1.1460198431350568 0.4894171189206206 0.4894171189206206 0.555401434807126 0.6931940421822358 0.7574919028571575 0.9724202971491994 1.0502207473395442 1.1460198431350568
23 207 0.3822592955991346 1.2876622147920638 0.4757354189743053 0.4757354189743053 0.5547152261440498 0.6702484126113755 0.7823116678980533 0.9753007468141784 1.0363189073016026 1.2876622147920638
20 180 0.7038069749270593 1.327136006733034 0.5453662646801339 0.5453662646801339 0.6191725467424665 0.7007502935693577 0.85573257597479 0.9581879578424525 1.094126499207419 1.327136006733034
23 207 0.5452915122561194 1.214860578485359 0.4724882814685836 0.4724882814685836 0.48425085410983226 0.7532220518347894 0.8643660926318225 0.9714708745500309 1.0468500837101236 1.214860578485359
24 216 0.3133352088330002 1.1606311087474408 0.4689585435361935 0.4689585435361935 0.5561098405289043 0.6710355857657 0.7388843028278408 1.0041463105041908 1.0222269687719288 1.1606311087474408
24 216 0.6273924062964885 1.397271467565047 0.5013939428685601 0.5013939428685601 0.5052926072475459 0.7287757245362481 0.8515352748129048 0.87611216096871 1.0857660748683973 1.397271467565047
22 198 0.539756661802006 1.2275209061660262 0.49252356491323745 0.49252356491323745 0.5268067039298537 0.7430354393221961 0.8628503925667299 0.9094765165681352 1.0307522211340931 1.2275209061660262
24 216 0.3591086427824277 1.2864556396024491 0.4624472881319815 0.4624472881319815 0.5531944744324182 0.655587142048138 0.7505279069078723 0.9482606573113265 1.0308096327507623 1.2864556396024491
21 189 0.7427558679486506 1.3391369721016009 0.525773812548156 0.525773812548156 0.5770394693514701 0.7001304394133248 0.8643324568309132 0.9709894581996883 1.115895490146507 1.3391369721016009
25 225 0.3152090316731248 1.131410420355612 0.47136698704584495 0.47136698704584495 0.5602157667780482 0.6582344228637891 0.7222615024175316 0.9412030448064884 0.9996627487881654 1.131410420355612
24 216 0.5330109991819391 1.2169963687699963 0.45646077318877787 0.45646077318877787 0.4862010186684682 0.7135109430724967 0.8531822855854101 0.9475840616458314 1.0464475727783389 1.2169963687699963
25 225 0.339178664000938 1.301062004511216 0.4348159876481032 0.4348159876481032 0.5325120137262405 0.6394502807813167 0.7528072766182319 0.9338618371566026 1.126045930206255 1.301062004511216
25 225 0.6313231667877565 1.373577313162343 0.46793219509705825 0.46793219509705825 0.5104553083552521 0.710655353538001 0.8398808162352663 0.8894329057376325 1.0792847585073941 1.373577313162343
22 198 0.710511006221748 1.4051358390334328 0.5101571279255522 0.5101571279255522 0.5437024579172474 0.7060093149891631 0.8599291262626616 0.9869157885387283 1.11541225817916 1.4051358390334328
26 234 0.302243176960542 1.1265000171931545 0.45134576973210744 0.45134576973210744 0.5586209778687599 0.6548201535267756 0.7062378060025929 0.9112026012517263 1.0639975822864713 1.1265000171931545
23 207 0.5452915122561183 1.2148605784853588 0.4724882814685834 0.4724882814685834 0.484250854109832 0.7532220518347892 0.8643660926318226 0.9714708745500304 1.046850083710123 1.2148605784853588
25 225 0.5104860131887086 1.2250020653817908 0.46406075655424484 0.46406075655424484 0.4885941966450238 0.6927998812341211 0.8289955524091815 0.947479811030072 0.9679271154249515 1.2250020653817908
26 234 0.3270404711947538 1.2841994163068593 0.400301577888522 0.400301577888522 0.5121398881871794 0.6307841866957623 0.764541117554002 0.923448849248358 1.169391773294186 1.2841994163068593
23 207 0.6712754388377622 1.4492877463327358 0.4853265663149848 0.4853265663149848 0.5129778477674287 0.7236590923851728 0.839278494377548 0.9750051701483886 1.0907377387838766 1.4492877463327358
27 243 0.2818006804201463 1.1134252653877472 0.4266188087909425 0.4266188087909425 0.531787072955204 0.673774982273714 0.6916765055770969 0.9100328792787731 1.075601544541045 1.1134252653877472
26 234 0.6570797013721664 1.354851752987055 0.43533852289467784 0.43533852289467784 0.500661993242958 0.7061882378324367 0.8310833274612525 0.900682804277174 1.1505237594669484 1.354851752987055
24 216 0.5330109991819382 1.2169963687699958 0.4564607731887773 0.4564607731887773 0.48620101866846804 0.7135109430724963 0.8531822855854102 0.9475840616458308 1.0464475727783382 1.2169963687699958
26 234 0.4602673323581325 1.1973619072222985 0.45384129697483555 0.45384129697483555 0.4707745226993859 0.6775947120572211 0.8460792175350605 0.9135802816144931 0.9906070225481782 1.1973619072222985
28 252 0.28479795067052616 1.0825840041348418 0.4058424889849981 0.4058424889849981 0.507702033117877 0.6754013023617732 0.6960146254788805 0.9169622230296384 1.0663298173588434 1.0825840041348418
24 216 0.6273924062964926 1.3972714675650473 0.5013939428685604 0.5013939428685604 0.5052926072475462 0.7287757245362483 0.851535274812905 0.8761121609687103 1.0857660748683977 1.3972714675650473
27 243 0.3289858230637978 1.300985728830337 0.3830968192413975 0.3830968192413975 0.4799940911338251 0.6049632002860089 0.7764117551782652 0.9158004409051826 1.1776240147213772 1.300985728830337
27 243 0.674575699155434 1.3485601899382507 0.4228601000698279 0.4228601000698279 0.46250383755491287 0.6745878086821463 0.8058980741865049 0.9041496402220203 1.2838748121524324 1.3485601899382507
25 225 0.5104860131887081 1.2250020653817906 0.46406075655424545 0.46406075655424545 0.48859419664502357 0.6927998812341212 0.8289955524091817 0.9474798110300715 0.967927115424951 1.2250020653817906
27 243 0.4384590489901597 1.1886682028060456 0.43380150987271365 0.43380150987271365 0.4524285208659804 0.6926764983092969 0.8267084724374149 0.9047012410403791 0.9740558641099104 1.1886682028060456
28 252 0.3168213454476544 1.2727533072716783 0.3660550369510198 0.3660550369510198 0.46687410735065843 0.6085237592291408 0.8224735450804804 0.9012650817830778 1.1809800152738554 1.2727533072716783
25 225 0.6344881915185869 1.3735773131623423 0.4679321950970584 0.4679321950970584 0.5104553083552527 0.7106553535380015 0.8398808162352667 0.8894329057376336 1.0792847585073946 1.3735773131623423
29 261 0.29915357374638357 1.1391927223845406 0.37964774996934464 0.37964774996934464 0.4840267543848714 0.6594715975908079 0.7057894707318437 0.9456398542585498 1.0853107923317118 1.1391927223845406
28 252 0.6378908155117093 1.370787252166105 0.4153952875444822 0.4153952875444822 0.4656234879497675 0.6534914735070875 0.7721615269509395 0.884188327291995 1.2884409661276153 1.370787252166105
26 234 0.460267332358132 1.1973619072222983 0.45384129697483544 0.45384129697483544 0.4707745226993855 0.6775947120572212 0.8460792175350607 0.9135802816144925 0.9906070225481781 1.1973619072222983
29 261 0.3154753793481207 1.3499818639231294 0.34855593494759807 0.34855593494759807 0.4600164881207889 0.6147787669927238 0.8059004508196709 0.8654905975759333 1.1789335828183243 1.3499818639231294
28 252 0.42916757628812363 1.1637271136982525 0.41764954532402104 0.41764954532402104 0.4396702863133836 0.683291808436644 0.8263366918733359 0.8726380993676808 0.9878301653930013 1.1637271136982525
30 270 0.3132670744973632 1.1256892850781077 0.36963899427816715 0.36963899427816715 0.4653950121992005 0.635486498590565 0.713603802694219 0.987213393383099 1.1150953536501225 1.1256892850781077
26 234 0.6610420369511231 1.3563327427345997 0.43557943464271653 0.43557943464271653 0.5012846531850068 0.706320973338115 0.8290436650192766 0.9007188627198326 1.153624480494754 1.3563327427345997
29 261 0.5962073627771469 1.3933336159167582 0.3974777474424649 0.3974777474424649 0.43192787337681887 0.6573284725879608 0.7623115954978686 0.890987620881306 1.2768109741687037 1.3933336159167582
27 243 0.44085731263975103 1.188668202806045 0.43380150987271343 0.43380150987271343 0.4524285208659807 0.692676498309297 0.8267084724374151 0.9047012410403786 0.9740558641099104 1.188668202806045
30 270 0.31211393919689684 1.3930065549274604 0.3412187606905418 0.3412187606905418 0.4677504534119965 0.596886189013063 0.7962088427599622 0.8382971952507777 1.1216165436040557 1.3930065549274604
31 279 0.30482200924791186 1.187614054026077 0.35617836577702067 0.35617836577702067 0.4579003569872264 0.6222231972838418 0.7407233297210121 0.9822687699876244 1.0523901624831888 1.187614054026077
29 261 0.42105001040059886 1.1671913429764702 0.40444071719503144 0.40444071719503144 0.4202508748636976 0.671447396413678 0.8102036866386849 0.8952900306979223 1.0327411695080757 1.1671913429764702
27 243 0.640973479437596 1.3514708375760525 0.4231909352792016 0.4231909352792016 0.46306351285240344 0.6744373454357754 0.8034671093479618 0.9043482682741872 1.2865874280683176 1.3514708375760525
31 279 0.30633146407139605 1.4108414465368961 0.32703738724743203 0.32703738724743203 0.4573170185219697 0.5945279195600012 0.8273615751600657 0.8390494853610303 1.0710822854982265 1.4108414465368961
28 252 0.40279955402991197 1.1631395778367604 0.4179685124367032 0.4179685124367032 0.43994814028193385 0.6810172401840673 0.8195732981309167 0.8746011100789434 0.9894452463894932 1.1631395778367604
32 288 0.30942615355717684 1.1955497268857986 0.33793874519614236 0.33793874519614236 0.45767383177818155 0.6158558234704046 0.7306965125088458 1.0103524090749025 1.0344805672296558 1.1955497268857986
30 270 0.5783407518105834 1.4086655168815245 0.39103526779569564 0.39103526779569564 0.4384094404124234 0.6180165665588464 0.7468619633844342 0.9007722761603625 1.2078471845428913 1.4086655168815245
28 252 0.610957075946302 1.3582647071301062 0.41429789852868504 0.41429789852868504 0.4605351876801882 0.6533172940638547 0.7721605958386806 0.8698730904051277 1.282253769856601 1.3582647071301062
32 288 0.28833038586197735 1.3972798510882716 0.3228317738267819 0.3228317738267819 0.4710063330421284 0.5621062473978461 0.8167664361804037 0.8497386156709167 1.054486802833589 1.3972798510882716
30 270 0.3969367288988079 1.1460751660332706 0.3984629820769976 0.3984629820769976 0.40303695653832317 0.7387096104308848 0.8056135341166027 0.8991502210150537 0.9741883913361424 1.1460751660332706
33 297 0.322868953410185 1.2449692696159058 0.3205546539704301 0.3205546539704301 0.4525173671014959 0.6013495141334386 0.745955166403337 0.9940347435729474 1.0113191062132705 1.2449692696159058
29 261 0.3618845887006987 1.1489724913155999 0.39943808752093746 0.39943808752093746 0.4172471517073785 0.6724864972687531 0.7961349603519657 0.8952926496456002 1.0091918878598025 1.1489724913155999
31 279 0.5915287005171169 1.3976571478398345 0.36838684828048573 0.36838684828048573 0.4295309865660317 0.6220628688585684 0.7602391905594055 0.9264587347449104 1.1605145923170268 1.3976571478398345
33 297 0.28876051359311594 1.3304743924453621 0.3246497587463047 0.3246497587463047 0.479558536057437 0.5374130922661786 0.812928114560649 0.8694173244830026 1.0052503125416286 1.3304743924453621
29 261 0.6102900624990915 1.429269895616453 0.3950041838406821 0.3950041838406821 0.42898998460302523 0.6525344686196072 0.7564635818967445 0.9208143940674026 1.2590442104838855 1.429269895616453
34 306 0.3265586268957223 1.336820658181719 0.3002790365707658 0.3002790365707658 0.4328773723712002 0.5938965048497119 0.7407574822742087 0.961917164007524 1.0365516177701986 1.336820658181719
31 279 0.4016824927693463 1.1363332689748873 0.3711644764246479 0.3711644764246479 0.39989017491657763 0.7450785075070425 0.8177984639894261 0.8962530519829403 0.9307415566928566 1.1363332689748873
32 288 0.5705176318330841 1.5002902342335498 0.3532511211527835 0.3532511211527835 0.4272987388513867 0.6207304393479681 0.772312084342764 0.901866905833588 1.2109686994961295 1.5002902342335498
34 306 0.27872325043169005 1.3386567044850968 0.3162729054350945 0.3162729054350945 0.4664272306518987 0.5365827846562478 0.8062463827815716 0.8823804990541919 0.978472697460409 1.3386567044850968
30 270 0.36513642507211913 1.1340525191379265 0.3902399442817781 0.3902399442817781 0.4094383294048905 0.656070488664742 0.788686020950932 0.8965787078933601 0.9626337057455997 1.1340525191379265
35 315 0.30076223461039625 1.3882400146551142 0.281837646915295 0.281837646915295 0.40047366047674604 0.6041843340080014 0.7289099454345288 0.966532958320749 1.0305983356976742 1.3882400146551142
30 270 0.6273767574386881 1.4237624978769077 0.393447532639345 0.393447532639345 0.424138070853944 0.6779399778054503 0.7269267525112322 0.9540754638827729 1.2003933606740336 1.4237624978769077
35 315 0.3090559717006013 1.3274646347523498 0.2929907323918595 0.2929907323918595 0.4433215225891688 0.5415916887179781 0.7717017504501996 0.9354697771458835 0.9664051672964112 1.3274646347523498
32 288 0.3776039711126255 1.1372852025069486 0.351515712524652 0.351515712524652 0.40131390008191886 0.7286847279804253 0.8242058501526827 0.9180496370647269 0.9588813396820653 1.1372852025069486
33 297 0.5296561348848748 1.4312958098464441 0.3548369897831969 0.3548369897831969 0.41800054613701676 0.6240195481144978 0.7608235723888618 0.9099283336784467 1.2114389635349814 1.4312958098464441
36 324 0.29252576254004203 1.395533328685161 0.27670486973535086 0.27670486973535086 0.3892029875264968 0.611738209742033 0.700906694960528 0.9443043790615894 1.0193414940211023 1.395533328685161
31 279 0.3821573057284405 1.1615203757447947 0.35454676369344157 0.35454676369344157 0.41194469637457737 0.6486719334092345 0.8289142322630574 0.9073525360093345 0.9470925885069198 1.1615203757447947
36 324 0.29962155446787697 1.3769037884118471 0.29002210537713474 0.29002210537713474 0.4259719814341746 0.5218723949390548 0.7599791733960889 0.950858166222686 1.0205113063180877 1.3769037884118471
31 279 0.6397168350876924 1.4655387737314018 0.390233787851571 0.390233787851571 0.42610460794546207 0.6457871701643519 0.7102047688858483 0.9842842334112776 1.1919024887935603 1.4655387737314018
37 333 0.2873784844556642 1.4366681723236827 0.258403243448718 0.258403243448718 0.40247437799869007 0.5927562402622321 0.7089855335514268 0.9457935573509787 1.0213964595527263 1.4366681723236827
34 306 0.48796965359472605 1.410581295244893 0.3531871612290179 0.3531871612290179 0.4261660297680276 0.6209291921602013 0.7483505630925804 0.8820641995067741 1.1413275496526354 1.410581295244893
33 297 0.3300935905829538 1.1430703724428253 0.3342759291741936 0.3342759291741936 0.3904417433559798 0.7228854681475436 0.8391647709187742 0.8974300550660111 0.9540234008320109 1.1430703724428253
37 333 0.2789735172662524 1.3774044944174904 0.2963170327390063 0.2963170327390063 0.37592460799820177 0.5178115633697667 0.789881333599212 0.9280943778630485 1.0258161828374985 1.3774044944174904
32 288 0.42112433795198556 1.2171194400312118 0.3370587427491379 0.3370587427491379 0.40385372685113036 0.6860532712991607 0.8402144917247386 0.9142524269601198 0.9425209394573404 1.2171194400312118
32 288 0.7286720007917163 1.4803566007960354 0.37875602247348267 0.37875602247348267 0.43026310271599694 0.6206117648383628 0.6892247462747493 1.0309012930323853 1.190927940990436 1.4803566007960354
38 342 0.2591811752715187 1.522619173680397 0.24282040860331033 0.24282040860331033 0.4027756411274944 0.5971801487726005 0.6843519333288788 0.904071107448019 1.0112752231121502 1.522619173680397
35 315 0.4956268169933331 1.3876148002590647 0.3381303952208173 0.3381303952208173 0.420331570204336 0.6214215932381943 0.7726006482489922 0.8930046404279126 1.1031517059570417 1.3876148002590647
38 342 0.2531907085479079 1.3920503531363098 0.2818011777544973 0.2818011777544973 0.3745803902265244 0.5130530868993566 0.7796206755578736 0.8896519158674855 1.0317654849290139 1.3920503531363098
34 306 0.31562955974409274 1.1579177546414243 0.30925849705796715 0.30925849705796715 0.37447214649165245 0.7039716699073978 0.8292950880780053 0.8920934744919458 0.9632172472059849 1.1579177546414243
39 351 0.2584279250252959 1.4922771049815309 0.2258211613931412 0.2258211613931412 0.3960315311854356 0.6280513113240638 0.6735802585155788 0.9100858382881166 0.9524315432915662 1.4922771049815309
33 297 0.42975994852022953 1.3523760516060752 0.3346312749513781 0.3346312749513781 0.3899910876655476 0.6712199098377234 0.8391859117980556 0.9192900588999511 0.9230568624963318 1.3523760516060752
36 324 0.4605390331109082 1.3631120885650623 0.3348661784082363 0.3348661784082363 0.3962352474544481 0.6274397225214015 0.7771726507056377 0.9098466348223868 1.1115271036293328 1.3631120885650623
33 297 0.8237247626497287 1.574165467599316 0.37703857500116306 0.37703857500116306 0.43040176300184 0.6278529474897983 0.6670614875951726 1.024120640444072 1.2018071630761242 1.574165467599316
39 351 0.2246535315112711 1.4564876270587308 0.27462136591277225 0.27462136591277225 0.3606431854920657 0.4738502226989326 0.7608402661281497 0.8843508757504426 1.0204425166388271 1.4564876270587308
40 360 0.22049067736738992 1.5488609288362396 0.20052493670355007 0.20052493670355007 0.42225982910984916 0.6250860419608121 0.651987243593554 0.8894605107935406 0.9673988789921429 1.5488609288362396
35 315 0.3035775574204661 1.1643208079544753 0.2921456297729542 0.2921456297729542 0.3656441382880814 0.7129069099929963 0.83939671562609 0.877030636912245 0.957400095001187 1.1643208079544753
34 306 0.39591264560930717 1.4381889793494163 0.3121556342071137 0.3121556342071137 0.36594535113031945 0.6533730831711168 0.8218729885980227 0.922526503018202 0.9678818818286596 1.4381889793494163
37 333 0.4130171145442703 1.3441002348531725 0.3373658226848785 0.3373658226848785 0.3848633512081033 0.6312752216030469 0.7355027523103556 0.9222022877562583 1.0942526192321727 1.3441002348531725
40 360 0.2110846728247452 1.4504114428368249 0.24491286361689163 0.24491286361689163 0.3528296024336324 0.4711830689607225 0.7381415332317656 0.8742395616723935 1.0617397216379052 1.4504114428368249
34 306 0.7868143554106009 1.6378777539791642 0.35976667244922955 0.35976667244922955 0.42604845735098634 0.6261709358968139 0.6531464463888615 1.0143153016139619 1.2655149669447812 1.6378777539791642
41 369 0.21439430108551613 1.541289340661909 0.19327793667993115 0.19327793667993115 0.4240761152021129 0.6029596040038108 0.642197688666644 0.86674893727281 0.9823796105770086 1.541289340661909
38 342 0.3809534787490783 1.338447951649198 0.32352777914829867 0.32352777914829867 0.3873589222836492 0.5936242106841312 0.7470433585270144 0.9072966890161629 1.054847728243181 1.338447951649198
36 324 0.2851956411617477 1.153730441625077 0.2963862771525387 0.2963862771525387 0.3677752292419603 0.6769691919848599 0.8015776816274072 0.8929612597399984 0.9509071621363385 1.153730441625077
41 369 0.19967626432720187 1.4350801591562279 0.23581308896655648 0.23581308896655648 0.34546112683020863 0.4528824901761526 0.7340851350625192 0.8728233332752487 1.1003167493460242 1.4350801591562279
35 315 0.3806677935890129 1.447345109735844 0.2911010532189627 0.2911010532189627 0.33983143454730524 0.6589257613773544 0.8097451592275783 0.9241080423299586 0.958287574468132 1.447345109735844
42 378 0.2160541635575967 1.5550094953439353 0.18496518422770614 0.18496518422770614 0.4228042612796761 0.5928838606208687 0.6348294135559489 0.8199339091932807 1.0357616407645969 1.5550094953439353
39 351 0.33823142543960233 1.3299960083640041 0.2993691791202612 0.2993691791202612 0.38108624980082384 0.6191220043029042 0.7296905141017789 0.9206456434271051 1.0130337185267442 1.3299960083640041
42 378 0.18630267086525198 1.4049146018770524 0.22520067507368285 0.22520067507368285 0.33819340344750665 0.44956072527315594 0.7536769239384531 0.8356797474782053 1.1733580129225953 1.4049146018770524
37 333 0.2558813216286098 1.13722852851896 0.29385810560794134 0.29385810560794134 0.33851998053545346 0.6716026572101693 0.8149761791390024 0.8946518780684736 0.9659789352564704 1.13722852851896
35 315 0.7676356416996063 1.629590107581819 0.33913297304048423 0.33913297304048423 0.40515325422516846 0.6284038164566342 0.6480072130750592 1.0116450205717604 1.2520520103350263 1.629590107581819
43 387 0.2078744443674652 1.538910987999216 0.17932069190335212 0.17932069190335212 0.4163249078391629 0.5927141782733062 0.6337516403672054 0.7692898174323701 1.0555689761725142 1.538910987999216
36 324 0.3715123815046524 1.4177090519268754 0.28277205989617477 0.28277205989617477 0.3269773663888907 0.6576771340703587 0.7941645463614675 0.9394621777063338 0.9671660901753074 1.4177090519268754
40 360 0.32080249185453624 1.3255009593896252 0.27574269503412524 0.27574269503412524 0.3569663940033945 0.6247151605607283 0.7199291238455475 0.9199733378639763 1.0423427902366404 1.3255009593896252
43 387 0.1638674800208563 1.4003491833045119 0.21586928691339857 0.21586928691339857 0.3185605619848913 0.4453779067490506 0.7484924234982758 0.7979440912574631 1.2057206902421531 1.4003491833045119
44 396 0.18304135842877836 1.5438074032538425 0.1727825848724174 0.1727825848724174 0.4100636216686012 0.5674263884964349 0.6373397022289055 0.7337930957454942 1.1246666323671706 1.5438074032538425
38 342 0.23536604527525654 1.132422870853717 0.2747088676031276 0.2747088676031276 0.3361938702828822 0.6788022783378261 0.7879393603507439 0.8679518798207738 0.9595525980769636 1.132422870853717
36 324 0.6914041076418562 1.6930874845513708 0.3253527774293532 0.3253527774293532 0.3995091871238809 0.6202065862653433 0.6474553814323725 1.0321082764481673 1.2571923194196675 1.6930874845513708
37 333 0.35180568167728776 1.4446758456511821 0.2768843807438748 0.2768843807438748 0.2997536697217746 0.6578589828603233 0.7778447368029624 0.947362277964943 0.968127072302247 1.4446758456511821
44 396 0.14261859340552246 1.4043862568894756 0.21127945529271697 0.21127945529271697 0.31062441769876936 0.4512464878402221 0.732687654821643 0.7793120670719982 1.173980599400872 1.4043862568894756
41 369 0.30582369961275385 1.3532478588005177 0.2686747996402493 0.2686747996402493 0.3659886172614863 0.6051558241781955 0.6820412775952147 0.8989234741573416 1.0569141109364564 1.3532478588005177
45 405 0.17567987891522305 1.538002307212821 0.16902526136688525 0.16902526136688525 0.4014601697720872 0.5636969784189778 0.6425908771215105 0.6637113609738636 1.1354584717351954 1.538002307212821
39 351 0.22423940548391189 1.141241023767531 0.26090468462927424 0.26090468462927424 0.32485220714205865 0.6535145240187814 0.8034268601501474 0.8660545613983285 0.940644109584042 1.141241023767531
37 333 0.627734290624034 1.6646118474122276 0.3262428025117575 0.3262428025117575 0.3655163824121722 0.616584300060559 0.6456790893095837 1.0332081073786836 1.238156614778823 1.6646118474122276
45 405 0.12364987205282274 1.4220760884983086 0.20315011321516319 0.20315011321516319 0.29497613719548543 0.43986779673897186 0.715701944169838 0.7454271258059328 1.1892872507077166 1.4220760884983086
42 378 0.289730881264865 1.347576617160935 0.2580549401289016 0.2580549401289016 0.35934013240388973 0.5944851169044352 0.6984184717842963 0.8642902734933603 1.0554726798746559 1.347576617160935
46 414 0.162820162580364 1.5451882339038387 0.1576551144033194 0.1576551144033194 0.4051241261791169 0.5866292989083282 0.6454250064086754 0.6705043890454588 1.1153908572071076 1.5451882339038387
38 342 0.33693276615195883 1.4483262333052895 0.2559381312649882 0.2559381312649882 0.3022734935622108 0.6771088518694942 0.7476871596312249 0.9350253806742949 0.9625272680952938 1.4483262333052895
46 414 0.12027141457326368 1.3868047884105377 0.19944359117796737 0.19944359117796737 0.288761670353216 0.42526192523821993 0.7079439772257132 0.7305661946832731 1.1955558805285107 1.3868047884105377
40 360 0.2265739851048561 1.1476002657950428 0.22652946858078848 0.22652946858078848 0.3261925532489255 0.6624639375672126 0.7888048091473489 0.8612590734304705 0.964418755583345 1.1476002657950428
43 387 0.2561847990745449 1.3294205141264948 0.24883214141046686 0.24883214141046686 0.3400714796448332 0.5933929103194957 0.7019521288631208 0.8270811190160098 1.0523032679913786 1.3294205141264948
38 342 0.5407202445259114 1.6735094426763693 0.314019875620093 0.314019875620093 0.3561175104662211 0.6160893044721905 0.6270040126529233 1.0042507800569636 1.2453300211558087 1.6735094426763693
47 423 0.15313230795713373 1.5429838806982892 0.15451228230967315 0.15451228230967315 0.3990698270891296 0.591721116844856 0.5975314650645209 0.6761071283001595 1.1190591578973834 1.5429838806982892
47 423 0.11708969241202771 1.4042485882853677 0.19236255939549748 0.19236255939549748 0.28903250789419216 0.40721926137309045 0.7163437343500596 0.7314088023525251 1.2092994155720176 1.4042485882853677
39 351 0.3056323544420929 1.4732481531200814 0.23906750380970926 0.23906750380970926 0.2895036814544245 0.6649507155071952 0.7734149233711994 0.9255802183572848 0.9434760797200238 1.4732481531200814
44 396 0.25210011384883 1.3641596099614552 0.23989561189547837 0.23989561189547837 0.3359477553443144 0.5705645812342343 0.7060481272733194 0.8014623461861856 1.051678507334115 1.3641596099614552
48 432 0.14459673728494826 1.454294980392216 0.15962817657086456 0.15962817657086456 0.394058616622172 0.5561758417210557 0.6002683261993015 0.6785461316578009 1.1459540696417228 1.454294980392216
39 351 0.5144522644233371 1.6803329431367027 0.2924156605862769 0.2924156605862769 0.34004948171999844 0.6140000285840311 0.6379891185520485 1.0025052466373165 1.1933752200569074 1.6803329431367027
41 369 0.23910520096350585 1.139407549435871 0.2160505004007204 0.2160505004007204 0.3240082188585998 0.6247497329415688 0.8006054086827579 0.9099447617095258 0.9881134180269481 1.139407549435871
48 432 0.12332517473167319 1.3953209691502084 0.1842989771921016 0.1842989771921016 0.28961233637228256 0.3643151750637679 0.709474721199906 0.7500003874735042 1.2316049597116656 1.3953209691502084
49 441 0.13850425475167086 1.4206770387323386 0.15900119551595593 0.15900119551595593 0.3812270063870538 0.538302840266766 0.5894511952196831 0.6663677090384706 1.169626134332595 1.4206770387323386
45 405 0.23539932766472016 1.3911766691290848 0.2298516972221325 0.2298516972221325 0.34654384782158715 0.5739604100011186 0.692256691096457 0.7750768090920253 1.035333304581141 1.3911766691290848
40 360 0.4976605185316395 1.7186423357411833 0.2556185966928595 0.2556185966928595 0.3549947581367614 0.603514791988388 0.623947055808999 0.996552435824386 1.1920925594425777 1.7186423357411833
40 360 0.30449693441530007 1.4866786496507907 0.215802780991239 0.215802780991239 0.27888220627017984 0.6658626316571561 0.7661020412351717 0.9104405782265925 0.9678853418763765 1.4866786496507907
42 378 0.2289417690461565 1.165932146163636 0.21058742761728713 0.21058742761728713 0.3138205023272953 0.6220752731718969 0.7846847738477205 0.8979125986336325 1.0108460637590602 1.165932146163636
49 441 0.12659508067663164 1.5293838500567971 0.18524771690722458 0.18524771690722458 0.27778381776292443 0.377487297373203 0.7120535346058599 0.7410752504585326 1.1521049621708401 1.5293838500567971
50 450 0.1444605076744148 1.4199041512956447 0.14288747011228678 0.14288747011228678 0.3793059229355359 0.5198867757067391 0.5890039075748039 0.6857435371659282 1.162762545351887 1.4199041512956447
46 414 0.2128587608645549 1.3859574678237798 0.23038077194829598 0.23038077194829598 0.34415459107484253 0.5731792462266715 0.6922050035251216 0.7729735266127613 0.9815818698803619 1.3859574678237798
41 369 0.4837140673817976 1.7008686900919798 0.24262069366428546 0.24262069366428546 0.3512087926596871 0.5769405537311122 0.6318201341926816 1.0284526095302409 1.2055814731882062 1.7008686900919798
50 450 0.11817059601652972 1.7352083678272354 0.17145468942129288 0.17145468942129288 0.27299801191932377 0.37896746983288476 0.7011477282764698 0.7214513049643148 1.1440425239016772 1.7352083678272354
43 387 0.231644165059398 1.1887537324540929 0.20157107577396852 0.20157107577396852 0.29792723798225557 0.6144685272240158 0.7817868792265662 0.8428371611345895 1.0074656461636733 1.1887537324540929
51 459 0.14064358394097698 1.4092173467205515 0.14040954696769925 0.14040954696769925 0.3817753340526193 0.5153139313431047 0.5564483599298591 0.6796703411014919 1.2489491359041134 1.4092173467205515
47 423 0.20029971826179563 1.3263589188734954 0.23314648703143423 0.23314648703143423 0.34454407487797495 0.5346827697499481 0.7056143598482572 0.772082543548527 0.9834828058601695 1.3263589188734954
41 369 0.2746317234590825 1.4644593252842286 0.20582660946693293 0.20582660946693293 0.2675667099141774 0.6418988573858351 0.7868829630208608 0.936896215156448 1.0172524882696878 1.4644593252842286
42 378 0.47291465718506825 1.637931045667333 0.23540296916219539 0.23540296916219539 0.34224827028945953 0.578862608686491 0.6447232055327381 1.0227287434767867 1.23995666753568 1.637931045667333
51 459 0.11156793134334198 1.7324155481313708 0.1701332724752379 0.1701332724752379 0.26689693920860963 0.3813768354718539 0.6852470924035031 0.7238492753342959 1.0762008984093607 1.7324155481313708
52 468 0.15671564051496692 1.4050168063099173 0.13737214026778188 0.13737214026778188 0.3626716896491949 0.4866389339027769 0.5527660747706612 0.7012200376423728 1.2420995535522066 1.4050168063099173
48 432 0.1771165192829076 1.327233479750535 0.233480831095539 0.233480831095539 0.3395302232341938 0.4979516686053085 0.7054276515658781 0.7565783646063415 0.9576800791213381 1.327233479750535
44 396 0.2238173459227275 1.2036372563628657 0.18614347487555855 0.18614347487555855 0.2990421727819239 0.5989621849199211 0.7819718705425721 0.8349604090823339 1.1059432718940254 1.2036372563628657
52 468 0.117540687341484 1.7308348418798363 0.1629413132044279 0.1629413132044279 0.2758805779369802 0.3725217185840998 0.6765517307967479 0.7073960386632282 1.0518484982429872 1.7308348418798363
42 378 0.2714938769686659 1.3896900968527977 0.20145008790659097 0.20145008790659097 0.25707486998194184 0.6468968167531186 0.7888457834224586 0.9445948857721758 1.0002055608827698 1.3896900968527977
43 387 0.4801309814408553 1.6387835930074925 0.22552876999837443 0.22552876999837443 0.32280129979756833 0.5733373149520958 0.6466484447397641 0.9781011457386083 1.278460494171003 1.6387835930074925
53 477 0.1387967903404547 1.3905005134704078 0.13905896166382248 0.13905896166382248 0.3373226547057383 0.4725651458807487 0.5528761539266621 0.7603144183513014 1.27424758346675 1.3905005134704078
49 441 0.1586034388670127 1.294430756571394 0.2333483589679448 0.2333483589679448 0.3385641461209173 0.4773090434085872 0.672336618846916 0.7476255575638384 0.9318241077625269 1.294430756571394
45 405 0.23124833277716325 1.2326612809846391 0.17746661925939494 0.17746661925939494 0.2941269871861868 0.5768098658323235 0.7622724009950211 0.8205770179266699 1.0978499209889192 1.2326612809846391
53 477 0.11207789658331209 1.6985353382232853 0.16283003629774612 0.16283003629774612 0.2775576968567536 0.34718616892536924 0.6766710938306694 0.7114546116604777 1.1033722107007122 1.6985353382232853
54 486 0.13204086896801448 1.4037650073659051 0.13644976277945906 0.13644976277945906 0.3366699935350551 0.43505962664538894 0.5527682363116617 0.7719027929076799 1.2627238906890732 1.4037650073659051
44 396 0.4578466146405282 1.629708921871399 0.22154098448735982 0.22154098448735982 0.32854304598588746 0.5457752214222754 0.7022138529142338 0.9374627912537442 1.233406037700298 1.629708921871399
50 450 0.14777286253006186 1.2235477635670804 0.21999282838824039 0.21999282838824039 0.33351485588797386 0.47220095351392544 0.6570325090674803 0.7846018087031635 0.9180153059047605 1.2235477635670804
43 387 0.24671091304911721 1.3912166156417798 0.19770747672026506 0.19770747672026506 0.2525559105759527 0.6371245183168628 0.7633122628281921 0.9382754928225773 0.9924892011129673 1.3912166156417798
54 486 0.11276265723870067 1.671466391771837 0.15956158174587273 0.15956158174587273 0.2674067952014092 0.34655760352160553 0.6547017575016747 0.693569466748061 1.1327330969872627 1.671466391771837
46 414 0.23243251278718502 1.2535221820162685 0.16679855455920453 0.16679855455920453 0.29309735334117454 0.6023928148746669 0.779410388360607 0.8293377920898621 1.0915101474470552 1.2535221820162685
55 495 0.13177274160190566 1.3849885346570878 0.1347495375511592 0.1347495375511592 0.3300872702306566 0.4276936585449224 0.5247896134620345 0.7829444838828955 1.2712620948425248 1.3849885346570878
45 405 0.4641934018441633 1.592825475380387 0.21861820122606396 0.21861820122606396 0.3147547858744557 0.5363979255854104 0.699610910798157 0.9034252931350714 1.2601614072299374 1.592825475380387
51 459 0.1356222011236628 1.2061010871510627 0.21723714696736038 0.21723714696736038 0.3251138212171877 0.457140963082481 0.6424055253959315 0.7647030076048644 0.9404524001612924 1.2061010871510627
55 495 0.1042143758464755 1.6859181260958407 0.16274496591055085 0.16274496591055085 0.26403908681761146 0.3385223167874716 0.6270967304791185 0.68301645299067 1.1876543834789737 1.6859181260958407
44 396 0.22143775854254272 1.3732366889452408 0.19175264343429874 0.19175264343429874 0.25391395439176195 0.6174308298845952 0.7435979761726345 0.9418818615125075 1.0012469066896612 1.3732366889452408
56 504 0.11808283672930846 1.42418668635583 0.13371383121215863 0.13371383121215863 0.3239010671770152 0.40710159756620784 0.5027657477769014 0.7704691253185217 1.3268647490162724 1.42418668635583
47 423 0.22458694222271777 1.2450790607015805 0.16130764997566321 0.16130764997566321 0.28826877397588735 0.5636523013283072 0.8000519791141502 0.8569045234399822 1.1083780524885243 1.2450790607015805
52 468 0.12477768569195383 1.1987880450860702 0.2105284783743285 0.2105284783743285 0.3186066562112945 0.4410802548390852 0.6401007351477304 0.7393097722853577 0.9313303092484575 1.1987880450860702
56 504 0.10680435074802445 1.6518631640472838 0.1557014023588608 0.1557014023588608 0.26215671389235146 0.3365727673841267 0.6419058697470066 0.6650220591930734 1.1745672331314796 1.6518631640472838
46 414 0.41660098144212876 1.6867960967039755 0.20197685457561917 0.20197685457561917 0.3140401359416525 0.5262604097629412 0.7030234643677304 0.889627204784863 1.2512332684195562 1.6867960967039755
57 513 0.11219041674318482 1.3843089635812298 0.12625765620750443 0.12625765620750443 0.32703629785427024 0.39819980418024276 0.5060298369625769 0.7765470230538795 1.2990371491512749 1.3843089635812298
53 477 0.11669719129895889 1.218148290781508 0.20299784079821392 0.20299784079821392 0.3201676137702631 0.43536611621719085 0.6254188498066003 0.7485233948079502 0.8871929157892924 1.218148290781508
57 513 0.10189404723328938 1.624538335049693 0.14803274223550783 0.14803274223550783 0.265227808758613 0.320846486509958 0.6391453633892151 0.7104832940260631 1.177271492358293 1.624538335049693
45 405 0.2047077479425262 1.3973646291899926 0.18424164772733978 0.18424164772733978 0.24259591529779356 0.5987101741477275 0.7509187646818877 0.8683255849361244 1.032985960484692 1.3973646291899926
48 432 0.2022596773560881 1.2193926209138275 0.15140037538609127 0.15140037538609127 0.2871476682748069 0.5302223536722037 0.7946468728425703 0.9003878550929092 1.083723785537602 1.2193926209138275
47 423 0.3975950926717108 1.6285279633785033 0.1995195857684681 0.1995195857684681 0.3107154530840484 0.5099109464132111 0.7111494654621011 0.8702851744156023 1.245795176572184 1.6285279633785033
58 522 0.10868610276302167 1.3474231642765446 0.12498457283379291 0.12498457283379291 0.32293063143843614 0.37231685382798885 0.5416237071831993 0.779824241587413 1.2443805141694513 1.3474231642765446
54 486 0.11048916307368509 1.1844517934906995 0.19873724044795027 0.19873724044795027 0.30226858719865735 0.4269141979155897 0.6315102654055003 0.7609793705856399 0.8925639075779161 1.1844517934906995
58 522 0.09431136969215381 1.587066569850191 0.14646417438339981 0.14646417438339981 0.2653638696422533 0.32003616129435947 0.6245898960303271 0.7018790190872396 1.1663031244682718 1.587066569850191
49 441 0.18060107426819047 1.1813406303481346 0.14875232413660144 0.14875232413660144 0.2804491739373888 0.527429117679418 0.8127856990486478 0.9088313897456898 1.0605340949357633 1.1813406303481346
59 531 0.11276075970920298 1.377556789838243 0.12194382574231531 0.12194382574231531 0.313322404074879 0.3480786687539382 0.5585506960018392 0.7779168654726081 1.1788660138183658 1.377556789838243
46 414 0.1906009699371963 1.3669384394896285 0.17147316836938453 0.17147316836938453 0.25052018467626647 0.6218663006687681 0.752929634588839 0.8408254367787424 1.0391246729077994 1.3669384394896285
48 432 0.35755966666306027 1.5314511382323435 0.20021596131040142 0.20021596131040142 0.30399395704299337 0.4953750688618973 0.7089397158474283 0.8740850719707269 1.3169768208889772 1.5314511382323435
59 531 0.07784050957283216 1.6185968916182543 0.13403557800832028 0.13403557800832028 0.2654038862033573 0.3172937686450218 0.6152159446168304 0.6895848304067698 1.1374479081650217 1.6185968916182543
55 495 0.09806699193684704 1.1653172271815246 0.1968541341023718 0.1968541341023718 0.30359473288602606 0.403953586950067 0.6368771042276368 0.758878193054871 0.9078642206385988 1.1653172271815246
60 540 0.11402992805494941 1.3960792378527282 0.11952886254082866 0.11952886254082866 0.3098210587703494 0.34580674702775016 0.5323051750679041 0.7695791889080417 1.193228020488247 1.3960792378527282
50 450 0.1494679510930454 1.2096342617272908 0.14051475062175678 0.14051475062175678 0.2708890851350329 0.5238836918219681 0.8128072918035767 0.9030618182511002 1.0203517695413036 1.2096342617272908
60 540 0.07271615403940455 1.5518574409077535 0.13068814206967225 0.13068814206967225 0.2620330126068831 0.3147914751169647 0.5800493152149525 0.6766952270630817 1.1262229946685292 1.5518574409077535
49 441 0.36538676491433647 1.4722028324865148 0.20106871023655873 0.20106871023655873 0.29352725263835444 0.4915270262424421 0.6706301758589016 0.8831918202592659 1.3126020820611377 1.4722028324865148
56 504 0.10480806767878219 1.1932814535231662 0.19398938566301493 0.19398938566301493 0.2991494117260509 0.3841927156300683 0.612641901113326 0.7375029234265877 0.9418981165064054 1.1932814535231662
47 423 0.1711584301405871 1.3457918755702594 0.16916279505337836 0.16916279505337836 0.25511305381670135 0.6003366799660961 0.7126667320981408 0.838156069739769 1.0700365747042637 1.3457918755702594
61 549 0.11743875163694607 1.3681630345080156 0.1193524617361347 0.1193524617361347 0.3061912916192251 0.3436469784982829 0.5273818878788583 0.8030767485299911 1.1838522192313918 1.3681630345080156
61 549 0.0763389698108644 1.4952709915318363 0.12895957640114783 0.12895957640114783 0.2631653080673652 0.30769825215164126 0.5537513168875614 0.6942542344197822 1.1487254521703525 1.4952709915318363
50 450 0.32307761219215 1.5556344342611068 0.19489418673017092 0.19489418673017092 0.2984173086894941 0.47520643731912277 0.6706801820409577 0.8646608175777883 1.2946405276895123 1.5556344342611068
51 459 0.14322995508702235 1.1825876867025733 0.1365871453476724 0.1365871453476724 0.259814455237205 0.5187937764735927 0.8119363606605998 0.8804966712976887 1.0144661475190535 1.1825876867025733
57 513 0.09609891536486044 1.1771315638287383 0.19056898700903369 0.19056898700903369 0.30488576358220865 0.395361117089125 0.5884474219539216 0.7133578616133148 0.9927337771348536 1.1771315638287383
62 558 0.11697176931013338 1.4877197758791787 0.11557101468616453 0.11557101468616453 0.2946227778891954 0.3465507925723119 0.5192185696482987 0.7872822515454916 1.1822286075662665 1.4877197758791787
62 558 0.09092928425034826 1.5720169576568719 0.12699735535475448 0.12699735535475448 0.2612653483073425 0.3047267234716848 0.5432583898237293 0.6836275636211908 1.1387597568566794 1.5720169576568719
48 432 0.16617131822498735 1.3598689070263794 0.16496244823466352 0.16496244823466352 0.24944931850165872 0.5522090733015327 0.7150832234333944 0.8327440678726165 1.041148477372923 1.3598689070263794
58 522 0.08299881152262056 1.1463066191406872 0.1840512456221904 0.1840512456221904 0.30093871013560985 0.3890830537057643 0.6004030868548006 0.7100343783051639 0.9907256795591463 1.1463066191406872
51 459 0.3048117176757161 1.5262373690908893 0.19023062483177858 0.19023062483177858 0.28692793646368075 0.47326475572116683 0.6637591044867157 0.8576043579405594 1.2803656915513688 1.5262373690908893
52 468 0.1429346044529525 1.1784749885238195 0.13278382840311662 0.13278382840311662 0.2664154946364287 0.4818578460622343 0.809681878198563 0.8587833985221743 1.0310887321826796 1.1784749885238195
63 567 0.11574128253876327 1.4539715837624811 0.10711619454550449 0.10711619454550449 0.29975213397628797 0.3420955019744587 0.5250147379178581 0.7974153472763722 1.189661305125507 1.4539715837624811
63 567 0.08965512720380735 1.6175046567675213 0.11693817721157784 0.11693817721157784 0.27389038961914164 0.30488157238429525 0.5546578569473244 0.6826649887319497 1.12242356047069 1.6175046567675213
59 531 0.072958675394759 1.1370475318953253 0.16892063400858465 0.16892063400858465 0.29750305133144755 0.37532326731345894 0.5956424373446664 0.7141977187782195 0.9775138083211163 1.1370475318953253
52 468 0.29109085973360516 1.5271734690067302 0.18760170909516888 0.18760170909516888 0.2887438191101982 0.45417659685489814 0.6551809251709895 0.8461987063624637 1.2445052825399623 1.5271734690067302
49 441 0.14869783051784227 1.313257734902197 0.16378562535179295 0.16378562535179295 0.23908453359604656 0.534333641215183 0.7055013239181401 0.823054964305263 1.1219844920347632 1.313257734902197
64 576 0.11409476825039305 1.4549514595483093 0.10811537489295223 0.10811537489295223 0.2922911162702548 0.33015226063185016 0.519146609333257 0.7968174763894029 1.2066712124853596 1.4549514595483093
53 477 0.14593236217430275 1.2034479161032579 0.12882516968410523 0.12882516968410523 0.26062532796284427 0.4729099096131399 0.7987698541061644 0.863973539512991 0.997651225370068 1.2034479161032579
64 576 0.08459164191050014 1.637560439523053 0.11110648974750666 0.11110648974750666 0.28396611258569776 0.30727740294002337 0.5202382711437245 0.67317384494055 1.1154053037344882 1.637560439523053
60 540 0.07668563135979538 1.1500991896911654 0.16140681690237868 0.16140681690237868 0.29384599028190117 0.3744110796531626 0.5529706759413172 0.6994466866685016 0.9757047748732172 1.1500991896911654
65 585 0.1122715958124236 1.4404860642607444 0.09879656438306048 0.09879656438306048 0.29133397099083863 0.3341491869830879 0.5139053911675819 0.7691523945936027 1.2510123557477992 1.4404860642607444
53 477 0.26441241935179094 1.5062780489929823 0.18472247670844724 0.18472247670844724 0.2786177115460194 0.44594151368999296 0.6496000727817668 0.8606374940425467 1.1999020300796053 1.5062780489929823
65 585 0.0788503964442146 1.6357509792074034 0.10529023830602892 0.10529023830602892 0.27968533000344936 0.2936724269822028 0.5096815431665392 0.6590341177626489 1.1594673600764285 1.6357509792074034
54 486 0.15362524781522074 1.2407827861187393 0.12662397854688784 0.12662397854688784 0.25195131365638285 0.4492043545928054 0.7826562394791312 0.8673547008581356 1.068201184471143 1.2407827861187393
50 450 0.14210732385760932 1.3420259048605319 0.15528719456106535 0.15528719456106535 0.23201145349465271 0.5357862815209509 0.7016175560998393 0.8112881230866221 1.1099500468158718 1.3420259048605319
61 549 0.08099970584170595 1.1661736177281157 0.1557757007586373 0.1557757007586373 0.2891887304634816 0.3696180757068744 0.5304509599228081 0.707468529841945 1.056905183321757 1.1661736177281157
66 594 0.11266567097906592 1.4697406865963174 0.09060058378898857 0.09060058378898857 0.29062286618532235 0.33266573309324965 0.5045901675519251 0.7678932557483519 1.245470414688224 1.4697406865963174
66 594 0.07785755326479397 1.6815357195783416 0.10013141768555171 0.10013141768555171 0.2692889059512511 0.2939996478013682 0.48380775714918245 0.656006031813491 1.15043961421618 1.6815357195783416
54 486 0.2778163328598971 1.4893779643696181 0.1819531633784609 0.1819531633784609 0.2653718266636901 0.44788910391916004 0.6464959054185468 0.8610420302160867 1.168293647033895 1.4893779643696181
55 495 0.1666408129781668 1.244544010608705 0.1298791911222149 0.1298791911222149 0.25566595524079655 0.4247424900935788 0.7765454789128605 0.8386246988764933 1.1161951907193661 1.244544010608705
62 558 0.08020328750172771 1.2344885186243877 0.1503940494405181 0.1503940494405181 0.2840443545203842 0.3558706662672992 0.5557660206224524 0.6860827998033773 1.0444227693350696 1.2344885186243877
67 603 0.1101665831594027 1.451252848912502 0.08799085665629272 0.08799085665629272 0.29075902612200877 0.34415443473684804 0.49518991243204963 0.7619905934528193 1.2265916704502355 1.451252848912502
67 603 0.1101665831594027 1.451252848912502 0.08799085665629272 0.08799085665629272 0.29075902612200877 0.34415443473684804 0.49518991243204963 0.7619905934528193 1.2265916704502355 1.451252848912502
51 459 0.12321098961094787 1.3264218857397625 0.15185203784392762 0.15185203784392762 0.22868395759019505 0.5270039952377381 0.6860418482550524 0.8088761126491757 1.1303417482991513 1.3264218857397625
67 603 0.0740656267684246 1.6654673258872346 0.10209999139990215 0.10209999139990215 0.2693703022669231 0.28583796581845267 0.46107329945628045 0.6444387432323753 1.1723244619699973 1.6654673258872346
67 603 0.0740656267684246 1.6654673258872346 0.10209999139990215 0.10209999139990215 0.2693703022669231 0.28583796581845267 0.46107329945628045 0.6444387432323753 1.1723244619699973 1.6654673258872346
55 495 0.26184062723127344 1.5649462392791953 0.18096334335965847 0.18096334335965847 0.2635848108330448 0.4458126977150314 0.6824363526802534 0.8395551915785013 1.1485302584681902 1.5649462392791953
56 504 0.18482869894360873 1.2464680328467717 0.12462368907462273 0.12462368907462273 0.25430932732265704 0.42093349805158736 0.7993704589819192 0.8382909724376469 1.1550179706554382 1.2464680328467717
63 567 0.07400346432876696 1.2282514070661217 0.1392193412195444 0.1392193412195444 0.30583318770960516 0.34967802822997757 0.5604629419970214 0.6971603759243601 1.0231866781791767 1.2282514070661217
56 504 0.22284933100538992 1.5135555002266108 0.17847876340309546 0.17847876340309546 0.25861046167212237 0.4360929384450892 0.6545380787296312 0.8400184982349641 1.1570183792471402 1.5135555002266108
52 468 0.11470541030347535 1.3169572281580246 0.14910868643405026 0.14910868643405026 0.21777772298950135 0.49317685072368617 0.6814557980321655 0.8128255259234206 1.1325821873854212 1.3169572281580246
64 576 0.06829147207323197 1.219149256354534 0.13183196855196527 0.13183196855196527 0.31858894621373224 0.34913903597705015 0.5230574995864632 0.6943150848588918 1.0361545222411068 1.219149256354534
57 513 0.19591115858116478 1.3236431995846383 0.12165132701517778 0.12165132701517778 0.2552182404135349 0.4211985424238949 0.7930688895254944 0.8304444288746613 1.1241501018560474 1.3236431995846383
57 513 0.20048881023733295 1.4642070388448138 0.17168257027651787 0.17168257027651787 0.2643993822690937 0.4055288592710323 0.6524230297106999 0.8459077453804318 1.1529867071917632 1.4642070388448138
65 585 0.0725100470654145 1.2089880582522854 0.1265590684571767 0.1265590684571767 0.32199657688519534 0.35388583166803433 0.5056603709079655 0.6611133271481027 1.0250048840185726 1.2089880582522854
53 477 0.0990846064183516 1.4082285015156562 0.14262685380567444 0.14262685380567444 0.22695460065411424 0.48187828607682776 0.6665815911050315 0.7913243618131375 1.091960960112491 1.4082285015156562
58 522 0.20127991715282773 1.3201478427311377 0.11715838263191851 0.11715838263191851 0.24787002396211816 0.41793894965788064 0.7694025622973686 0.87715548102489 1.1199140502821052 1.3201478427311377
58 522 0.17288224566569008 1.441452214312471 0.16779126868578095 0.16779126868578095 0.26917352307314235 0.3902600882090579 0.648468693953718 0.8247065604534574 1.1113757431720002 1.441452214312471
66 594 0.06874142608504853 1.2329971954095462 0.11860529413911222 0.11860529413911222 0.32057888654250594 0.33761877009277264 0.5568234937835309 0.6591833879210979 1.0239696919140326 1.2329971954095462
54 486 0.10285914442701957 1.3866907032028541 0.14032401384376583 0.14032401384376583 0.20905343857081257 0.4745244785846038 0.6583759845482592 0.7906259678876417 1.083938078405592 1.3866907032028541
59 531 0.19351313555619262 1.332607965357652 0.11077348671655235 0.11077348671655235 0.24528352800961384 0.40490014859058143 0.7627660386913334 0.9196948206022694 1.0825705491890714 1.332607965357652
67 603 0.06798408022485844 1.1891615914051366 0.11749600497489734 0.11749600497489734 0.3218990425924171 0.32996353098962333 0.5349969499130574 0.6559868267879434 1.0294395634981148 1.1891615914051366
59 531 0.16051003521806284 1.45586741546211 0.15950619188403192 0.15950619188403192 0.26332723678173564 0.36636972525728106 0.6455954267498751 0.8250008839885217 1.0811123063187327 1.45586741546211
67 603 0.06798408022485844 1.1891615914051366 0.11749600497489734 0.11749600497489734 0.3218990425924171 0.32996353098962333 0.5349969499130574 0.6559868267879434 1.0294395634981148 1.1891615914051366
60 540 0.2195324013172473 1.3048891092532726 0.10830704930434457 0.10830704930434457 0.235505998718346 0.40604558794650153 0.7326992190021471 0.9236646361208796 1.050619382937694 1.3048891092532726
60 540 0.1483619204899453 1.4107959301547557 0.1546819543369579 0.1546819543369579 0.24911318554494008 0.36385644244408893 0.6549257261690604 0.815268990428647 1.0842740008110883 1.4107959301547557
55 495 0.10356630585683908 1.4282945316844955 0.1394378479489214 0.1394378479489214 0.20920116467807628 0.45155222920972177 0.6475335819811897 0.8211317856586481 1.076387916124529 1.4282945316844955
61 549 0.15049400783603123 1.4424801722058391 0.15270820394243534 0.15270820394243534 0.2451423592390031 0.36065816484233 0.6393946773876203 0.7937793842772687 1.0705404527478677 1.4424801722058391
61 549 0.27178802668860524 1.4572101913939843 0.10350775181136739 0.10350775181136739 0.23767154854390588 0.4034137079641448 0.7552191603248158 0.8947763744972796 1.0239578054117142 1.4572101913939843
56 504 0.1003686504176174 1.3517847878137395 0.1343829132842492 0.1343829132842492 0.2100596234975949 0.44522235093284745 0.6732952837831788 0.8232187950782889 1.0659972948597451 1.3517847878137395
62 558 0.14637751411062502 1.401644170611773 0.15063922791977108 0.15063922791977108 0.2519900043549606 0.3577620827725646 0.6364821600475202 0.7819111021014857 1.0735338450829035 1.401644170611773
62 558 0.28590121265610047 1.4880798970611557 0.10257905246955154 0.10257905246955154 0.24366342616630463 0.39559417547458253 0.7939322188332616 0.8862690792977647 1.011354452882582 1.4880798970611557
57 513 0.09917437114839742 1.3144605518960297 0.12772485121713964 0.12772485121713964 0.21016966870297554 0.4338578603619861 0.7056002657637385 0.8058462168489283 1.0637290287056704 1.3144605518960297
63 567 0.14228062123568713 1.3551262173079681 0.13873910647917337 0.13873910647917337 0.2608034758370935 0.3440510999447678 0.6685933366106527 0.7880993836157414 1.0880784144033575 1.3551262173079681
63 567 0.2867901779488763 1.5027976028198715 0.0950933862894631 0.0950933862894631 0.2563956098093072 0.39065224936050863 0.7920854946961474 0.8944611887480414 0.9941814090763296 1.5027976028198715
64 576 0.13520811668057747 1.3971191066066435 0.13076993058317243 0.13076993058317243 0.2570627411318252 0.3445081349740595 0.673637239982599 0.7838360288771143 1.0613581218769288 1.3971191066066435
58 522 0.10498429615351836 1.3199850730709108 0.12374108086979752 0.12374108086979752 0.21025906954020726 0.42352701545945415 0.7298833427541811 0.790544813571424 1.0615063463780539 1.3199850730709108
64 576 0.2789739685852511 1.5136653071988866 0.09130461496049708 0.09130461496049708 0.2496108831187174 0.39428347822827997 0.7755399151346392 0.903809883795513 0.9774416461256239 1.5136653071988866
65 585 0.13189783609038722 1.4245906094172518 0.12443893660276406 0.12443893660276406 0.25440865407664726 0.3435373157312312 0.6678206333897492 0.7977117550422431 0.9922457459862273 1.4245906094172518
65 585 0.2805580350147856 1.5579058602009337 0.08582528791288115 0.08582528791288115 0.2421059572851452 0.3989802366083483 0.7759692005771196 0.9009637155470669 0.9637186629819011 1.5579058602009337
59 531 0.11058674448525939 1.3068284431237962 0.11641864555333657 0.11641864555333657 0.210310970786588 0.41581441839370925 0.7268052276024645 0.8265359700241014 1.0592143778411638 1.3068284431237962
66 594 0.1266850146015551 1.4094565248351165 0.11537523932679172 0.11537523932679172 0.26048343665829315 0.33650869435289393 0.6549077488145683 0.8010861864478505 0.9816840367229526 1.4094565248351165
67 603 0.12926396382443822 1.312753166006636 0.11103504076015235 0.11103504076015235 0.26257809233922524 0.34884990902860374 0.6632701442284467 0.7998040028505546 0.9695451812523072 1.312753166006636
67 603 0.12926396382443822 1.312753166006636 0.11103504076015235 0.11103504076015235 0.26257809233922524 0.34884990902860374 0.6632701442284467 0.7998040028505546 0.9695451812523072 1.312753166006636
66 594 0.23975260960740358 1.6365757195762463 0.08113635638073263 0.08113635638073263 0.24240413852672385 0.40071044635088054 0.7232208918252007 0.8928548262120866 0.9603989695721609 1.6365757195762463
60 540 0.11534217987751377 1.309063380771439 0.11196571404962896 0.11196571404962896 0.20564669130454616 0.4197370540150839 0.6971988561684449 0.8574419312459369 1.025772473317491 1.309063380771439
67 603 0.23338728647872486 1.577707319351491 0.08018477354122151 0.08018477354122151 0.24128898076421812 0.38979485309722045 0.6907750838684795 0.9052630671976811 0.9495468648901608 1.577707319351491
67 603 0.23338728647872486 1.577707319351491 0.08018477354122151 0.08018477354122151 0.24128898076421812 0.38979485309722045 0.6907750838684795 0.9052630671976811 0.9495468648901608 1.577707319351491
61 549 0.11171639661455585 1.224519845912099 0.11050240954843592 0.11050240954843592 0.20336370600202108 0.4213846112058312 0.6782216835582413 0.8566118240994552 1.1201261105940135 1.224519845912099
62 558 0.10651211091021669 1.2727899183999414 0.108847584847155 0.108847584847155 0.20212197227603848 0.4209725908630143 0.6724042910630823 0.8387267737369933 1.0943905735522976 1.2727899183999414
63 567 0.09857266453739114 1.3197377226795235 0.09858088542100862 0.09858088542100862 0.20555866994017824 0.40841029311708843 0.6784900563390407 0.8577998553616214 1.073998264935472 1.3197377226795235
64 576 0.09545521075068465 1.3390844548315604 0.09195763438574682 0.09195763438574682 0.20493360765671795 0.41567267692766646 0.6668639554649749 0.8601014321529912 1.045099598652906 1.3390844548315604
65 585 0.0875184129420481 1.35646260595949 0.0874013994322225 0.0874013994322225 0.20220427500883834 0.41898602445030936 0.6648073857092532 0.8696841989610649 1.0056641895264327 1.35646260595949
66 594 0.0896016602747543 1.3514268758872243 0.08130985318937187 0.08130985318937187 0.20146787473995884 0.4154876766538572 0.6383833277821139 0.8724731107305636 0.9935303837528842 1.3514268758872243
67 603 0.08224084906512255 1.2838662851463016 0.07933568146996757 0.07933568146996757 0.20115181184782585 0.40698087224538004 0.6455290866820997 0.9158153386155267 0.9880472574004462 1.2838662851463016
67 603 0.08224084906512255 1.2838662851463016 0.07933568146996757 0.07933568146996757 0.20115181184782585 0.40698087224538004 0.6455290866820997 0.9158153386155267 0.9880472574004462 1.2838662851463016
