% # columns="iteration, evaluation, min 25%tile 75%tile max correlation, correlation matrix principal axes lengths  (sorted square roots of eigenvalues of correlation matrix)", seed=2567, Fri Aug 28 18:38:59 2026
1 9 -0.08276525193838165 -0.04412656649459379 0.04240203953606353 0.11366156773230116 0.9057391923836091 0.956215815500814 0.9676186653241778 1.0031337521011454 1.0076478053167208 1.0226653163543873 1.1231768225191925
2 18 -0.10595843294576224 -0.06252323209108375 0.06885493570350452 0.16241180671691752 0.9057391923836092 0.9562158155008141 0.9676186653241782 1.0031337521011456 1.007647805316721 1.0226653163543875 1.1231768225191927
2 18 -0.1059584329457617 -0.062523232091084 0.0688549357035046 0.16241180671691657 0.9057391923836091 0.956215815500814 0.9676186653241778 1.0031337521011454 1.0076478053167208 1.0226653163543873 1.1231768225191925
2 18 -0.10595843294576224 -0.06252323209108374 0.06885493570350516 0.16241180671691718 0.9057391923836092 0.9562158155008142 0.967618665324178 1.0031337521011454 1.007647805316721 1.0226653163543873 1.123176822519193
2 18 -0.10595843294576361 -0.06252323209108322 0.06885493570350505 0.16241180671691785 0.9057391923836091 0.9562158155008141 0.9676186653241781 1.0031337521011456 1.007647805316721 1.0226653163543875 1.1231768225191927
2 18 -0.1059584329457634 -0.06252323209108307 0.06885493570350504 0.16241180671691896 0.9057391923836092 0.956215815500814 0.967618665324178 1.0031337521011454 1.0076478053167208 1.0226653163543875 1.1231768225191927
2 18 -0.10595843294576306 -0.06252323209108349 0.06885493570350389 0.16241180671691766 0.905739192383609 0.9562158155008141 0.9676186653241778 1.0031337521011456 1.0076478053167208 1.0226653163543873 1.1231768225191927
3 27 -0.15708015559850247 -0.049344053929331826 0.08482737884583709 0.19454947124026045 0.9057391923836092 0.9562158155008141 0.9676186653241782 1.0031337521011456 1.007647805316721 1.0226653163543875 1.1231768225191927
3 27 -0.1570801555985034 -0.049344053929331194 0.08482737884583677 0.19454947124025815 0.9057391923836091 0.956215815500814 0.9676186653241778 1.0031337521011454 1.0076478053167208 1.0226653163543873 1.1231768225191925
3 27 -0.1570801555985037 -0.049344053929331104 0.08482737884583748 0.19454947124025973 0.9057391923836092 0.9562158155008142 0.967618665324178 1.0031337521011454 1.007647805316721 1.0226653163543873 1.123176822519193
3 27 -0.15708015559850427 -0.04934405392933364 0.08482737884583809 0.1945494712402619 0.9057391923836091 0.9562158155008141 0.9676186653241781 1.0031337521011456 1.007647805316721 1.0226653163543875 1.1231768225191927
3 27 -0.15708015559850172 -0.049344053929332166 0.08482737884583771 0.19454947124026442 0.9057391923836092 0.956215815500814 0.967618665324178 1.0031337521011454 1.0076478053167208 1.0226653163543875 1.1231768225191927
3 27 -0.15708015559850264 -0.049344053929333255 0.08482737884583755 0.19454947124026192 0.905739192383609 0.9562158155008141 0.9676186653241778 1.0031337521011456 1.0076478053167208 1.0226653163543873 1.1231768225191927
4 36 -0.17996074762024303 -0.08738505254319531 0.07905033799647927 0.13190215867214505 0.9057391923836092 0.9562158155008141 0.9676186653241782 1.0031337521011456 1.007647805316721 1.0226653163543875 1.1231768225191927
4 36 -0.1799607476202428 -0.08738505254319484 0.07905033799647866 0.1319021586721429 0.9057391923836092 0.9562158155008142 0.967618665324178 1.0031337521011454 1.007647805316721 1.0226653163543873 1.123176822519193
4 36 -0.1799607476202468 -0.08738505254319279 0.07905033799647779 0.13190215867214616 0.9057391923836091 0.9562158155008141 0.9676186653241781 1.0031337521011456 1.007647805316721 1.0226653163543875 1.1231768225191927
5 45 -0.26005472143284103 -0.08839218810005828 0.06919495032263548 0.1642923760631883 0.9057391923836092 0.9562158155008142 0.967618665324178 1.0031337521011454 1.007647805316721 1.0226653163543873 1.123176822519193
4 36 -0.1799607476202416 -0.08738505254319569 0.07905033799647851 0.1319021586721426 0.9057391923836091 0.956215815500814 0.9676186653241778 1.0031337521011454 1.0076478053167208 1.0226653163543873 1.1231768225191925
4 36 -0.17996074762024752 -0.08738505254319343 0.07905033799648002 0.13190215867214844 0.9057391923836092 0.956215815500814 0.967618665324178 1.0031337521011454 1.0076478053167208 1.0226653163543875 1.1231768225191927
5 45 -0.2600547214328398 -0.08839218810005998 0.06919495032263616 0.16429237606319114 0.9057391923836092 0.9562158155008141 0.9676186653241782 1.0031337521011456 1.007647805316721 1.0226653163543875 1.1231768225191927
4 36 -0.1799607476202445 -0.08738505254319423 0.07905033799647984 0.13190215867214627 0.905739192383609 0.9562158155008141 0.9676186653241778 1.0031337521011456 1.0076478053167208 1.0226653163543873 1.1231768225191927
6 54 -0.27101064549767523 -0.08870380881005364 0.08614086228740538 0.18396915231135674 0.9057391923836092 0.9562158155008142 0.967618665324178 1.0031337521011454 1.007647805316721 1.0226653163543873 1.123176822519193
6 54 -0.2710106454976711 -0.088703808810052 0.08614086228741026 0.18396915231136213 0.9057391923836092 0.9562158155008141 0.9676186653241782 1.0031337521011456 1.007647805316721 1.0226653163543875 1.1231768225191927
5 45 -0.2600547214328443 -0.08839218810005486 0.06919495032263498 0.16429237606319175 0.9057391923836091 0.9562158155008141 0.9676186653241781 1.0031337521011456 1.007647805316721 1.0226653163543875 1.1231768225191927
5 45 -0.26005472143283864 -0.08839218810006169 0.06919495032263658 0.1642923760631898 0.9057391923836091 0.956215815500814 0.9676186653241778 1.0031337521011454 1.0076478053167208 1.0226653163543873 1.1231768225191925
5 45 -0.2600547214328443 -0.08839218810005431 0.06919495032263376 0.1642923760631916 0.9057391923836092 0.956215815500814 0.967618665324178 1.0031337521011454 1.0076478053167208 1.0226653163543875 1.1231768225191927
7 63 -0.27868629196952344 -0.10442923878925645 0.06141683700784305 0.21449081515075197 0.9057391923836092 0.9562158155008142 0.967618665324178 1.0031337521011454 1.007647805316721 1.0226653163543873 1.123176822519193
5 45 -0.26005472143284236 -0.08839218810005722 0.06919495032263563 0.1642923760631924 0.905739192383609 0.9562158155008141 0.9676186653241778 1.0031337521011456 1.0076478053167208 1.0226653163543873 1.1231768225191927
7 63 -0.27868629196951944 -0.10442923878925454 0.06141683700784227 0.21449081515075846 0.9057391923836092 0.9562158155008141 0.9676186653241782 1.0031337521011456 1.007647805316721 1.0226653163543875 1.1231768225191927
6 54 -0.27101064549767234 -0.08870380881005041 0.08614086228740549 0.18396915231135674 0.9057391923836091 0.956215815500814 0.9676186653241778 1.0031337521011454 1.0076478053167208 1.0226653163543873 1.1231768225191925
6 54 -0.27101064549767717 -0.08870380881006004 0.08614086228740842 0.18396915231135744 0.9057391923836091 0.9562158155008141 0.9676186653241781 1.0031337521011456 1.007647805316721 1.0226653163543875 1.1231768225191927
6 54 -0.27101064549767323 -0.08870380881005849 0.08614086228741584 0.18396915231136599 0.9057391923836092 0.956215815500814 0.967618665324178 1.0031337521011454 1.0076478053167208 1.0226653163543875 1.1231768225191927
8 72 -0.2679900186088242 -0.1139613488636344 0.06844479164733733 0.2375630138105775 0.7968023140398193 0.819872571589527 0.9170623271616918 0.9793294136499856 1.0361537336938702 1.094399191621726 1.2733819049627997
8 72 -0.2725988684269101 -0.1030725202488845 0.061066185898781426 0.22465478479666132 0.8000156506478551 0.8178932552026706 0.9172451927543136 0.9779830205704106 1.0362672407492612 1.0970588349486414 1.2711601661744234
6 54 -0.2710106454976736 -0.08870380881005374 0.08614086228740916 0.18396915231136055 0.905739192383609 0.9562158155008141 0.9676186653241778 1.0031337521011456 1.0076478053167208 1.0226653163543873 1.1231768225191927
7 63 -0.2786862919695257 -0.10442923878925217 0.06141683700784471 0.2144908151507544 0.9057391923836091 0.956215815500814 0.9676186653241778 1.0031337521011454 1.0076478053167208 1.0226653163543873 1.1231768225191925
7 63 -0.27868629196952394 -0.10442923878926369 0.061416837007838745 0.214490815150754 0.9057391923836091 0.9562158155008141 0.9676186653241781 1.0031337521011456 1.007647805316721 1.0226653163543875 1.1231768225191927
7 63 -0.2786862919695147 -0.10442923878926297 0.061416837007832466 0.21449081515076063 0.9057391923836092 0.956215815500814 0.967618665324178 1.0031337521011454 1.0076478053167208 1.0226653163543875 1.1231768225191927
9 81 -0.24172693560379216 -0.09607083710102592 0.04359006303052467 0.21446136145655006 0.7968023140398193 0.819872571589527 0.9170623271616918 0.9793294136499856 1.0361537336938702 1.094399191621726 1.2733819049627997
9 81 -0.2363765713565278 -0.11311929485340129 0.07433141901748617 0.2193124957991543 0.8000156506478551 0.8178932552026706 0.9172451927543136 0.9779830205704106 1.0362672407492612 1.0970588349486414 1.2711601661744234
8 72 -0.2555894445560086 -0.10996368744467264 0.07333185249285373 0.2497258772157872 0.7976965411289303 0.8229729710663003 0.9123912001672111 0.9423290879150478 1.0347866483654773 1.1148979502258427 1.285368841243102
7 63 -0.2786862919695178 -0.10442923878925708 0.06141683700784211 0.2144908151507558 0.905739192383609 0.9562158155008141 0.9676186653241778 1.0031337521011456 1.0076478053167208 1.0226653163543873 1.1231768225191927
8 72 -0.2679900186088291 -0.1139613488636406 0.06844479164733869 0.23756301381057873 0.7968023140398178 0.819872571589526 0.9170623271616939 0.9793294136499858 1.0361537336938722 1.094399191621725 1.2733819049627988
8 72 -0.27259886842690606 -0.10307252024887861 0.06106618589878552 0.22465478479665865 0.800015650647854 0.8178932552026725 0.9172451927543154 0.9779830205704116 1.0362672407492608 1.0970588349486399 1.2711601661744236
10 90 -0.22914721850861253 -0.13515027850313394 0.0719870782876268 0.24954407836057185 0.8000156506478551 0.8178932552026706 0.9172451927543136 0.9779830205704106 1.0362672407492612 1.0970588349486414 1.2711601661744234
9 81 -0.2417269356037968 -0.09607083710103027 0.04359006303051878 0.21446136145655206 0.7968023140398178 0.819872571589526 0.9170623271616939 0.9793294136499858 1.0361537336938722 1.094399191621725 1.2733819049627988
9 81 -0.22087657537432678 -0.10091722154892423 0.08788904376326245 0.24987324100542635 0.7976965411289303 0.8229729710663003 0.9123912001672111 0.9423290879150478 1.0347866483654773 1.1148979502258427 1.285368841243102
11 99 -0.24015217204831615 -0.13426990616267376 0.08343874194590312 0.24663948763542431 0.8000156506478551 0.8178932552026706 0.9172451927543136 0.9779830205704106 1.0362672407492612 1.0970588349486414 1.2711601661744234
10 90 -0.2914935183092812 -0.10200454850650946 0.05698827285566292 0.21324270596317427 0.7968023140398193 0.819872571589527 0.9170623271616918 0.9793294136499856 1.0361537336938702 1.094399191621726 1.2733819049627997
9 81 -0.2363765713565271 -0.11311929485340698 0.07433141901748458 0.21931249579914674 0.800015650647854 0.8178932552026725 0.9172451927543154 0.9779830205704116 1.0362672407492608 1.0970588349486399 1.2711601661744236
8 72 -0.25558944455600036 -0.10996368744467915 0.07333185249285329 0.2497258772157882 0.7976965411289285 0.8229729710663036 0.91239120016721 0.9423290879150495 1.0347866483654762 1.114897950225842 1.2853688412431015
10 90 -0.2914935183092766 -0.10200454850651282 0.05698827285566582 0.2132427059631781 0.7968023140398178 0.819872571589526 0.9170623271616939 0.9793294136499858 1.0361537336938722 1.094399191621725 1.2733819049627988
10 90 -0.2397784425140219 -0.11966158530240031 0.06299848168175677 0.27050221565874777 0.7976965411289303 0.8229729710663003 0.9123912001672111 0.9423290879150478 1.0347866483654773 1.1148979502258427 1.285368841243102
10 90 -0.22914721850860925 -0.13515027850312974 0.07198707828762793 0.24954407836056433 0.800015650647854 0.8178932552026725 0.9172451927543154 0.9779830205704116 1.0362672407492608 1.0970588349486399 1.2711601661744236
11 99 -0.30069529506216447 -0.12990880530412763 0.0544273387700359 0.250748202686646 0.7968023140398178 0.819872571589526 0.9170623271616939 0.9793294136499858 1.0361537336938722 1.094399191621725 1.2733819049627988
9 81 -0.22087657537432526 -0.10091722154892216 0.08788904376326173 0.24987324100542638 0.7976965411289285 0.8229729710663036 0.91239120016721 0.9423290879150495 1.0347866483654762 1.114897950225842 1.2853688412431015
11 99 -0.30069529506215614 -0.1299088053041282 0.054427338770044104 0.25074820268665066 0.7968023140398193 0.819872571589527 0.9170623271616918 0.9793294136499856 1.0361537336938702 1.094399191621726 1.2733819049627997
12 108 -0.29428853110882547 -0.14476618909343192 0.09247959371938365 0.21220920136535104 0.8000156506478551 0.8178932552026706 0.9172451927543136 0.9779830205704106 1.0362672407492612 1.0970588349486414 1.2711601661744234
10 90 -0.23977844251401867 -0.11966158530239444 0.06299848168175727 0.27050221565874505 0.7976965411289285 0.8229729710663036 0.91239120016721 0.9423290879150495 1.0347866483654762 1.114897950225842 1.2853688412431015
11 99 -0.23771946046540732 -0.10214580266047517 0.06341647973134198 0.24886170809197478 0.7976965411289303 0.8229729710663003 0.9123912001672111 0.9423290879150478 1.0347866483654773 1.1148979502258427 1.285368841243102
12 108 -0.28521267758695157 -0.0986043940950454 0.05943197802729629 0.21990188372073632 0.7968023140398178 0.819872571589526 0.9170623271616939 0.9793294136499858 1.0361537336938722 1.094399191621725 1.2733819049627988
13 117 -0.3091384542430238 -0.12897029644065977 0.08438503338125654 0.234837172472926 0.8000156506478551 0.8178932552026706 0.9172451927543136 0.9779830205704106 1.0362672407492612 1.0970588349486414 1.2711601661744234
12 108 -0.3089986331329725 -0.08381284749187523 0.06105020061298278 0.32808083624273726 0.7976965411289303 0.8229729710663003 0.9123912001672111 0.9423290879150478 1.0347866483654773 1.1148979502258427 1.285368841243102
11 99 -0.2401521720483214 -0.13426990616266993 0.08343874194590174 0.24663948763541516 0.800015650647854 0.8178932552026725 0.9172451927543154 0.9779830205704116 1.0362672407492608 1.0970588349486399 1.2711601661744236
11 99 -0.23771946046540524 -0.10214580266047077 0.06341647973134336 0.24886170809197156 0.7976965411289285 0.8229729710663036 0.91239120016721 0.9423290879150495 1.0347866483654762 1.114897950225842 1.2853688412431015
13 117 -0.22346726225133554 -0.08499507942130383 0.08406605288503992 0.19683510097769188 0.7968023140398178 0.819872571589526 0.9170623271616939 0.9793294136499858 1.0361537336938722 1.094399191621725 1.2733819049627988
12 108 -0.28521267758694063 -0.09860439409504754 0.059431978027301595 0.21990188372074007 0.7968023140398193 0.819872571589527 0.9170623271616918 0.9793294136499856 1.0361537336938702 1.094399191621726 1.2733819049627997
12 108 -0.30899863313296794 -0.08381284749187157 0.06105020061298147 0.3280808362427355 0.7976965411289285 0.8229729710663036 0.91239120016721 0.9423290879150495 1.0347866483654762 1.114897950225842 1.2853688412431015
14 126 -0.33544077072284467 -0.1166581270604578 0.10942946225908005 0.3311757131851817 0.8000156506478551 0.8178932552026706 0.9172451927543136 0.9779830205704106 1.0362672407492612 1.0970588349486414 1.2711601661744234
13 117 -0.31214749194577085 -0.10034274796696584 0.06934833724483129 0.3198414463157261 0.7976965411289303 0.8229729710663003 0.9123912001672111 0.9423290879150478 1.0347866483654773 1.1148979502258427 1.285368841243102
13 117 -0.3121474919457656 -0.10034274796696782 0.06934833724482685 0.31984144631572375 0.7976965411289285 0.8229729710663036 0.91239120016721 0.9423290879150495 1.0347866483654762 1.114897950225842 1.2853688412431015
12 108 -0.2942885311088279 -0.14476618909342664 0.09247959371938293 0.2122092013653373 0.800015650647854 0.8178932552026725 0.9172451927543154 0.9779830205704116 1.0362672407492608 1.0970588349486399 1.2711601661744236
14 126 -0.22719110452993027 -0.09916896420574163 0.09973573515278042 0.15478899982883776 0.7968023140398178 0.819872571589526 0.9170623271616939 0.9793294136499858 1.0361537336938722 1.094399191621725 1.2733819049627988
13 117 -0.2234672622513328 -0.08499507942130391 0.08406605288503798 0.19683510097769683 0.7968023140398193 0.819872571589527 0.9170623271616918 0.9793294136499856 1.0361537336938702 1.094399191621726 1.2733819049627997
14 126 -0.31564685380349256 -0.10470492003527657 0.0697926079866693 0.31215462350673584 0.7976965411289285 0.8229729710663036 0.91239120016721 0.9423290879150495 1.0347866483654762 1.114897950225842 1.2853688412431015
14 126 -0.31564685380349883 -0.10470492003527448 0.06979260798667282 0.31215462350673967 0.7976965411289303 0.8229729710663003 0.9123912001672111 0.9423290879150478 1.0347866483654773 1.1148979502258427 1.285368841243102
15 135 -0.34559148712421733 -0.11822257216607057 0.12660866485514968 0.33276025505760715 0.6909934375049747 0.8250289370267958 0.8717767166871756 0.9839517234244766 1.0272141310020269 1.1535895172734563 1.3144436234818782
13 117 -0.30913845424302805 -0.12897029644066021 0.08438503338125479 0.2348371724729193 0.800015650647854 0.8178932552026725 0.9172451927543154 0.9779830205704116 1.0362672407492608 1.0970588349486399 1.2711601661744236
15 135 -0.29226087831540287 -0.07139396961128323 0.10041980131590418 0.2736777926929226 0.7407421414133035 0.7844056532243497 0.8905699685201136 0.9710005020258409 1.1030573132754384 1.1664712752314206 1.233961642454626
15 135 -0.31687272282696616 -0.10166874832968391 0.09642167004518765 0.23769764535221477 0.7843154739763561 0.8079798332197232 0.8604412238698959 0.9704089440257591 1.0551874233271403 1.1261716600175113 1.291619952554617
16 144 -0.35952339061457 -0.0883703339561092 0.12531029087541912 0.32682040890459724 0.6909934375049747 0.8250289370267958 0.8717767166871756 0.9839517234244766 1.0272141310020269 1.1535895172734563 1.3144436234818782
14 126 -0.22719110452992733 -0.09916896420575527 0.09973573515278013 0.15478899982884559 0.7968023140398193 0.819872571589527 0.9170623271616918 0.9793294136499856 1.0361537336938702 1.094399191621726 1.2733819049627997
16 144 -0.3040844851572453 -0.13076931941510114 0.10857717223474367 0.22446119543531393 0.7843154739763561 0.8079798332197232 0.8604412238698959 0.9704089440257591 1.0551874233271403 1.1261716600175113 1.291619952554617
15 135 -0.29226087831541353 -0.07139396961127899 0.10041980131591308 0.27367779269290715 0.7407421414133052 0.7844056532243489 0.890569968520116 0.9710005020258402 1.1030573132754367 1.1664712752314166 1.2339616424546298
17 153 -0.3004784915600151 -0.12350130759121748 0.09982868977566126 0.2613073209192936 0.7843154739763561 0.8079798332197232 0.8604412238698959 0.9704089440257591 1.0551874233271403 1.1261716600175113 1.291619952554617
15 135 -0.3168727228269496 -0.10166874832967623 0.09642167004518246 0.23769764535222432 0.784315473976362 0.8079798332197254 0.8604412238698894 0.9704089440257608 1.055187423327145 1.1261716600175113 1.2916199525546124
16 144 -0.22610900527924907 -0.07867409991583559 0.12737007560107155 0.3065983721303133 0.7407421414133035 0.7844056532243497 0.8905699685201136 0.9710005020258409 1.1030573132754384 1.1664712752314206 1.233961642454626
14 126 -0.33544077072284645 -0.11665812706046214 0.10942946225907255 0.3311757131851759 0.800015650647854 0.8178932552026725 0.9172451927543154 0.9779830205704116 1.0362672407492608 1.0970588349486399 1.2711601661744236
16 144 -0.22610900527925903 -0.07867409991583213 0.12737007560107735 0.3065983721302968 0.7407421414133052 0.7844056532243489 0.890569968520116 0.9710005020258402 1.1030573132754367 1.1664712752314166 1.2339616424546298
16 144 -0.304084485157228 -0.13076931941508832 0.1085771722347445 0.22446119543532958 0.784315473976362 0.8079798332197254 0.8604412238698894 0.9704089440257608 1.055187423327145 1.1261716600175113 1.2916199525546124
17 153 -0.40021457266407723 -0.09384394862169232 0.1299922545580026 0.3228311864242072 0.6909934375049747 0.8250289370267958 0.8717767166871756 0.9839517234244766 1.0272141310020269 1.1535895172734563 1.3144436234818782
17 153 -0.2455920101465877 -0.07366363287085206 0.1435074713007223 0.29207155097677007 0.7407421414133035 0.7844056532243497 0.8905699685201136 0.9710005020258409 1.1030573132754384 1.1664712752314206 1.233961642454626
18 162 -0.28808026212129606 -0.1420832726216051 0.10600547687194879 0.2751662163882746 0.7843154739763561 0.8079798332197232 0.8604412238698959 0.9704089440257591 1.0551874233271403 1.1261716600175113 1.291619952554617
15 135 -0.34559148712422233 -0.11822257216607854 0.12660866485515052 0.33276025505760476 0.6909934375049768 0.8250289370267897 0.8717767166871775 0.9839517234244806 1.0272141310020326 1.1535895172734545 1.314443623481873
17 153 -0.2455920101465932 -0.073663632870859 0.1435074713007281 0.2920715509767697 0.7407421414133052 0.7844056532243489 0.890569968520116 0.9710005020258402 1.1030573132754367 1.1664712752314166 1.2339616424546298
18 162 -0.42908058214650435 -0.10559958014094947 0.15727604351096874 0.28690438366584575 0.6909934375049747 0.8250289370267958 0.8717767166871756 0.9839517234244766 1.0272141310020269 1.1535895172734563 1.3144436234818782
19 171 -0.328354491755968 -0.13791556746665773 0.12791053441786462 0.23469897110956028 0.7843154739763561 0.8079798332197232 0.8604412238698959 0.9704089440257591 1.0551874233271403 1.1261716600175113 1.291619952554617
17 153 -0.30047849155999806 -0.12350130759122388 0.09982868977566783 0.26130732091930875 0.784315473976362 0.8079798332197254 0.8604412238698894 0.9704089440257608 1.055187423327145 1.1261716600175113 1.2916199525546124
16 144 -0.3595233906145731 -0.0883703339561086 0.12531029087541157 0.3268204089045916 0.6909934375049768 0.8250289370267897 0.8717767166871775 0.9839517234244806 1.0272141310020326 1.1535895172734545 1.314443623481873
18 162 -0.25646104109761503 -0.06905342962748691 0.13902699676843605 0.3573278215643825 0.7407421414133035 0.7844056532243497 0.8905699685201136 0.9710005020258409 1.1030573132754384 1.1664712752314206 1.233961642454626
19 171 -0.4336478751469464 -0.0924360662051539 0.1586915273724427 0.3041110294415425 0.6909934375049747 0.8250289370267958 0.8717767166871756 0.9839517234244766 1.0272141310020269 1.1535895172734563 1.3144436234818782
18 162 -0.25646104109762 -0.0690534296274891 0.13902699676844163 0.3573278215643845 0.7407421414133052 0.7844056532243489 0.890569968520116 0.9710005020258402 1.1030573132754367 1.1664712752314166 1.2339616424546298
20 180 -0.3400727485403535 -0.15578406454311874 0.10139721519879853 0.21407203089294605 0.7843154739763561 0.8079798332197232 0.8604412238698959 0.9704089440257591 1.0551874233271403 1.1261716600175113 1.291619952554617
19 171 -0.2653949891923697 -0.081534772228349 0.11295388082489648 0.31019379457128826 0.7407421414133035 0.7844056532243497 0.8905699685201136 0.9710005020258409 1.1030573132754384 1.1664712752314206 1.233961642454626
18 162 -0.28808026212127774 -0.14208327262158837 0.1060054768719496 0.2751662163882891 0.784315473976362 0.8079798332197254 0.8604412238698894 0.9704089440257608 1.055187423327145 1.1261716600175113 1.2916199525546124
17 153 -0.4002145726640824 -0.09384394862168596 0.12999225455799296 0.3228311864242013 0.6909934375049768 0.8250289370267897 0.8717767166871775 0.9839517234244806 1.0272141310020326 1.1535895172734545 1.314443623481873
20 180 -0.45125753870313595 -0.08305368452530071 0.1323372408702807 0.3391650755857722 0.6909934375049747 0.8250289370267958 0.8717767166871756 0.9839517234244766 1.0272141310020269 1.1535895172734563 1.3144436234818782
19 171 -0.2653949891923747 -0.081534772228363 0.1129538808248941 0.31019379457129376 0.7407421414133052 0.7844056532243489 0.890569968520116 0.9710005020258402 1.1030573132754367 1.1664712752314166 1.2339616424546298
20 180 -0.3016390220094811 -0.06290326779810994 0.13428829384497723 0.3176450172417364 0.7407421414133035 0.7844056532243497 0.8905699685201136 0.9710005020258409 1.1030573132754384 1.1664712752314206 1.233961642454626
21 189 -0.4526142304084722 -0.08817694248480082 0.11503810649631746 0.35818147950964846 0.6909934375049747 0.8250289370267958 0.8717767166871756 0.9839517234244766 1.0272141310020269 1.1535895172734563 1.3144436234818782
19 171 -0.32835449175595055 -0.13791556746664194 0.12791053441786326 0.23469897110957003 0.784315473976362 0.8079798332197254 0.8604412238698894 0.9704089440257608 1.055187423327145 1.1261716600175113 1.2916199525546124
18 162 -0.42908058214650785 -0.10559958014094693 0.15727604351096672 0.2869043836658406 0.6909934375049768 0.8250289370267897 0.8717767166871775 0.9839517234244806 1.0272141310020326 1.1535895172734545 1.314443623481873
21 189 -0.3032939801729301 -0.16787201175855881 0.1222021189144606 0.17135947196640902 0.7843154739763561 0.8079798332197232 0.8604412238698959 0.9704089440257591 1.0551874233271403 1.1261716600175113 1.291619952554617
20 180 -0.27195789792363567 -0.07454288904270452 0.1187140272213274 0.30997241063330055 0.7407421414133052 0.7844056532243489 0.890569968520116 0.9710005020258402 1.1030573132754367 1.1664712752314166 1.2339616424546298
21 189 -0.3549999118035166 -0.07858512081080184 0.13021448634154834 0.3015749845967939 0.7407421414133035 0.7844056532243497 0.8905699685201136 0.9710005020258409 1.1030573132754384 1.1664712752314206 1.233961642454626
21 189 -0.2645816202531355 -0.08215177253887346 0.12155868430680175 0.2963941505724322 0.7407421414133052 0.7844056532243489 0.890569968520116 0.9710005020258402 1.1030573132754367 1.1664712752314166 1.2339616424546298
22 198 -0.4563311870818942 -0.08893395461489981 0.12885742755911198 0.3550608952048126 0.6757921899398206 0.7182670863954367 0.8663339360415369 0.9790687801598874 1.0613079875861589 1.1536184378096315 1.3642129595586774
20 180 -0.3400727485403349 -0.1557840645431192 0.1013972151987915 0.21407203089293966 0.784315473976362 0.8079798332197254 0.8604412238698894 0.9704089440257608 1.055187423327145 1.1261716600175113 1.2916199525546124
22 198 -0.2566230775692868 -0.05427948663004598 0.1155847712586876 0.29938903995071836 0.7694996861734238 0.808409861459347 0.851708168855522 0.9379816571549013 1.0873863292206054 1.1819637327838806 1.2528687242595422
22 198 -0.35360235753637603 -0.06821109046334715 0.1614061826104365 0.25491632034979483 0.710399081729907 0.7548924076114235 0.8963091031517029 0.9781094244820453 1.057286453347655 1.1676745750373878 1.2977226149426224
19 171 -0.43364787514695213 -0.09243606620515013 0.158691527372437 0.3041110294415379 0.6909934375049768 0.8250289370267897 0.8717767166871775 0.9839517234244806 1.0272141310020326 1.1535895172734545 1.314443623481873
23 207 -0.44392141957854125 -0.09322319365231387 0.15506427948050094 0.34486316533273254 0.6757921899398206 0.7182670863954367 0.8663339360415369 0.9790687801598874 1.0613079875861589 1.1536184378096315 1.3642129595586774
22 198 -0.27654397415722315 -0.14028464842878854 0.09068638748930832 0.19115108893411564 0.761389270139704 0.8483207840994533 0.8580015077069503 0.9090013437256295 1.0844737552450852 1.1085946515968912 1.316481207269594
21 189 -0.3032939801729064 -0.1678720117585532 0.12220211891447229 0.1713594719664095 0.784315473976362 0.8079798332197254 0.8604412238698894 0.9704089440257608 1.055187423327145 1.1261716600175113 1.2916199525546124
23 207 -0.24750824566168111 -0.06901746970701864 0.12076708221486736 0.25925033794080193 0.7694996861734238 0.808409861459347 0.851708168855522 0.9379816571549013 1.0873863292206054 1.1819637327838806 1.2528687242595422
23 207 -0.3631858254628566 -0.07048488934517044 0.14248211990200238 0.2501254549740438 0.710399081729907 0.7548924076114235 0.8963091031517029 0.9781094244820453 1.057286453347655 1.1676745750373878 1.2977226149426224
20 180 -0.45125753870314433 -0.08305368452530074 0.13233724087027643 0.33916507558576886 0.6909934375049768 0.8250289370267897 0.8717767166871775 0.9839517234244806 1.0272141310020326 1.1535895172734545 1.314443623481873
23 207 -0.31048753537095153 -0.16406563258092458 0.09941473163820573 0.20297997172940618 0.761389270139704 0.8483207840994533 0.8580015077069503 0.9090013437256295 1.0844737552450852 1.1085946515968912 1.316481207269594
24 216 -0.21174835695254446 -0.0927772671072231 0.12558824848371014 0.28299322080268874 0.7694996861734238 0.808409861459347 0.851708168855522 0.9379816571549013 1.0873863292206054 1.1819637327838806 1.2528687242595422
24 216 -0.4120662844188744 -0.11319555760204195 0.16468934670490415 0.3631905084540381 0.6757921899398206 0.7182670863954367 0.8663339360415369 0.9790687801598874 1.0613079875861589 1.1536184378096315 1.3642129595586774
22 198 -0.27654397415719617 -0.14028464842878025 0.09068638748930138 0.19115108893411784 0.7613892701397036 0.8483207840994578 0.858001507706965 0.909001343725622 1.0844737552450703 1.1085946515968914 1.3164812072695982
24 216 -0.4317881149132758 -0.08345187431383334 0.12399643262902477 0.2828155617554347 0.710399081729907 0.7548924076114235 0.8963091031517029 0.9781094244820453 1.057286453347655 1.1676745750373878 1.2977226149426224
21 189 -0.452614230408484 -0.08817694248479674 0.11503810649631437 0.3581814795096437 0.6909934375049768 0.8250289370267897 0.8717767166871775 0.9839517234244806 1.0272141310020326 1.1535895172734545 1.314443623481873
25 225 -0.26601223933494056 -0.056468681543648994 0.1295034712424224 0.21757707987840375 0.7694996861734238 0.808409861459347 0.851708168855522 0.9379816571549013 1.0873863292206054 1.1819637327838806 1.2528687242595422
24 216 -0.30361046711546463 -0.1556828746488521 0.10837408030375323 0.22161839548653622 0.761389270139704 0.8483207840994533 0.8580015077069503 0.9090013437256295 1.0844737552450852 1.1085946515968912 1.316481207269594
25 225 -0.5054180123168728 -0.11838114250240445 0.12293481970537853 0.29762615881556426 0.710399081729907 0.7548924076114235 0.8963091031517029 0.9781094244820453 1.057286453347655 1.1676745750373878 1.2977226149426224
25 225 -0.3939220885375506 -0.11303872306546285 0.1774842478572626 0.3756096839276295 0.6757921899398206 0.7182670863954367 0.8663339360415369 0.9790687801598874 1.0613079875861589 1.1536184378096315 1.3642129595586774
22 198 -0.4563311870819065 -0.08893395461489687 0.12885742755910976 0.3550608952048086 0.6757921899398196 0.7182670863954312 0.866333936041538 0.97906878015989 1.0613079875861617 1.1536184378096321 1.364212959558675
26 234 -0.3051713232910759 -0.04180998407174357 0.10895667509333343 0.21324855267416265 0.7694996861734238 0.808409861459347 0.851708168855522 0.9379816571549013 1.0873863292206054 1.1819637327838806 1.2528687242595422
23 207 -0.31048753537097734 -0.16406563258092408 0.09941473163821438 0.20297997172940582 0.7613892701397036 0.8483207840994578 0.858001507706965 0.909001343725622 1.0844737552450703 1.1085946515968914 1.3164812072695982
25 225 -0.2971828298179886 -0.11318307972130681 0.08707640736613263 0.2459639873585175 0.761389270139704 0.8483207840994533 0.8580015077069503 0.9090013437256295 1.0844737552450852 1.1085946515968912 1.316481207269594
26 234 -0.5129695826827286 -0.1021121319536547 0.123069824884932 0.3154561001173725 0.710399081729907 0.7548924076114235 0.8963091031517029 0.9781094244820453 1.057286453347655 1.1676745750373878 1.2977226149426224
23 207 -0.44392141957855286 -0.09322319365230788 0.15506427948049892 0.3448631653327319 0.6757921899398196 0.7182670863954312 0.866333936041538 0.97906878015989 1.0613079875861617 1.1536184378096321 1.364212959558675
27 243 -0.3209260434859651 -0.0197500312614718 0.11173430009955151 0.23961354052746814 0.7694996861734238 0.808409861459347 0.851708168855522 0.9379816571549013 1.0873863292206054 1.1819637327838806 1.2528687242595422
26 234 -0.41202798063760765 -0.13314200655444794 0.19889834856880978 0.3486618459832037 0.6757921899398206 0.7182670863954367 0.8663339360415369 0.9790687801598874 1.0613079875861589 1.1536184378096315 1.3642129595586774
24 216 -0.3036104671154643 -0.15568287464884883 0.10837408030376344 0.22161839548653364 0.7613892701397036 0.8483207840994578 0.858001507706965 0.909001343725622 1.0844737552450703 1.1085946515968914 1.3164812072695982
26 234 -0.2497338691445652 -0.11680489128438126 0.08033939877338753 0.22757786613174744 0.761389270139704 0.8483207840994533 0.8580015077069503 0.9090013437256295 1.0844737552450852 1.1085946515968912 1.316481207269594
28 252 -0.35328691229084863 -0.008027073906802153 0.13538713855011644 0.2549570404349138 0.7694996861734238 0.808409861459347 0.851708168855522 0.9379816571549013 1.0873863292206054 1.1819637327838806 1.2528687242595422
24 216 -0.4120662844188849 -0.1131955576020352 0.1646893467049055 0.3631905084540285 0.6757921899398196 0.7182670863954312 0.866333936041538 0.97906878015989 1.0613079875861617 1.1536184378096321 1.364212959558675
27 243 -0.4820439332599679 -0.11340307903183089 0.12625927082872085 0.3385785986292713 0.710399081729907 0.7548924076114235 0.8963091031517029 0.9781094244820453 1.057286453347655 1.1676745750373878 1.2977226149426224
27 243 -0.44914417174286936 -0.16201135302889685 0.18489559076660086 0.34282330759449625 0.6757921899398206 0.7182670863954367 0.8663339360415369 0.9790687801598874 1.0613079875861589 1.1536184378096315 1.3642129595586774
25 225 -0.2971828298180124 -0.11318307972130368 0.08707640736613323 0.2459639873585276 0.7613892701397036 0.8483207840994578 0.858001507706965 0.909001343725622 1.0844737552450703 1.1085946515968914 1.3164812072695982
27 243 -0.26180370365235683 -0.1049135136309621 0.06181799818016627 0.24728701865000097 0.761389270139704 0.8483207840994533 0.8580015077069503 0.9090013437256295 1.0844737552450852 1.1085946515968912 1.316481207269594
28 252 -0.46532810396839286 -0.11709951668198076 0.15345201872317574 0.345447567695865 0.710399081729907 0.7548924076114235 0.8963091031517029 0.9781094244820453 1.057286453347655 1.1676745750373878 1.2977226149426224
25 225 -0.39959392070116795 -0.11808589820173307 0.17253065069947288 0.37534080225135846 0.6757921899398196 0.7182670863954312 0.866333936041538 0.97906878015989 1.0613079875861617 1.1536184378096321 1.364212959558675
29 261 -0.2998484291771635 -0.047483601547504875 0.16777437221201705 0.2003920976799961 0.6789157058286011 0.7765308647426576 0.9732868496700149 1.013835184134335 1.1050175728815186 1.1418108919524081 1.1983856886636588
28 252 -0.43742107298275285 -0.15530159623824166 0.18030814124346176 0.3654271057226455 0.6757921899398206 0.7182670863954367 0.8663339360415369 0.9790687801598874 1.0613079875861589 1.1536184378096315 1.3642129595586774
26 234 -0.24973386914458928 -0.11680489128438176 0.08033939877340558 0.22757786613175823 0.7613892701397036 0.8483207840994578 0.858001507706965 0.909001343725622 1.0844737552450703 1.1085946515968914 1.3164812072695982
29 261 -0.4057861315876046 -0.11975813012193698 0.12973557174753902 0.387445319901061 0.5982806077597539 0.6726273815146848 0.8545948339141809 0.9163956525642013 1.0875540886839523 1.2686518667078792 1.351764751393294
28 252 -0.3279536775717655 -0.10085211839923769 0.038184096583412805 0.24335376961977676 0.761389270139704 0.8483207840994533 0.8580015077069503 0.9090013437256295 1.0844737552450852 1.1085946515968912 1.316481207269594
30 270 -0.3021669891458104 -0.03858215472415264 0.12086418845156156 0.27250222975337324 0.6789157058286011 0.7765308647426576 0.9732868496700149 1.013835184134335 1.1050175728815186 1.1418108919524081 1.1983856886636588
26 234 -0.4182395837935312 -0.13884515367372346 0.1897951400295615 0.34919849476711323 0.6757921899398196 0.7182670863954312 0.866333936041538 0.97906878015989 1.0613079875861617 1.1536184378096321 1.364212959558675
29 261 -0.46976888086573093 -0.1799838114881722 0.18232539398872288 0.3079213757365568 0.6654489535683593 0.7734127008158956 0.8157018543523793 0.9378840827998296 1.0386892254917304 1.12926537826711 1.4352347594532682
27 243 -0.2708142686129943 -0.10293728344504188 0.057611482385672444 0.24542657371452994 0.7613892701397036 0.8483207840994578 0.858001507706965 0.909001343725622 1.0844737552450703 1.1085946515968914 1.3164812072695982
30 270 -0.37485293957704763 -0.13478198682450077 0.18539930809744593 0.4108646907613445 0.5982806077597539 0.6726273815146848 0.8545948339141809 0.9163956525642013 1.0875540886839523 1.2686518667078792 1.351764751393294
31 279 -0.31491791020917537 -0.06172755862962506 0.11873421506851815 0.26842090634928634 0.6789157058286011 0.7765308647426576 0.9732868496700149 1.013835184134335 1.1050175728815186 1.1418108919524081 1.1983856886636588
29 261 -0.28592786679790994 -0.09754101948348604 0.03303756273147604 0.22116498375244867 0.7874806651000452 0.8548992828662179 0.9054971464309987 0.9685958081996787 1.0577021337987318 1.1175407118005627 1.234215317526747
27 243 -0.45378592934207973 -0.16700424876353553 0.17571216891676028 0.34604222598583484 0.6757921899398196 0.7182670863954312 0.866333936041538 0.97906878015989 1.0613079875861617 1.1536184378096321 1.364212959558675
31 279 -0.2959329237113724 -0.1361167144205131 0.18016083803157756 0.3968422589911701 0.5982806077597539 0.6726273815146848 0.8545948339141809 0.9163956525642013 1.0875540886839523 1.2686518667078792 1.351764751393294
28 252 -0.31036723183536946 -0.1050416362533482 0.0650563856659359 0.23098200705463326 0.7613892701397036 0.8483207840994578 0.858001507706965 0.909001343725622 1.0844737552450703 1.1085946515968914 1.3164812072695982
32 288 -0.32996773830386106 -0.051242706849890005 0.1191329663228004 0.26324366231053714 0.6789157058286011 0.7765308647426576 0.9732868496700149 1.013835184134335 1.1050175728815186 1.1418108919524081 1.1983856886636588
30 270 -0.44043547225040486 -0.20847238584986835 0.18248790358641817 0.3717446820019124 0.6654489535683593 0.7734127008158956 0.8157018543523793 0.9378840827998296 1.0386892254917304 1.12926537826711 1.4352347594532682
28 252 -0.4718478875088325 -0.19191065203485988 0.17651432285737745 0.34755463764934896 0.6757921899398196 0.7182670863954312 0.866333936041538 0.97906878015989 1.0613079875861617 1.1536184378096321 1.364212959558675
32 288 -0.3224816263879621 -0.09584627123786918 0.19103775097470704 0.346254167811997 0.5982806077597539 0.6726273815146848 0.8545948339141809 0.9163956525642013 1.0875540886839523 1.2686518667078792 1.351764751393294
30 270 -0.26194537463701817 -0.10890526090557709 0.024024085940677207 0.20704424522537207 0.7874806651000452 0.8548992828662179 0.9054971464309987 0.9685958081996787 1.0577021337987318 1.1175407118005627 1.234215317526747
33 297 -0.3685488510728842 -0.03904533187617169 0.16274319300683954 0.24488782432446063 0.6789157058286011 0.7765308647426576 0.9732868496700149 1.013835184134335 1.1050175728815186 1.1418108919524081 1.1983856886636588
29 261 -0.30470189711894796 -0.08573162561448505 0.03647168805937701 0.20503510725903085 0.7865100464643651 0.8442401650625667 0.8958220444836102 0.9577064823815042 1.0571579841577514 1.1277734618465596 1.2488016912278532
31 279 -0.3620706333679764 -0.21333077944995665 0.19019206049376453 0.3677814355800183 0.6654489535683593 0.7734127008158956 0.8157018543523793 0.9378840827998296 1.0386892254917304 1.12926537826711 1.4352347594532682
33 297 -0.37955185748393167 -0.1232145184293251 0.1337595316360039 0.4031429740621956 0.5982806077597539 0.6726273815146848 0.8545948339141809 0.9163956525642013 1.0875540886839523 1.2686518667078792 1.351764751393294
29 261 -0.4285713270539836 -0.19269518490281373 0.1572935806135389 0.3594118835390167 0.6905761039802969 0.7490949611804651 0.7877750422674074 0.9556066623954913 0.9948220446508574 1.1564658514188129 1.4495184052954324
34 306 -0.36230926508318295 -0.04227337131774171 0.14414943909281394 0.24753288265771056 0.6789157058286011 0.7765308647426576 0.9732868496700149 1.013835184134335 1.1050175728815186 1.1418108919524081 1.1983856886636588
31 279 -0.2167852106799524 -0.10873546300611185 0.012594698817444015 0.20294195153875752 0.7874806651000452 0.8548992828662179 0.9054971464309987 0.9685958081996787 1.0577021337987318 1.1175407118005627 1.234215317526747
32 288 -0.3210873952260912 -0.18609178984854954 0.14694870606901422 0.3558112650530319 0.6654489535683593 0.7734127008158956 0.8157018543523793 0.9378840827998296 1.0386892254917304 1.12926537826711 1.4352347594532682
34 306 -0.37831220496001566 -0.1414016812276327 0.11595633466213282 0.4409323163502338 0.5982806077597539 0.6726273815146848 0.8545948339141809 0.9163956525642013 1.0875540886839523 1.2686518667078792 1.351764751393294
30 270 -0.33089694216940924 -0.1176114835974842 0.03937642024586219 0.19956562761359672 0.7865100464643651 0.8442401650625667 0.8958220444836102 0.9577064823815042 1.0571579841577514 1.1277734618465596 1.2488016912278532
35 315 -0.36832617135740464 -0.07851583085167269 0.12795072136123153 0.20807573937646984 0.6789157058286011 0.7765308647426576 0.9732868496700149 1.013835184134335 1.1050175728815186 1.1418108919524081 1.1983856886636588
30 270 -0.4722362933924532 -0.21329581207132992 0.12733216038197936 0.38156916665941715 0.6905761039802969 0.7490949611804651 0.7877750422674074 0.9556066623954913 0.9948220446508574 1.1564658514188129 1.4495184052954324
35 315 -0.3719339255705295 -0.12888940309430713 0.06743186472274187 0.45874587234786884 0.5982806077597539 0.6726273815146848 0.8545948339141809 0.9163956525642013 1.0875540886839523 1.2686518667078792 1.351764751393294
32 288 -0.22731643905968363 -0.12365363769063167 0.019088281974041915 0.21151404079803296 0.7874806651000452 0.8548992828662179 0.9054971464309987 0.9685958081996787 1.0577021337987318 1.1175407118005627 1.234215317526747
33 297 -0.3016359249864947 -0.17235968675881624 0.1442158404172088 0.35583259360953656 0.6654489535683593 0.7734127008158956 0.8157018543523793 0.9378840827998296 1.0386892254917304 1.12926537826711 1.4352347594532682
36 324 -0.3182994687417473 -0.05953719664456143 0.13642869046077835 0.25018403762997277 0.679343363302013 0.7119001054868965 0.9151700461636975 1.0285142524863091 1.080538262175573 1.115205299404982 1.3134181579893567
31 279 -0.30383099745347275 -0.12604801201912094 0.04860738895435387 0.23646347521749017 0.7865100464643651 0.8442401650625667 0.8958220444836102 0.9577064823815042 1.0571579841577514 1.1277734618465596 1.2488016912278532
36 324 -0.3734742072883106 -0.09335019036760064 0.02107447507047537 0.4501310794811105 0.5940033768965872 0.7166131602271731 0.841603174930202 1.015769078699044 1.1025103797903222 1.2305595395516118 1.289859265037895
31 279 -0.4703671257971905 -0.20223524532472303 0.14813342418743777 0.31701161665827826 0.6905761039802969 0.7490949611804651 0.7877750422674074 0.9556066623954913 0.9948220446508574 1.1564658514188129 1.4495184052954324
37 333 -0.39505160387278326 -0.07110114172864387 0.13349519012685832 0.28725748420418346 0.679343363302013 0.7119001054868965 0.9151700461636975 1.0285142524863091 1.080538262175573 1.115205299404982 1.3134181579893567
34 306 -0.2781837182629793 -0.1453050233771762 0.12522580980497566 0.33910429636742445 0.6654489535683593 0.7734127008158956 0.8157018543523793 0.9378840827998296 1.0386892254917304 1.12926537826711 1.4352347594532682
33 297 -0.2941564154117044 -0.12764833740084885 0.04986115935502246 0.23156721715070025 0.7874806651000452 0.8548992828662179 0.9054971464309987 0.9685958081996787 1.0577021337987318 1.1175407118005627 1.234215317526747
37 333 -0.323680046145341 -0.16629468232122085 0.09320070555554714 0.45158485797656767 0.5940033768965872 0.7166131602271731 0.841603174930202 1.015769078699044 1.1025103797903222 1.2305595395516118 1.289859265037895
32 288 -0.33571664520328054 -0.14425969579179831 0.057851938545177756 0.29899987241732723 0.7865100464643651 0.8442401650625667 0.8958220444836102 0.9577064823815042 1.0571579841577514 1.1277734618465596 1.2488016912278532
32 288 -0.4374953238241502 -0.18960760892489087 0.10564117887496752 0.2879915625308213 0.6905761039802969 0.7490949611804651 0.7877750422674074 0.9556066623954913 0.9948220446508574 1.1564658514188129 1.4495184052954324
38 342 -0.39502120215797676 -0.0875813640543501 0.10449564195310729 0.26530351362583654 0.679343363302013 0.7119001054868965 0.9151700461636975 1.0285142524863091 1.080538262175573 1.115205299404982 1.3134181579893567
35 315 -0.30946375167055884 -0.16773740095431403 0.12950043077533294 0.3366684113958091 0.6654489535683593 0.7734127008158956 0.8157018543523793 0.9378840827998296 1.0386892254917304 1.12926537826711 1.4352347594532682
38 342 -0.381542459619773 -0.15942658105225718 0.11092934766186391 0.48053918182049576 0.5940033768965872 0.7166131602271731 0.841603174930202 1.015769078699044 1.1025103797903222 1.2305595395516118 1.289859265037895
34 306 -0.33889049055495474 -0.10500027376699314 0.07778963976906801 0.23118588040168317 0.7874806651000452 0.8548992828662179 0.9054971464309987 0.9685958081996787 1.0577021337987318 1.1175407118005627 1.234215317526747
39 351 -0.44462249762147815 -0.13163501209467807 0.07648072825468816 0.3184260104254071 0.679343363302013 0.7119001054868965 0.9151700461636975 1.0285142524863091 1.080538262175573 1.115205299404982 1.3134181579893567
33 297 -0.3549683841528304 -0.19699564343949277 0.04803843752729356 0.35073171788769086 0.7865100464643651 0.8442401650625667 0.8958220444836102 0.9577064823815042 1.0571579841577514 1.1277734618465596 1.2488016912278532
36 324 -0.27341308327461844 -0.18282494227861634 0.1328368035573761 0.33277118824983554 0.7061812127605892 0.7577930062826889 0.7839595379330022 0.9304447621557216 1.1025265132278221 1.1936175912688924 1.344042475250329
33 297 -0.44927108111116926 -0.1934937271546032 0.1311177709852904 0.25143582052796376 0.6905761039802969 0.7490949611804651 0.7877750422674074 0.9556066623954913 0.9948220446508574 1.1564658514188129 1.4495184052954324
39 351 -0.3982037922496969 -0.13949823858043855 0.06361196610327663 0.48851453935839795 0.5940033768965872 0.7166131602271731 0.841603174930202 1.015769078699044 1.1025103797903222 1.2305595395516118 1.289859265037895
40 360 -0.44969026257256905 -0.16060700326322225 0.1030704080740096 0.3344213832635261 0.679343363302013 0.7119001054868965 0.9151700461636975 1.0285142524863091 1.080538262175573 1.115205299404982 1.3134181579893567
35 315 -0.3729253938058284 -0.09644003365948312 0.022877962958825028 0.2520160146690191 0.7874806651000452 0.8548992828662179 0.9054971464309987 0.9685958081996787 1.0577021337987318 1.1175407118005627 1.234215317526747
34 306 -0.3300491665162734 -0.22690244643419039 0.10173865278449756 0.36092323595957426 0.7865100464643651 0.8442401650625667 0.8958220444836102 0.9577064823815042 1.0571579841577514 1.1277734618465596 1.2488016912278532
37 333 -0.28429023650461865 -0.19170375770064985 0.1303762099672364 0.3172011795737374 0.7061812127605892 0.7577930062826889 0.7839595379330022 0.9304447621557216 1.1025265132278221 1.1936175912688924 1.344042475250329
40 360 -0.4416253638726582 -0.12012711086750011 0.07744966930158231 0.5256097324497738 0.5940033768965872 0.7166131602271731 0.841603174930202 1.015769078699044 1.1025103797903222 1.2305595395516118 1.289859265037895
34 306 -0.44338584520183116 -0.20912388929896542 0.14306463193538835 0.2438842665041417 0.6905761039802969 0.7490949611804651 0.7877750422674074 0.9556066623954913 0.9948220446508574 1.1564658514188129 1.4495184052954324
41 369 -0.4672150613894813 -0.20013872141305422 0.11937348536763306 0.35303489212177347 0.679343363302013 0.7119001054868965 0.9151700461636975 1.0285142524863091 1.080538262175573 1.115205299404982 1.3134181579893567
38 342 -0.2868780431412267 -0.14048983425412478 0.11996073246735695 0.33705742512579356 0.7061812127605892 0.7577930062826889 0.7839595379330022 0.9304447621557216 1.1025265132278221 1.1936175912688924 1.344042475250329
36 324 -0.38242440440988573 -0.10133465962648797 0.040408325897003834 0.26723205678101103 0.7510345377097363 0.7838155500006482 0.9253858239360809 0.9541901336784533 1.0663277232344779 1.1012622882413425 1.3057293485068635
41 369 -0.4703983814594724 -0.14125454459193698 0.10060377566394779 0.49236503614629334 0.5940033768965872 0.7166131602271731 0.841603174930202 1.015769078699044 1.1025103797903222 1.2305595395516118 1.289859265037895
35 315 -0.31593918910231983 -0.20965074651645063 0.08453471344163996 0.32166872866594687 0.7865100464643651 0.8442401650625667 0.8958220444836102 0.9577064823815042 1.0571579841577514 1.1277734618465596 1.2488016912278532
42 378 -0.46563921871001096 -0.20037117270284407 0.1349283262571051 0.3746369638174413 0.679343363302013 0.7119001054868965 0.9151700461636975 1.0285142524863091 1.080538262175573 1.115205299404982 1.3134181579893567
39 351 -0.28095320918110556 -0.15698687851588364 0.12112844572316496 0.38640207481986616 0.7061812127605892 0.7577930062826889 0.7839595379330022 0.9304447621557216 1.1025265132278221 1.1936175912688924 1.344042475250329
42 378 -0.4591119541231655 -0.18016607315567845 0.10574966595485832 0.5065780379940868 0.5940033768965872 0.7166131602271731 0.841603174930202 1.015769078699044 1.1025103797903222 1.2305595395516118 1.289859265037895
37 333 -0.4112000515152389 -0.09403228153024597 0.06033013029299185 0.3062706230241053 0.7510345377097363 0.7838155500006482 0.9253858239360809 0.9541901336784533 1.0663277232344779 1.1012622882413425 1.3057293485068635
35 315 -0.46403647972892303 -0.20438167922030823 0.10561448481618027 0.22917486001363616 0.6905761039802969 0.7490949611804651 0.7877750422674074 0.9556066623954913 0.9948220446508574 1.1564658514188129 1.4495184052954324
43 387 -0.46520540596170995 -0.23241581423451407 0.11750685496929683 0.43539059315664624 0.5826235009088805 0.7055040370998896 0.8198218886789064 0.9275677225241714 1.0457628499829261 1.1575074378976498 1.4821878064556855
36 324 -0.3681856272054319 -0.20301893010009142 0.06854439612224653 0.34329206177088933 0.7068065396219194 0.7530431143264339 0.8340536579895225 0.9175455866920984 1.091591785948243 1.1576805652575481 1.365290539454761
40 360 -0.2682099723344017 -0.18610245539430167 0.1567829531652604 0.30891494497377237 0.7061812127605892 0.7577930062826889 0.7839595379330022 0.9304447621557216 1.1025265132278221 1.1936175912688924 1.344042475250329
43 387 -0.4381022767296912 -0.16119266868687587 0.10301388956902578 0.5258711268659999 0.5768671978556976 0.6361799356997815 0.8246876270981499 0.9055553471025481 1.1815087490359995 1.2109931471465272 1.3783656372718667
44 396 -0.45108126806003457 -0.23316296655586177 0.13197666780256415 0.4587802208181038 0.5826235009088805 0.7055040370998896 0.8198218886789064 0.9275677225241714 1.0457628499829261 1.1575074378976498 1.4821878064556855
38 342 -0.3967410806363741 -0.09301554500869741 0.0664441925788079 0.3270799980977744 0.7510345377097363 0.7838155500006482 0.9253858239360809 0.9541901336784533 1.0663277232344779 1.1012622882413425 1.3057293485068635
36 324 -0.475009519129337 -0.21531728144790496 0.136997458749955 0.2946843137454635 0.6297959567225759 0.7314707925341704 0.8695254861955027 0.9788516189461642 1.0539292075844502 1.0829952882141112 1.438901282442518
37 333 -0.3357568085490111 -0.15961532961696595 0.05780824902364881 0.37234542886822974 0.7068065396219194 0.7530431143264339 0.8340536579895225 0.9175455866920984 1.091591785948243 1.1576805652575481 1.365290539454761
44 396 -0.41357499582348767 -0.1683502422106341 0.09858953965451031 0.5284449495526885 0.5768671978556976 0.6361799356997815 0.8246876270981499 0.9055553471025481 1.1815087490359995 1.2109931471465272 1.3783656372718667
41 369 -0.27329508255920515 -0.18117496789190962 0.14398048435585697 0.35089010062541387 0.7061812127605892 0.7577930062826889 0.7839595379330022 0.9304447621557216 1.1025265132278221 1.1936175912688924 1.344042475250329
45 405 -0.4586295293126797 -0.25173209695817195 0.11250224879406438 0.48257559576845777 0.5826235009088805 0.7055040370998896 0.8198218886789064 0.9275677225241714 1.0457628499829261 1.1575074378976498 1.4821878064556855
39 351 -0.3806054597071143 -0.11249955695796879 0.03605583791898048 0.3305799848964242 0.7510345377097363 0.7838155500006482 0.9253858239360809 0.9541901336784533 1.0663277232344779 1.1012622882413425 1.3057293485068635
37 333 -0.46814399886722147 -0.22560564900050295 0.11343645655055526 0.24605108519076002 0.6297959567225759 0.7314707925341704 0.8695254861955027 0.9788516189461642 1.0539292075844502 1.0829952882141112 1.438901282442518
45 405 -0.4544327174261718 -0.1675327878917378 0.11301863957936542 0.5458933925898092 0.5768671978556976 0.6361799356997815 0.8246876270981499 0.9055553471025481 1.1815087490359995 1.2109931471465272 1.3783656372718667
42 378 -0.2609957074758228 -0.2029267523125638 0.12117504682408711 0.3604903017742505 0.7061812127605892 0.7577930062826889 0.7839595379330022 0.9304447621557216 1.1025265132278221 1.1936175912688924 1.344042475250329
46 414 -0.47454554933485366 -0.22676254463099116 0.12209320463537882 0.4695093594733165 0.5826235009088805 0.7055040370998896 0.8198218886789064 0.9275677225241714 1.0457628499829261 1.1575074378976498 1.4821878064556855
38 342 -0.400653739675594 -0.19497376282426793 0.07523274593049109 0.405055799294852 0.7068065396219194 0.7530431143264339 0.8340536579895225 0.9175455866920984 1.091591785948243 1.1576805652575481 1.365290539454761
46 414 -0.4531245204605757 -0.1724216801593389 0.08024295524145485 0.552991245204014 0.5768671978556976 0.6361799356997815 0.8246876270981499 0.9055553471025481 1.1815087490359995 1.2109931471465272 1.3783656372718667
40 360 -0.34599775430862645 -0.14215199655512611 0.08839816372357347 0.31358989191093883 0.7510345377097363 0.7838155500006482 0.9253858239360809 0.9541901336784533 1.0663277232344779 1.1012622882413425 1.3057293485068635
43 387 -0.3204203642757771 -0.17565462192952674 0.12179544692316864 0.3148530918435034 0.7273212684464073 0.7639701320236798 0.7770327046441596 0.8950867417404699 1.111838066488576 1.2109609064720512 1.3340851200048573
38 342 -0.45076160863435083 -0.19806043636431003 0.09033571398845044 0.24639512717345707 0.6297959567225759 0.7314707925341704 0.8695254861955027 0.9788516189461642 1.0539292075844502 1.0829952882141112 1.438901282442518
47 423 -0.4725292971303353 -0.2186984274119292 0.09871527059060205 0.47259373118613773 0.5826235009088805 0.7055040370998896 0.8198218886789064 0.9275677225241714 1.0457628499829261 1.1575074378976498 1.4821878064556855
47 423 -0.4878109286392247 -0.20835787214770526 0.05706390568189046 0.5283274978379464 0.5768671978556976 0.6361799356997815 0.8246876270981499 0.9055553471025481 1.1815087490359995 1.2109931471465272 1.3783656372718667
39 351 -0.47269012396474214 -0.20361058502938684 0.07563971141472435 0.4131495527500976 0.7068065396219194 0.7530431143264339 0.8340536579895225 0.9175455866920984 1.091591785948243 1.1576805652575481 1.365290539454761
44 396 -0.3727380089822311 -0.19460235461511682 0.13687412024159437 0.3232382880018859 0.7273212684464073 0.7639701320236798 0.7770327046441596 0.8950867417404699 1.111838066488576 1.2109609064720512 1.3340851200048573
48 432 -0.48314928435624444 -0.23603953063425526 0.10248370213572344 0.46310495309449995 0.5826235009088805 0.7055040370998896 0.8198218886789064 0.9275677225241714 1.0457628499829261 1.1575074378976498 1.4821878064556855
39 351 -0.44978753412583217 -0.20565336458081118 0.1217951918973201 0.28824768738768874 0.6297959567225759 0.7314707925341704 0.8695254861955027 0.9788516189461642 1.0539292075844502 1.0829952882141112 1.438901282442518
41 369 -0.3650290756684653 -0.1931391827736982 0.1123419836796849 0.289356909776297 0.7510345377097363 0.7838155500006482 0.9253858239360809 0.9541901336784533 1.0663277232344779 1.1012622882413425 1.3057293485068635
48 432 -0.5256940789226041 -0.22160696494820262 0.07625932119094095 0.5864802389321556 0.5768671978556976 0.6361799356997815 0.8246876270981499 0.9055553471025481 1.1815087490359995 1.2109931471465272 1.3783656372718667
49 441 -0.49409973378873157 -0.2309241563248549 0.12378175490622373 0.4823331095501276 0.5826235009088805 0.7055040370998896 0.8198218886789064 0.9275677225241714 1.0457628499829261 1.1575074378976498 1.4821878064556855
45 405 -0.44906165358956096 -0.19362534604291595 0.11834739887718335 0.2955703853876234 0.7273212684464073 0.7639701320236798 0.7770327046441596 0.8950867417404699 1.111838066488576 1.2109609064720512 1.3340851200048573
40 360 -0.46709374832145134 -0.2317205019747253 0.14301289361082084 0.3049512769705977 0.6297959567225759 0.7314707925341704 0.8695254861955027 0.9788516189461642 1.0539292075844502 1.0829952882141112 1.438901282442518
40 360 -0.4856364061669588 -0.15890486602060977 0.07110784121624283 0.4014513504815346 0.7068065396219194 0.7530431143264339 0.8340536579895225 0.9175455866920984 1.091591785948243 1.1576805652575481 1.365290539454761
42 378 -0.3667889326777439 -0.18730052491106836 0.09639256139578409 0.30217656282941596 0.7510345377097363 0.7838155500006482 0.9253858239360809 0.9541901336784533 1.0663277232344779 1.1012622882413425 1.3057293485068635
49 441 -0.5241265497722731 -0.26305231284832475 0.05492943772380076 0.6613131663125459 0.5768671978556976 0.6361799356997815 0.8246876270981499 0.9055553471025481 1.1815087490359995 1.2109931471465272 1.3783656372718667
50 450 -0.473461490641063 -0.25583223243667946 0.09555770531243046 0.4901015338411536 0.5159214772063396 0.6231837564181274 0.7329543530854484 0.9278451235416317 1.1129436425397836 1.3013416155288613 1.4195826239884521
46 414 -0.42733141062248464 -0.20237611751719464 0.1031643612881469 0.31171658153124965 0.7273212684464073 0.7639701320236798 0.7770327046441596 0.8950867417404699 1.111838066488576 1.2109609064720512 1.3340851200048573
41 369 -0.4522741773746668 -0.22588185239532832 0.13588692972754574 0.32493487897153545 0.6297959567225759 0.7314707925341704 0.8695254861955027 0.9788516189461642 1.0539292075844502 1.0829952882141112 1.438901282442518
50 450 -0.547577255646842 -0.21951714977059436 0.021745124052569984 0.6793891023416582 0.46124694620339557 0.6421440074174113 0.733695383287159 0.9519602720599722 1.0708166247583724 1.196003660780844 1.534044345140801
43 387 -0.33631424550726546 -0.20589795686317577 0.08779159983081879 0.37667837342316857 0.6744379712908766 0.7404133281238803 0.8365675661308477 0.9875826625847585 1.0217937818798062 1.1465724256574856 1.4010945215477604
51 459 -0.49940934579771085 -0.28576377019348853 0.08952022718959368 0.46182438356298444 0.5159214772063396 0.6231837564181274 0.7329543530854484 0.9278451235416317 1.1129436425397836 1.3013416155288613 1.4195826239884521
47 423 -0.4469711110253402 -0.21020490730973607 0.12950509001569951 0.30834956905514777 0.7273212684464073 0.7639701320236798 0.7770327046441596 0.8950867417404699 1.111838066488576 1.2109609064720512 1.3340851200048573
41 369 -0.48383508775672573 -0.18284262216542238 0.08455664837459971 0.3448380518241198 0.7068065396219194 0.7530431143264339 0.8340536579895225 0.9175455866920984 1.091591785948243 1.1576805652575481 1.365290539454761
42 378 -0.46892825381232317 -0.23833367600813238 0.1389354294009889 0.3162068019518829 0.6297959567225759 0.7314707925341704 0.8695254861955027 0.9788516189461642 1.0539292075844502 1.0829952882141112 1.438901282442518
51 459 -0.524271048209684 -0.23278175276140506 0.04117617770095409 0.6864629076166557 0.46124694620339557 0.6421440074174113 0.733695383287159 0.9519602720599722 1.0708166247583724 1.196003660780844 1.534044345140801
52 468 -0.508820512533894 -0.2955120100831301 0.06804004649816665 0.46100559381411815 0.5159214772063396 0.6231837564181274 0.7329543530854484 0.9278451235416317 1.1129436425397836 1.3013416155288613 1.4195826239884521
48 432 -0.4495327749668032 -0.21839367080402144 0.13628917992196135 0.328937736971792 0.7273212684464073 0.7639701320236798 0.7770327046441596 0.8950867417404699 1.111838066488576 1.2109609064720512 1.3340851200048573
44 396 -0.37187520076743175 -0.22772855181891416 0.03924590012715004 0.39901015474279755 0.6744379712908766 0.7404133281238803 0.8365675661308477 0.9875826625847585 1.0217937818798062 1.1465724256574856 1.4010945215477604
52 468 -0.5453322172290912 -0.24198735289065354 0.03467845577613724 0.6481487955067345 0.46124694620339557 0.6421440074174113 0.733695383287159 0.9519602720599722 1.0708166247583724 1.196003660780844 1.534044345140801
42 378 -0.4853578505572907 -0.17402954969524081 0.09618334320031668 0.33914885052568294 0.7068065396219194 0.7530431143264339 0.8340536579895225 0.9175455866920984 1.091591785948243 1.1576805652575481 1.365290539454761
43 387 -0.4192080706827403 -0.26106445538067946 0.14661580429221507 0.32380376370929814 0.6398206075616895 0.6665940349884992 0.8104098322532508 0.9791975224822466 1.0767575065104984 1.099413421442281 1.4705691072965263
53 477 -0.527018946669249 -0.27988413971482345 0.09775395838881133 0.4690183687146553 0.5159214772063396 0.6231837564181274 0.7329543530854484 0.9278451235416317 1.1129436425397836 1.3013416155288613 1.4195826239884521
49 441 -0.37100545070218305 -0.20781897598404406 0.11470982458839166 0.3276955607810802 0.7273212684464073 0.7639701320236798 0.7770327046441596 0.8950867417404699 1.111838066488576 1.2109609064720512 1.3340851200048573
45 405 -0.35045416327749107 -0.21549531430110466 0.06202917678245582 0.35929083679900464 0.6744379712908766 0.7404133281238803 0.8365675661308477 0.9875826625847585 1.0217937818798062 1.1465724256574856 1.4010945215477604
53 477 -0.5341720330442261 -0.24917140838785573 0.05825977591067784 0.6224437454324594 0.46124694620339557 0.6421440074174113 0.733695383287159 0.9519602720599722 1.0708166247583724 1.196003660780844 1.534044345140801
54 486 -0.5309052856379944 -0.2587399832103553 0.10232971008689523 0.4649108598987496 0.5159214772063396 0.6231837564181274 0.7329543530854484 0.9278451235416317 1.1129436425397836 1.3013416155288613 1.4195826239884521
44 396 -0.3885263204538462 -0.2462151192803581 0.17358391321720212 0.3224763192986238 0.6398206075616895 0.6665940349884992 0.8104098322532508 0.9791975224822466 1.0767575065104984 1.099413421442281 1.4705691072965263
50 450 -0.38382261599598 -0.22632569566041413 0.12595503463328814 0.3103561518974354 0.6985767692264048 0.7624956613587309 0.838375097742517 0.8725064950054852 1.0139036095279002 1.2146221622949571 1.4011220321631506
43 387 -0.4958320658331881 -0.15745733329318476 0.09768506010066297 0.31016595415582177 0.6622611081597711 0.6882044269730548 0.8584681533434749 0.9071321123983923 1.033137216266673 1.282096114097768 1.34788193037985
54 486 -0.5537879156674964 -0.24329072239221755 0.10252856612822979 0.6387580185048177 0.46124694620339557 0.6421440074174113 0.733695383287159 0.9519602720599722 1.0708166247583724 1.196003660780844 1.534044345140801
46 414 -0.38677714773779615 -0.16225899214471096 0.09235567059777988 0.3155108747387266 0.6744379712908766 0.7404133281238803 0.8365675661308477 0.9875826625847585 1.0217937818798062 1.1465724256574856 1.4010945215477604
55 495 -0.48729162302426926 -0.3025157738432379 0.11881007741721125 0.46848150627138785 0.5159214772063396 0.6231837564181274 0.7329543530854484 0.9278451235416317 1.1129436425397836 1.3013416155288613 1.4195826239884521
45 405 -0.37611687525898985 -0.2689558497417845 0.11657491908501436 0.30698926194820353 0.6398206075616895 0.6665940349884992 0.8104098322532508 0.9791975224822466 1.0767575065104984 1.099413421442281 1.4705691072965263
51 459 -0.3871269159730126 -0.22563168091712799 0.12710557598037603 0.34520292852420575 0.6985767692264048 0.7624956613587309 0.838375097742517 0.8725064950054852 1.0139036095279002 1.2146221622949571 1.4011220321631506
55 495 -0.551436536353025 -0.20562614455606712 0.121372882829791 0.6618682096392849 0.46124694620339557 0.6421440074174113 0.733695383287159 0.9519602720599722 1.0708166247583724 1.196003660780844 1.534044345140801
44 396 -0.49469591417729186 -0.19183707336790545 0.11353963337048381 0.3200107941655318 0.6622611081597711 0.6882044269730548 0.8584681533434749 0.9071321123983923 1.033137216266673 1.282096114097768 1.34788193037985
56 504 -0.5075345435796131 -0.3145404040012032 0.12643076365758904 0.44650520223845447 0.5159214772063396 0.6231837564181274 0.7329543530854484 0.9278451235416317 1.1129436425397836 1.3013416155288613 1.4195826239884521
47 423 -0.4431528125799287 -0.16162549561199163 0.08919767859763478 0.32346348129801966 0.6744379712908766 0.7404133281238803 0.8365675661308477 0.9875826625847585 1.0217937818798062 1.1465724256574856 1.4010945215477604
52 468 -0.39720597458065576 -0.18605413323618125 0.13861333925676234 0.3382884477691478 0.6985767692264048 0.7624956613587309 0.838375097742517 0.8725064950054852 1.0139036095279002 1.2146221622949571 1.4011220321631506
56 504 -0.6041289908838574 -0.20337583859930605 0.08372046045038208 0.6500006179956395 0.46124694620339557 0.6421440074174113 0.733695383287159 0.9519602720599722 1.0708166247583724 1.196003660780844 1.534044345140801
46 414 -0.3300845456730886 -0.2441362661700957 0.11941410661604898 0.2939969815987212 0.6398206075616895 0.6665940349884992 0.8104098322532508 0.9791975224822466 1.0767575065104984 1.099413421442281 1.4705691072965263
57 513 -0.5273169856582284 -0.30383963345915654 0.17025802378304966 0.44672853614682373 0.45321254983489456 0.5838753583915958 0.6488209515513351 0.8154744373912797 1.2133271504350587 1.328502226737746 1.4596711358708947
53 477 -0.34841441807239204 -0.17072314557521423 0.17575951648267477 0.2792172498302825 0.6985767692264048 0.7624956613587309 0.838375097742517 0.8725064950054852 1.0139036095279002 1.2146221622949571 1.4011220321631506
57 513 -0.5979174416781627 -0.17611374938895427 0.1075511142500679 0.6621062169040622 0.46921089921545084 0.6138766039373742 0.8353505050854881 0.9187667324712736 1.014538739451797 1.2732928409424866 1.4867717913349696
45 405 -0.4782753549841943 -0.18796994141827847 0.07376134738431965 0.2998894965039916 0.6622611081597711 0.6882044269730548 0.8584681533434749 0.9071321123983923 1.033137216266673 1.282096114097768 1.34788193037985
48 432 -0.47730231508251236 -0.16518548344299278 0.06390006806921303 0.30845370682493073 0.6744379712908766 0.7404133281238803 0.8365675661308477 0.9875826625847585 1.0217937818798062 1.1465724256574856 1.4010945215477604
47 423 -0.34608323406717706 -0.26809032818449885 0.14804888700215205 0.31792453874374926 0.6398206075616895 0.6665940349884992 0.8104098322532508 0.9791975224822466 1.0767575065104984 1.099413421442281 1.4705691072965263
58 522 -0.5502362412536754 -0.29588617201836653 0.1643888460829585 0.48561468067023034 0.45321254983489456 0.5838753583915958 0.6488209515513351 0.8154744373912797 1.2133271504350587 1.328502226737746 1.4596711358708947
54 486 -0.36563000787381716 -0.17666725155154087 0.1625920615568581 0.2855635759140582 0.6985767692264048 0.7624956613587309 0.838375097742517 0.8725064950054852 1.0139036095279002 1.2146221622949571 1.4011220321631506
58 522 -0.5793962004534955 -0.21330449461988316 0.12058130479820522 0.6771438666138265 0.46921089921545084 0.6138766039373742 0.8353505050854881 0.9187667324712736 1.014538739451797 1.2732928409424866 1.4867717913349696
49 441 -0.4888597700768763 -0.16834693603955894 0.03849213147983718 0.33370773972904405 0.6744379712908766 0.7404133281238803 0.8365675661308477 0.9875826625847585 1.0217937818798062 1.1465724256574856 1.4010945215477604
59 531 -0.5500659374624524 -0.2970089370582346 0.1612578250813791 0.5422729324776174 0.45321254983489456 0.5838753583915958 0.6488209515513351 0.8154744373912797 1.2133271504350587 1.328502226737746 1.4596711358708947
46 414 -0.465791525523776 -0.20914867207220483 0.11020650459000914 0.2781835631639891 0.6622611081597711 0.6882044269730548 0.8584681533434749 0.9071321123983923 1.033137216266673 1.282096114097768 1.34788193037985
48 432 -0.32704797019906967 -0.2596670952745013 0.13645377045905555 0.3758965006535369 0.6398206075616895 0.6665940349884992 0.8104098322532508 0.9791975224822466 1.0767575065104984 1.099413421442281 1.4705691072965263
59 531 -0.578224636297199 -0.2364027616755351 0.11678238492007711 0.6765943342804255 0.46921089921545084 0.6138766039373742 0.8353505050854881 0.9187667324712736 1.014538739451797 1.2732928409424866 1.4867717913349696
55 495 -0.3748682967171351 -0.20314676919441368 0.16525321888924283 0.33336011588313463 0.6985767692264048 0.7624956613587309 0.838375097742517 0.8725064950054852 1.0139036095279002 1.2146221622949571 1.4011220321631506
60 540 -0.5322246342550222 -0.28604323010215166 0.1662653124233137 0.5358657994499856 0.45321254983489456 0.5838753583915958 0.6488209515513351 0.8154744373912797 1.2133271504350587 1.328502226737746 1.4596711358708947
50 450 -0.4870064280573982 -0.16608986586407226 0.06546395379349038 0.30384179706327336 0.6154514077371585 0.7142461133173978 0.8487053895240688 0.9861157856105689 1.0680169779447257 1.1836816229821598 1.369884821334964
60 540 -0.5701481240998472 -0.20983904379817042 0.09600473195965102 0.6410360786639386 0.46921089921545084 0.6138766039373742 0.8353505050854881 0.9187667324712736 1.014538739451797 1.2732928409424866 1.4867717913349696
49 441 -0.4068190263400811 -0.265788510405509 0.1406112015755493 0.3836230340182173 0.6398206075616895 0.6665940349884992 0.8104098322532508 0.9791975224822466 1.0767575065104984 1.099413421442281 1.4705691072965263
56 504 -0.41576095773836996 -0.21147936092031455 0.13811832449550315 0.39785038389929656 0.6985767692264048 0.7624956613587309 0.838375097742517 0.8725064950054852 1.0139036095279002 1.2146221622949571 1.4011220321631506
47 423 -0.475040194787995 -0.19492009806344876 0.09409635491939988 0.27172949565097226 0.6622611081597711 0.6882044269730548 0.8584681533434749 0.9071321123983923 1.033137216266673 1.282096114097768 1.34788193037985
61 549 -0.5532031906679485 -0.3170786724313608 0.22449524013407673 0.5836634265346567 0.45321254983489456 0.5838753583915958 0.6488209515513351 0.8154744373912797 1.2133271504350587 1.328502226737746 1.4596711358708947
61 549 -0.6083942697116457 -0.1997148545810672 0.08168164965444841 0.6929283542383347 0.46921089921545084 0.6138766039373742 0.8353505050854881 0.9187667324712736 1.014538739451797 1.2732928409424866 1.4867717913349696
50 450 -0.428548740679794 -0.24094951661379135 0.12375417995528074 0.41053167083801717 0.5947875879058839 0.6899104444320773 0.8600043540621756 0.8744612758491414 1.0502170113742855 1.2431504979175159 1.4204162631139232
51 459 -0.5224397030545659 -0.15404031260670847 0.06459701272508753 0.3250465617982937 0.6154514077371585 0.7142461133173978 0.8487053895240688 0.9861157856105689 1.0680169779447257 1.1836816229821598 1.369884821334964
57 513 -0.41032778697305705 -0.2183863440384105 0.15360282678172207 0.3900374073133259 0.6557225587574479 0.6835667195415954 0.7073148786687408 0.9365142784610503 1.041670644429478 1.274768330348068 1.419612308695443
62 558 -0.5396696315247316 -0.33091843976382035 0.25719476931815455 0.626897673441984 0.45321254983489456 0.5838753583915958 0.6488209515513351 0.8154744373912797 1.2133271504350587 1.328502226737746 1.4596711358708947
62 558 -0.5971446645685206 -0.21718141951819014 0.07369040584363452 0.6899744826906903 0.46921089921545084 0.6138766039373742 0.8353505050854881 0.9187667324712736 1.014538739451797 1.2732928409424866 1.4867717913349696
48 432 -0.47969273102867427 -0.20573497250309666 0.1068346847938747 0.24867668114957875 0.6622611081597711 0.6882044269730548 0.8584681533434749 0.9071321123983923 1.033137216266673 1.282096114097768 1.34788193037985
58 522 -0.43518839878181204 -0.2144410016944342 0.18483575403714866 0.39458916877683003 0.6557225587574479 0.6835667195415954 0.7073148786687408 0.9365142784610503 1.041670644429478 1.274768330348068 1.419612308695443
51 459 -0.44203058998874295 -0.24828233366350985 0.1375859357811612 0.4556413286277616 0.5947875879058839 0.6899104444320773 0.8600043540621756 0.8744612758491414 1.0502170113742855 1.2431504979175159 1.4204162631139232
52 468 -0.5779323930880286 -0.16618083167462178 0.0542956177085091 0.35909054714969596 0.6154514077371585 0.7142461133173978 0.8487053895240688 0.9861157856105689 1.0680169779447257 1.1836816229821598 1.369884821334964
63 567 -0.5381657753622103 -0.29006994190030155 0.26031411956746886 0.638646920043368 0.45321254983489456 0.5838753583915958 0.6488209515513351 0.8154744373912797 1.2133271504350587 1.328502226737746 1.4596711358708947
63 567 -0.5549704794560548 -0.20849012381964918 0.08581783128021367 0.6968468349298951 0.46921089921545084 0.6138766039373742 0.8353505050854881 0.9187667324712736 1.014538739451797 1.2732928409424866 1.4867717913349696
59 531 -0.45351444734071844 -0.2321272780637529 0.20288331845216173 0.4070993438865593 0.6557225587574479 0.6835667195415954 0.7073148786687408 0.9365142784610503 1.041670644429478 1.274768330348068 1.419612308695443
52 468 -0.460993861077866 -0.2419112546780455 0.12562466653984117 0.46674389934972144 0.5947875879058839 0.6899104444320773 0.8600043540621756 0.8744612758491414 1.0502170113742855 1.2431504979175159 1.4204162631139232
49 441 -0.4518471463604994 -0.18912164347699256 0.10472603249974044 0.2410663663804132 0.6622611081597711 0.6882044269730548 0.8584681533434749 0.9071321123983923 1.033137216266673 1.282096114097768 1.34788193037985
64 576 -0.5013597425781439 -0.30330684946327546 0.26950339344105445 0.6361813489769949 0.41574665739318717 0.5147650932827206 0.5782109234373949 0.8351627526341533 1.188837472521796 1.2798919516712541 1.574448784879769
53 477 -0.6241885180370323 -0.19875235112386958 0.06847685300865106 0.4016607018256124 0.6154514077371585 0.7142461133173978 0.8487053895240688 0.9861157856105689 1.0680169779447257 1.1836816229821598 1.369884821334964
64 576 -0.5741147902745432 -0.21422969371638195 0.07217153159841162 0.7232590716476626 0.4833971311933948 0.5838484428291266 0.8503146540166107 0.9053412729498582 1.053510389123509 1.2495494284543722 1.4871154843778365
60 540 -0.5303261576755873 -0.25580840368801766 0.25410232083385514 0.46433568673583636 0.6557225587574479 0.6835667195415954 0.7073148786687408 0.9365142784610503 1.041670644429478 1.274768330348068 1.419612308695443
65 585 -0.5037871648046313 -0.3192421907528534 0.25121142107184363 0.6891745171136169 0.41574665739318717 0.5147650932827206 0.5782109234373949 0.8351627526341533 1.188837472521796 1.2798919516712541 1.574448784879769
53 477 -0.44265830816383944 -0.25039575189966606 0.1699559537441434 0.5491338427989654 0.5947875879058839 0.6899104444320773 0.8600043540621756 0.8744612758491414 1.0502170113742855 1.2431504979175159 1.4204162631139232
65 585 -0.5582410035957543 -0.23636389779801908 0.08162287762072827 0.7406870935848866 0.4833971311933948 0.5838484428291266 0.8503146540166107 0.9053412729498582 1.053510389123509 1.2495494284543722 1.4871154843778365
54 486 -0.6435905753103719 -0.22306118436247144 0.06058761637377971 0.37645063886901475 0.6154514077371585 0.7142461133173978 0.8487053895240688 0.9861157856105689 1.0680169779447257 1.1836816229821598 1.369884821334964
50 450 -0.396149221910983 -0.18075182181103797 0.1171550065731726 0.249582479894576 0.682725882514798 0.7354182910914514 0.8750776639810812 0.959781693478936 1.0310628111972386 1.2482332677136532 1.298047255717442
61 549 -0.4931032196034047 -0.2544945850498366 0.26295842955856746 0.5144003581421532 0.6557225587574479 0.6835667195415954 0.7073148786687408 0.9365142784610503 1.041670644429478 1.274768330348068 1.419612308695443
66 594 -0.5047578224479635 -0.31875245302440075 0.23127322990736657 0.6557285228979614 0.41574665739318717 0.5147650932827206 0.5782109234373949 0.8351627526341533 1.188837472521796 1.2798919516712541 1.574448784879769
66 594 -0.5297116308776658 -0.27406201279249814 0.12493298445255 0.7363315869331769 0.4833971311933948 0.5838484428291266 0.8503146540166107 0.9053412729498582 1.053510389123509 1.2495494284543722 1.4871154843778365
54 486 -0.4771642448539554 -0.2251243869744539 0.09251093548927602 0.5561420846837534 0.5947875879058839 0.6899104444320773 0.8600043540621756 0.8744612758491414 1.0502170113742855 1.2431504979175159 1.4204162631139232
55 495 -0.6468918857716501 -0.25442787972798964 0.07603046869088843 0.29662109361213024 0.6154514077371585 0.7142461133173978 0.8487053895240688 0.9861157856105689 1.0680169779447257 1.1836816229821598 1.369884821334964
62 558 -0.5127089973188333 -0.24800968415781807 0.3178214783153379 0.5632247865246964 0.6557225587574479 0.6835667195415954 0.7073148786687408 0.9365142784610503 1.041670644429478 1.274768330348068 1.419612308695443
67 603 -0.49943865359887984 -0.29929618766772 0.21104201421221624 0.6800904129062026 0.41574665739318717 0.5147650932827206 0.5782109234373949 0.8351627526341533 1.188837472521796 1.2798919516712541 1.574448784879769
67 603 -0.49943865359887984 -0.29929618766772 0.21104201421221624 0.6800904129062026 0.41574665739318717 0.5147650932827206 0.5782109234373949 0.8351627526341533 1.188837472521796 1.2798919516712541 1.574448784879769
51 459 -0.4289276996139851 -0.17194731274194455 0.14205383711615677 0.26332572358831774 0.682725882514798 0.7354182910914514 0.8750776639810812 0.959781693478936 1.0310628111972386 1.2482332677136532 1.298047255717442
67 603 -0.48814618452798675 -0.3019459480076905 0.1330640762992885 0.741805606217305 0.4833971311933948 0.5838484428291266 0.8503146540166107 0.9053412729498582 1.053510389123509 1.2495494284543722 1.4871154843778365
67 603 -0.48814618452798675 -0.3019459480076905 0.1330640762992885 0.741805606217305 0.4833971311933948 0.5838484428291266 0.8503146540166107 0.9053412729498582 1.053510389123509 1.2495494284543722 1.4871154843778365
55 495 -0.49538590825301604 -0.2216477762220515 0.10396050015364613 0.5784220496626136 0.5947875879058839 0.6899104444320773 0.8600043540621756 0.8744612758491414 1.0502170113742855 1.2431504979175159 1.4204162631139232
56 504 -0.6534255721912268 -0.21921766717587873 0.13984461809449722 0.31230973373586723 0.6154514077371585 0.7142461133173978 0.8487053895240688 0.9861157856105689 1.0680169779447257 1.1836816229821598 1.369884821334964
63 567 -0.5434976049470012 -0.23630431447104278 0.3439535895645665 0.5193297151876134 0.6557225587574479 0.6835667195415954 0.7073148786687408 0.9365142784610503 1.041670644429478 1.274768330348068 1.419612308695443
56 504 -0.5498736381680056 -0.2394303731848429 0.134748209240599 0.5791710573912097 0.5947875879058839 0.6899104444320773 0.8600043540621756 0.8744612758491414 1.0502170113742855 1.2431504979175159 1.4204162631139232
52 468 -0.4871060437817209 -0.21836855868193714 0.11073721166075055 0.32877321451583774 0.682725882514798 0.7354182910914514 0.8750776639810812 0.959781693478936 1.0310628111972386 1.2482332677136532 1.298047255717442
64 576 -0.5630609472069974 -0.25166708533298077 0.32640211425786164 0.504537329711882 0.5710248078365688 0.5942165795164757 0.7273226191375987 0.8501183253599945 0.95416579049599 1.2754173609653132 1.5912310220820642
57 513 -0.6505675293452965 -0.22569038848969322 0.13152470189645424 0.3054790350178398 0.48764828303997865 0.6587636452234311 0.8362468526370461 0.9262145887516154 1.0102563086334397 1.3109201037867486 1.425453619439259
57 513 -0.545204934411041 -0.19983792664967812 0.13235969597753683 0.5658966080840119 0.5427475303167582 0.6323428630402639 0.8133679050420622 0.8564351235770787 1.1313376032790516 1.2951127904309072 1.3975969517415179
65 585 -0.4917537211689203 -0.2407129942465548 0.36204752434975973 0.5296084989709389 0.5710248078365688 0.5942165795164757 0.7273226191375987 0.8501183253599945 0.95416579049599 1.2754173609653132 1.5912310220820642
53 477 -0.5017883711503548 -0.244147472581843 0.14666929083940622 0.31403004855606836 0.682725882514798 0.7354182910914514 0.8750776639810812 0.959781693478936 1.0310628111972386 1.2482332677136532 1.298047255717442
58 522 -0.6537102118154304 -0.22222851532197738 0.08889562353425128 0.34686099958827543 0.48764828303997865 0.6587636452234311 0.8362468526370461 0.9262145887516154 1.0102563086334397 1.3109201037867486 1.425453619439259
58 522 -0.5582611075304877 -0.2008575840541365 0.10060712801578237 0.5515388762774016 0.5427475303167582 0.6323428630402639 0.8133679050420622 0.8564351235770787 1.1313376032790516 1.2951127904309072 1.3975969517415179
66 594 -0.46708726730069133 -0.23434142110370484 0.33351188630729256 0.511326171862825 0.5710248078365688 0.5942165795164757 0.7273226191375987 0.8501183253599945 0.95416579049599 1.2754173609653132 1.5912310220820642
54 486 -0.48474143650890483 -0.24382199845953662 0.12198316800670905 0.3372074931756361 0.682725882514798 0.7354182910914514 0.8750776639810812 0.959781693478936 1.0310628111972386 1.2482332677136532 1.298047255717442
59 531 -0.6506903051121322 -0.17240898073914918 0.08106584013081701 0.3425542690394459 0.48764828303997865 0.6587636452234311 0.8362468526370461 0.9262145887516154 1.0102563086334397 1.3109201037867486 1.425453619439259
67 603 -0.5006148322744814 -0.2430378183558158 0.343980454367832 0.49717925014766545 0.5710248078365688 0.5942165795164757 0.7273226191375987 0.8501183253599945 0.95416579049599 1.2754173609653132 1.5912310220820642
59 531 -0.584850852803053 -0.1887647178160098 0.06801019083467048 0.5776467853076152 0.5427475303167582 0.6323428630402639 0.8133679050420622 0.8564351235770787 1.1313376032790516 1.2951127904309072 1.3975969517415179
67 603 -0.5006148322744814 -0.2430378183558158 0.343980454367832 0.49717925014766545 0.5710248078365688 0.5942165795164757 0.7273226191375987 0.8501183253599945 0.95416579049599 1.2754173609653132 1.5912310220820642
60 540 -0.6609909485138937 -0.19611575915340435 0.05916420261297588 0.39701942068113594 0.48764828303997865 0.6587636452234311 0.8362468526370461 0.9262145887516154 1.0102563086334397 1.3109201037867486 1.425453619439259
60 540 -0.5754418804493077 -0.17717643923379034 0.04691397376860351 0.5912618520995909 0.5427475303167582 0.6323428630402639 0.8133679050420622 0.8564351235770787 1.1313376032790516 1.2951127904309072 1.3975969517415179
55 495 -0.4571943704800241 -0.29078392478814596 0.15229514127298452 0.2570025256425504 0.682725882514798 0.7354182910914514 0.8750776639810812 0.959781693478936 1.0310628111972386 1.2482332677136532 1.298047255717442
61 549 -0.6070332702388714 -0.16415729122620093 0.04025038363665997 0.5449929517237245 0.5427475303167582 0.6323428630402639 0.8133679050420622 0.8564351235770787 1.1313376032790516 1.2951127904309072 1.3975969517415179
61 549 -0.6657201370298973 -0.16941242058641098 0.02275525300331392 0.4430119160608169 0.48764828303997865 0.6587636452234311 0.8362468526370461 0.9262145887516154 1.0102563086334397 1.3109201037867486 1.425453619439259
56 504 -0.5288654066034402 -0.2696296510922025 0.1477749137578117 0.25472903068997804 0.682725882514798 0.7354182910914514 0.8750776639810812 0.959781693478936 1.0310628111972386 1.2482332677136532 1.298047255717442
62 558 -0.5948407274686587 -0.1903767977824041 0.1116437780080125 0.5277421532993913 0.5427475303167582 0.6323428630402639 0.8133679050420622 0.8564351235770787 1.1313376032790516 1.2951127904309072 1.3975969517415179
62 558 -0.6496338968412929 -0.1883854071933857 0.03962383800921439 0.4557295204653043 0.48764828303997865 0.6587636452234311 0.8362468526370461 0.9262145887516154 1.0102563086334397 1.3109201037867486 1.425453619439259
57 513 -0.5765567196232014 -0.25036998512409625 0.12757340149893837 0.24158981030653448 0.6050490003304181 0.6501658200713046 0.8458754283331752 0.9045654015083436 1.0324106655998708 1.1935694165529185 1.4788429846239741
63 567 -0.6321998624792292 -0.23178947179344883 0.11860828014907607 0.5122663524198562 0.5427475303167582 0.6323428630402639 0.8133679050420622 0.8564351235770787 1.1313376032790516 1.2951127904309072 1.3975969517415179
63 567 -0.6105814130546154 -0.1883886822346161 0.0558619826954917 0.4710193255504261 0.48764828303997865 0.6587636452234311 0.8362468526370461 0.9262145887516154 1.0102563086334397 1.3109201037867486 1.425453619439259
64 576 -0.6363271884236127 -0.21153497102002225 0.13704913403738309 0.5522341588641073 0.4208825214877023 0.6135689253502714 0.826097958817695 0.8742143342285921 1.1183900824375885 1.293192943410135 1.4410267769325584
58 522 -0.5655747249588791 -0.24345513029872742 0.1569941398513638 0.28217965208857354 0.6050490003304181 0.6501658200713046 0.8458754283331752 0.9045654015083436 1.0324106655998708 1.1935694165529185 1.4788429846239741
64 576 -0.551296424188243 -0.20200784836114638 0.019401295455898762 0.4725462815980792 0.4734415942826556 0.7147851949854394 0.8617752802658641 0.9748722613192065 1.1006028572993842 1.1530613781134775 1.4251404952050413
65 585 -0.6612850585195946 -0.2140020781463921 0.13604673421744545 0.5681884872815268 0.4208825214877023 0.6135689253502714 0.826097958817695 0.8742143342285921 1.1183900824375885 1.293192943410135 1.4410267769325584
65 585 -0.5234746186406881 -0.2045689299553841 0.050803698467620576 0.4693487322403275 0.4734415942826556 0.7147851949854394 0.8617752802658641 0.9748722613192065 1.1006028572993842 1.1530613781134775 1.4251404952050413
59 531 -0.5264090741448296 -0.24708384346149437 0.14074057560839287 0.27752283576483877 0.6050490003304181 0.6501658200713046 0.8458754283331752 0.9045654015083436 1.0324106655998708 1.1935694165529185 1.4788429846239741
66 594 -0.6520778179554529 -0.20438477482943376 0.05698550160172549 0.5421830904329428 0.4208825214877023 0.6135689253502714 0.826097958817695 0.8742143342285921 1.1183900824375885 1.293192943410135 1.4410267769325584
67 603 -0.6407781448135986 -0.24264217446659583 0.04919516802372918 0.5657510115553512 0.4208825214877023 0.6135689253502714 0.826097958817695 0.8742143342285921 1.1183900824375885 1.293192943410135 1.4410267769325584
67 603 -0.6407781448135986 -0.24264217446659583 0.04919516802372918 0.5657510115553512 0.4208825214877023 0.6135689253502714 0.826097958817695 0.8742143342285921 1.1183900824375885 1.293192943410135 1.4410267769325584
66 594 -0.5648070213819005 -0.19402526733609626 0.028593783631362727 0.42630490326283177 0.4734415942826556 0.7147851949854394 0.8617752802658641 0.9748722613192065 1.1006028572993842 1.1530613781134775 1.4251404952050413
60 540 -0.516358746708989 -0.2370218113403363 0.10974304646452263 0.27624283194342664 0.6050490003304181 0.6501658200713046 0.8458754283331752 0.9045654015083436 1.0324106655998708 1.1935694165529185 1.4788429846239741
67 603 -0.5383651309663939 -0.1872969948571227 0.040978546474900956 0.44640651525145675 0.4734415942826556 0.7147851949854394 0.8617752802658641 0.9748722613192065 1.1006028572993842 1.1530613781134775 1.4251404952050413
67 603 -0.5383651309663939 -0.1872969948571227 0.040978546474900956 0.44640651525145675 0.4734415942826556 0.7147851949854394 0.8617752802658641 0.9748722613192065 1.1006028572993842 1.1530613781134775 1.4251404952050413
61 549 -0.5327452344967581 -0.14983622063950522 0.09034076476445162 0.31143252978275726 0.6050490003304181 0.6501658200713046 0.8458754283331752 0.9045654015083436 1.0324106655998708 1.1935694165529185 1.4788429846239741
62 558 -0.5057259693590035 -0.19506045519061754 0.07018451042040708 0.29518921104483387 0.6050490003304181 0.6501658200713046 0.8458754283331752 0.9045654015083436 1.0324106655998708 1.1935694165529185 1.4788429846239741
63 567 -0.5268847660662274 -0.21294612687042758 0.0959027681880978 0.29826841981185137 0.6050490003304181 0.6501658200713046 0.8458754283331752 0.9045654015083436 1.0324106655998708 1.1935694165529185 1.4788429846239741
64 576 -0.5438518857076732 -0.20038658662482753 0.08893333421834272 0.30090879106713125 0.578049036810202 0.6614601582970568 0.8376402753852619 0.99973062704418 1.0170825232561378 1.1527971389868301 1.4709959584109986
65 585 -0.5685476172857977 -0.1797316094742272 0.098016263475805 0.30525035673835044 0.578049036810202 0.6614601582970568 0.8376402753852619 0.99973062704418 1.0170825232561378 1.1527971389868301 1.4709959584109986
66 594 -0.5307265552142291 -0.15738338637494706 0.11116271606458893 0.25027678681161314 0.578049036810202 0.6614601582970568 0.8376402753852619 0.99973062704418 1.0170825232561378 1.1527971389868301 1.4709959584109986
67 603 -0.5147077054547041 -0.1981375995591852 0.11835784595694142 0.24872754662021754 0.578049036810202 0.6614601582970568 0.8376402753852619 0.99973062704418 1.0170825232561378 1.1527971389868301 1.4709959584109986
67 603 -0.5147077054547041 -0.1981375995591852 0.11835784595694142 0.24872754662021754 0.578049036810202 0.6614601582970568 0.8376402753852619 0.99973062704418 1.0170825232561378 1.1527971389868301 1.4709959584109986
