% # columns="iteration, evaluation, min 25%tile 75%tile max correlation, correlation matrix principal axes lengths  (sorted square roots of eigenvalues of correlation matrix)", seed=2567, Fri Aug 28 18:38:59 2026
1 9 -0.11327771559412578 -0.040531987174192353 0.0370296350379438 0.07706264220371578 0.8828105538039668 0.9689940271173253 0.9863193022900255 0.9899852974743021 1.0256556514688566 1.0400682657754212 1.0932007744943377
2 18 -0.11327771559412578 -0.04053198717419233 0.0370296350379438 0.0770626422037158 0.8828105538039671 0.9689940271173254 0.9863193022900255 0.9899852974743021 1.0256556514688568 1.0400682657754214 1.093200774494338
2 18 -0.11327771559412578 -0.040531987174192353 0.0370296350379438 0.07706264220371578 0.8828105538039668 0.9689940271173253 0.9863193022900255 0.9899852974743021 1.0256556514688566 1.0400682657754212 1.0932007744943377
2 18 -0.11327771559412578 -0.04053198717419236 0.0370296350379438 0.07706264220371577 0.882810553803967 0.9689940271173253 0.9863193022900257 0.9899852974743021 1.0256556514688568 1.0400682657754214 1.093200774494338
2 18 -0.11327771559412578 -0.04053198717419236 0.0370296350379438 0.07706264220371578 0.8828105538039667 0.9689940271173252 0.9863193022900252 0.9899852974743021 1.0256556514688568 1.040068265775421 1.0932007744943375
2 18 -0.1132777155941258 -0.04053198717419246 0.037029635037943806 0.07706264220371578 0.8828105538039667 0.9689940271173254 0.9863193022900254 0.9899852974743022 1.0256556514688568 1.0400682657754214 1.0932007744943377
2 18 -0.11327771559412578 -0.04053198717419246 0.0370296350379438 0.07706264220371578 0.882810553803967 0.9689940271173254 0.9863193022900253 0.9899852974743022 1.0256556514688568 1.040068265775421 1.093200774494338
3 27 -0.11327771559412578 -0.04053198717419233 0.0370296350379438 0.0770626422037158 0.8828105538039671 0.9689940271173254 0.9863193022900255 0.9899852974743021 1.0256556514688568 1.0400682657754214 1.093200774494338
3 27 -0.11327771559412578 -0.040531987174192353 0.0370296350379438 0.07706264220371578 0.8828105538039668 0.9689940271173253 0.9863193022900255 0.9899852974743021 1.0256556514688566 1.0400682657754212 1.0932007744943377
3 27 -0.11327771559412578 -0.04053198717419236 0.0370296350379438 0.07706264220371577 0.882810553803967 0.9689940271173253 0.9863193022900257 0.9899852974743021 1.0256556514688568 1.0400682657754214 1.093200774494338
3 27 -0.11327771559412578 -0.04053198717419236 0.0370296350379438 0.07706264220371578 0.8828105538039667 0.9689940271173252 0.9863193022900252 0.9899852974743021 1.0256556514688568 1.040068265775421 1.0932007744943375
3 27 -0.1132777155941258 -0.04053198717419246 0.037029635037943806 0.07706264220371578 0.8828105538039667 0.9689940271173254 0.9863193022900254 0.9899852974743022 1.0256556514688568 1.0400682657754214 1.0932007744943377
3 27 -0.11327771559412578 -0.04053198717419246 0.0370296350379438 0.07706264220371578 0.882810553803967 0.9689940271173254 0.9863193022900253 0.9899852974743022 1.0256556514688568 1.040068265775421 1.093200774494338
4 36 -0.11327771559412578 -0.04053198717419233 0.0370296350379438 0.0770626422037158 0.8828105538039671 0.9689940271173254 0.9863193022900255 0.9899852974743021 1.0256556514688568 1.0400682657754214 1.093200774494338
4 36 -0.11327771559412578 -0.04053198717419236 0.0370296350379438 0.07706264220371577 0.882810553803967 0.9689940271173253 0.9863193022900257 0.9899852974743021 1.0256556514688568 1.0400682657754214 1.093200774494338
4 36 -0.11327771559412578 -0.04053198717419236 0.0370296350379438 0.07706264220371578 0.8828105538039667 0.9689940271173252 0.9863193022900252 0.9899852974743021 1.0256556514688568 1.040068265775421 1.0932007744943375
5 45 -0.11327771559412578 -0.04053198717419236 0.0370296350379438 0.07706264220371577 0.882810553803967 0.9689940271173253 0.9863193022900257 0.9899852974743021 1.0256556514688568 1.0400682657754214 1.093200774494338
4 36 -0.11327771559412578 -0.040531987174192353 0.0370296350379438 0.07706264220371578 0.8828105538039668 0.9689940271173253 0.9863193022900255 0.9899852974743021 1.0256556514688566 1.0400682657754212 1.0932007744943377
4 36 -0.1132777155941258 -0.04053198717419246 0.037029635037943806 0.07706264220371578 0.8828105538039667 0.9689940271173254 0.9863193022900254 0.9899852974743022 1.0256556514688568 1.0400682657754214 1.0932007744943377
5 45 -0.11327771559412578 -0.04053198717419233 0.0370296350379438 0.0770626422037158 0.8828105538039671 0.9689940271173254 0.9863193022900255 0.9899852974743021 1.0256556514688568 1.0400682657754214 1.093200774494338
4 36 -0.11327771559412578 -0.04053198717419246 0.0370296350379438 0.07706264220371578 0.882810553803967 0.9689940271173254 0.9863193022900253 0.9899852974743022 1.0256556514688568 1.040068265775421 1.093200774494338
6 54 -0.11327771559412578 -0.04053198717419236 0.0370296350379438 0.07706264220371577 0.882810553803967 0.9689940271173253 0.9863193022900257 0.9899852974743021 1.0256556514688568 1.0400682657754214 1.093200774494338
6 54 -0.11327771559412578 -0.04053198717419233 0.0370296350379438 0.0770626422037158 0.8828105538039671 0.9689940271173254 0.9863193022900255 0.9899852974743021 1.0256556514688568 1.0400682657754214 1.093200774494338
5 45 -0.11327771559412578 -0.04053198717419236 0.0370296350379438 0.07706264220371578 0.8828105538039667 0.9689940271173252 0.9863193022900252 0.9899852974743021 1.0256556514688568 1.040068265775421 1.0932007744943375
5 45 -0.11327771559412578 -0.040531987174192353 0.0370296350379438 0.07706264220371578 0.8828105538039668 0.9689940271173253 0.9863193022900255 0.9899852974743021 1.0256556514688566 1.0400682657754212 1.0932007744943377
5 45 -0.1132777155941258 -0.04053198717419246 0.037029635037943806 0.07706264220371578 0.8828105538039667 0.9689940271173254 0.9863193022900254 0.9899852974743022 1.0256556514688568 1.0400682657754214 1.0932007744943377
7 63 -0.11327771559412578 -0.04053198717419236 0.0370296350379438 0.07706264220371577 0.882810553803967 0.9689940271173253 0.9863193022900257 0.9899852974743021 1.0256556514688568 1.0400682657754214 1.093200774494338
5 45 -0.11327771559412578 -0.04053198717419246 0.0370296350379438 0.07706264220371578 0.882810553803967 0.9689940271173254 0.9863193022900253 0.9899852974743022 1.0256556514688568 1.040068265775421 1.093200774494338
7 63 -0.11327771559412578 -0.04053198717419233 0.0370296350379438 0.0770626422037158 0.8828105538039671 0.9689940271173254 0.9863193022900255 0.9899852974743021 1.0256556514688568 1.0400682657754214 1.093200774494338
6 54 -0.11327771559412578 -0.040531987174192353 0.0370296350379438 0.07706264220371578 0.8828105538039668 0.9689940271173253 0.9863193022900255 0.9899852974743021 1.0256556514688566 1.0400682657754212 1.0932007744943377
6 54 -0.11327771559412578 -0.04053198717419236 0.0370296350379438 0.07706264220371578 0.8828105538039667 0.9689940271173252 0.9863193022900252 0.9899852974743021 1.0256556514688568 1.040068265775421 1.0932007744943375
6 54 -0.1132777155941258 -0.04053198717419246 0.037029635037943806 0.07706264220371578 0.8828105538039667 0.9689940271173254 0.9863193022900254 0.9899852974743022 1.0256556514688568 1.0400682657754214 1.0932007744943377
8 72 -0.20938937177637593 -0.07238890305395021 0.13227829427933305 0.23555965150080407 0.7355422599368099 0.8861233924502893 0.9383698485451111 0.9768515661585164 1.048845655921695 1.1455525565582847 1.1944111906925048
8 72 -0.19603783999282404 -0.06198824698731036 0.132827394326383 0.240713370701891 0.7376409217405968 0.8845235317397392 0.9373701876707545 0.9773467695467656 1.0493091156675312 1.1452416119332047 1.1945737506611276
6 54 -0.11327771559412578 -0.04053198717419246 0.0370296350379438 0.07706264220371578 0.882810553803967 0.9689940271173254 0.9863193022900253 0.9899852974743022 1.0256556514688568 1.040068265775421 1.093200774494338
7 63 -0.11327771559412578 -0.040531987174192353 0.0370296350379438 0.07706264220371578 0.8828105538039668 0.9689940271173253 0.9863193022900255 0.9899852974743021 1.0256556514688566 1.0400682657754212 1.0932007744943377
7 63 -0.11327771559412578 -0.04053198717419236 0.0370296350379438 0.07706264220371578 0.8828105538039667 0.9689940271173252 0.9863193022900252 0.9899852974743021 1.0256556514688568 1.040068265775421 1.0932007744943375
7 63 -0.1132777155941258 -0.04053198717419246 0.037029635037943806 0.07706264220371578 0.8828105538039667 0.9689940271173254 0.9863193022900254 0.9899852974743022 1.0256556514688568 1.0400682657754214 1.0932007744943377
9 81 -0.20938937177637593 -0.07238890305395021 0.13227829427933305 0.23555965150080407 0.7355422599368099 0.8861233924502893 0.9383698485451111 0.9768515661585164 1.048845655921695 1.1455525565582847 1.1944111906925048
9 81 -0.19603783999282404 -0.06198824698731036 0.132827394326383 0.240713370701891 0.7376409217405968 0.8845235317397392 0.9373701876707545 0.9773467695467656 1.0493091156675312 1.1452416119332047 1.1945737506611276
8 72 -0.21194677889114816 -0.07178691242668819 0.1284630689704449 0.21545684153845907 0.727274752532926 0.8654547203654817 0.9390936074791456 1.0158045583663875 1.0462135852469046 1.1393997075533828 1.1897517797386288
7 63 -0.11327771559412578 -0.04053198717419246 0.0370296350379438 0.07706264220371578 0.882810553803967 0.9689940271173254 0.9863193022900253 0.9899852974743022 1.0256556514688568 1.040068265775421 1.093200774494338
8 72 -0.20938937177637856 -0.07238890305394374 0.13227829427933085 0.2355596515008104 0.7355422599368102 0.8861233924502901 0.9383698485451082 0.9768515661585169 1.0488456559216917 1.145552556558286 1.1944111906925077
8 72 -0.19603783999282126 -0.06198824698730889 0.1328273943263888 0.2407133707018868 0.7376409217405975 0.8845235317397404 0.9373701876707554 0.9773467695467648 1.049309115667529 1.1452416119332034 1.1945737506611296
10 90 -0.19603783999282404 -0.06198824698731036 0.132827394326383 0.240713370701891 0.7376409217405968 0.8845235317397392 0.9373701876707545 0.9773467695467656 1.0493091156675312 1.1452416119332047 1.1945737506611276
9 81 -0.20938937177637856 -0.07238890305394374 0.13227829427933085 0.2355596515008104 0.7355422599368102 0.8861233924502901 0.9383698485451082 0.9768515661585169 1.0488456559216917 1.145552556558286 1.1944111906925077
9 81 -0.21194677889114816 -0.07178691242668819 0.1284630689704449 0.21545684153845907 0.727274752532926 0.8654547203654817 0.9390936074791456 1.0158045583663875 1.0462135852469046 1.1393997075533828 1.1897517797386288
11 99 -0.19603783999282404 -0.06198824698731036 0.132827394326383 0.240713370701891 0.7376409217405968 0.8845235317397392 0.9373701876707545 0.9773467695467656 1.0493091156675312 1.1452416119332047 1.1945737506611276
10 90 -0.20938937177637593 -0.07238890305395021 0.13227829427933305 0.23555965150080407 0.7355422599368099 0.8861233924502893 0.9383698485451111 0.9768515661585164 1.048845655921695 1.1455525565582847 1.1944111906925048
9 81 -0.19603783999282126 -0.06198824698730889 0.1328273943263888 0.2407133707018868 0.7376409217405975 0.8845235317397404 0.9373701876707554 0.9773467695467648 1.049309115667529 1.1452416119332034 1.1945737506611296
8 72 -0.21194677889114893 -0.07178691242668303 0.12846306897044454 0.21545684153845043 0.7272747525329265 0.8654547203654821 0.9390936074791465 1.0158045583663868 1.046213585246904 1.1393997075533795 1.189751779738631
10 90 -0.20938937177637856 -0.07238890305394374 0.13227829427933085 0.2355596515008104 0.7355422599368102 0.8861233924502901 0.9383698485451082 0.9768515661585169 1.0488456559216917 1.145552556558286 1.1944111906925077
10 90 -0.21194677889114816 -0.07178691242668819 0.1284630689704449 0.21545684153845907 0.727274752532926 0.8654547203654817 0.9390936074791456 1.0158045583663875 1.0462135852469046 1.1393997075533828 1.1897517797386288
10 90 -0.19603783999282126 -0.06198824698730889 0.1328273943263888 0.2407133707018868 0.7376409217405975 0.8845235317397404 0.9373701876707554 0.9773467695467648 1.049309115667529 1.1452416119332034 1.1945737506611296
11 99 -0.20938937177637856 -0.07238890305394374 0.13227829427933085 0.2355596515008104 0.7355422599368102 0.8861233924502901 0.9383698485451082 0.9768515661585169 1.0488456559216917 1.145552556558286 1.1944111906925077
9 81 -0.21194677889114893 -0.07178691242668303 0.12846306897044454 0.21545684153845043 0.7272747525329265 0.8654547203654821 0.9390936074791465 1.0158045583663868 1.046213585246904 1.1393997075533795 1.189751779738631
11 99 -0.20938937177637593 -0.07238890305395021 0.13227829427933305 0.23555965150080407 0.7355422599368099 0.8861233924502893 0.9383698485451111 0.9768515661585164 1.048845655921695 1.1455525565582847 1.1944111906925048
12 108 -0.19603783999282404 -0.06198824698731036 0.132827394326383 0.240713370701891 0.7376409217405968 0.8845235317397392 0.9373701876707545 0.9773467695467656 1.0493091156675312 1.1452416119332047 1.1945737506611276
10 90 -0.21194677889114893 -0.07178691242668303 0.12846306897044454 0.21545684153845043 0.7272747525329265 0.8654547203654821 0.9390936074791465 1.0158045583663868 1.046213585246904 1.1393997075533795 1.189751779738631
11 99 -0.21194677889114816 -0.07178691242668819 0.1284630689704449 0.21545684153845907 0.727274752532926 0.8654547203654817 0.9390936074791456 1.0158045583663875 1.0462135852469046 1.1393997075533828 1.1897517797386288
12 108 -0.20938937177637856 -0.07238890305394374 0.13227829427933085 0.2355596515008104 0.7355422599368102 0.8861233924502901 0.9383698485451082 0.9768515661585169 1.0488456559216917 1.145552556558286 1.1944111906925077
13 117 -0.19603783999282404 -0.06198824698731036 0.132827394326383 0.240713370701891 0.7376409217405968 0.8845235317397392 0.9373701876707545 0.9773467695467656 1.0493091156675312 1.1452416119332047 1.1945737506611276
12 108 -0.21194677889114816 -0.07178691242668819 0.1284630689704449 0.21545684153845907 0.727274752532926 0.8654547203654817 0.9390936074791456 1.0158045583663875 1.0462135852469046 1.1393997075533828 1.1897517797386288
11 99 -0.19603783999282126 -0.06198824698730889 0.1328273943263888 0.2407133707018868 0.7376409217405975 0.8845235317397404 0.9373701876707554 0.9773467695467648 1.049309115667529 1.1452416119332034 1.1945737506611296
11 99 -0.21194677889114893 -0.07178691242668303 0.12846306897044454 0.21545684153845043 0.7272747525329265 0.8654547203654821 0.9390936074791465 1.0158045583663868 1.046213585246904 1.1393997075533795 1.189751779738631
13 117 -0.20938937177637856 -0.07238890305394374 0.13227829427933085 0.2355596515008104 0.7355422599368102 0.8861233924502901 0.9383698485451082 0.9768515661585169 1.0488456559216917 1.145552556558286 1.1944111906925077
12 108 -0.20938937177637593 -0.07238890305395021 0.13227829427933305 0.23555965150080407 0.7355422599368099 0.8861233924502893 0.9383698485451111 0.9768515661585164 1.048845655921695 1.1455525565582847 1.1944111906925048
14 126 -0.19603783999282404 -0.06198824698731036 0.132827394326383 0.240713370701891 0.7376409217405968 0.8845235317397392 0.9373701876707545 0.9773467695467656 1.0493091156675312 1.1452416119332047 1.1945737506611276
12 108 -0.21194677889114893 -0.07178691242668303 0.12846306897044454 0.21545684153845043 0.7272747525329265 0.8654547203654821 0.9390936074791465 1.0158045583663868 1.046213585246904 1.1393997075533795 1.189751779738631
13 117 -0.21194677889114816 -0.07178691242668819 0.1284630689704449 0.21545684153845907 0.727274752532926 0.8654547203654817 0.9390936074791456 1.0158045583663875 1.0462135852469046 1.1393997075533828 1.1897517797386288
13 117 -0.21194677889114893 -0.07178691242668303 0.12846306897044454 0.21545684153845043 0.7272747525329265 0.8654547203654821 0.9390936074791465 1.0158045583663868 1.046213585246904 1.1393997075533795 1.189751779738631
12 108 -0.19603783999282126 -0.06198824698730889 0.1328273943263888 0.2407133707018868 0.7376409217405975 0.8845235317397404 0.9373701876707554 0.9773467695467648 1.049309115667529 1.1452416119332034 1.1945737506611296
14 126 -0.20938937177637856 -0.07238890305394374 0.13227829427933085 0.2355596515008104 0.7355422599368102 0.8861233924502901 0.9383698485451082 0.9768515661585169 1.0488456559216917 1.145552556558286 1.1944111906925077
13 117 -0.20938937177637593 -0.07238890305395021 0.13227829427933305 0.23555965150080407 0.7355422599368099 0.8861233924502893 0.9383698485451111 0.9768515661585164 1.048845655921695 1.1455525565582847 1.1944111906925048
14 126 -0.21194677889114893 -0.07178691242668303 0.12846306897044454 0.21545684153845043 0.7272747525329265 0.8654547203654821 0.9390936074791465 1.0158045583663868 1.046213585246904 1.1393997075533795 1.189751779738631
14 126 -0.21194677889114816 -0.07178691242668819 0.1284630689704449 0.21545684153845907 0.727274752532926 0.8654547203654817 0.9390936074791456 1.0158045583663875 1.0462135852469046 1.1393997075533828 1.1897517797386288
15 135 -0.33680373725686463 -0.11966071842191914 0.14028653989006945 0.33947872110133004 0.6963241939194504 0.7995717944310413 0.9078170605181517 0.953972490338756 1.0716398032006729 1.1085385373096326 1.3282893804880214
13 117 -0.19603783999282126 -0.06198824698730889 0.1328273943263888 0.2407133707018868 0.7376409217405975 0.8845235317397404 0.9373701876707554 0.9773467695467648 1.049309115667529 1.1452416119332034 1.1945737506611296
15 135 -0.2637045911017618 -0.12915922575705724 0.05493085612028644 0.26630335902116753 0.7423794118987742 0.7956975300930677 0.8732221130762187 0.9779538978310992 1.0730675820558824 1.1751077346595291 1.2507898866829623
15 135 -0.16978454130013249 -0.08574604917441478 0.08764789573258713 0.2793781336718293 0.7182079117298491 0.8461738549899482 0.9049302742754887 0.9894785804671902 1.09350807779424 1.1704969433198764 1.1850643567477652
16 144 -0.33680373725686463 -0.11966071842191914 0.14028653989006945 0.33947872110133004 0.6963241939194504 0.7995717944310413 0.9078170605181517 0.953972490338756 1.0716398032006729 1.1085385373096326 1.3282893804880214
14 126 -0.20938937177637593 -0.07238890305395021 0.13227829427933305 0.23555965150080407 0.7355422599368099 0.8861233924502893 0.9383698485451111 0.9768515661585164 1.048845655921695 1.1455525565582847 1.1944111906925048
16 144 -0.16978454130013249 -0.08574604917441478 0.08764789573258713 0.2793781336718293 0.7182079117298491 0.8461738549899482 0.9049302742754887 0.9894785804671902 1.09350807779424 1.1704969433198764 1.1850643567477652
15 135 -0.2637045911017631 -0.12915922575704994 0.05493085612029883 0.26630335902116586 0.7423794118987725 0.7956975300930715 0.8732221130762193 0.9779538978311001 1.0730675820558773 1.1751077346595327 1.2507898866829608
17 153 -0.16978454130013249 -0.08574604917441478 0.08764789573258713 0.2793781336718293 0.7182079117298491 0.8461738549899482 0.9049302742754887 0.9894785804671902 1.09350807779424 1.1704969433198764 1.1850643567477652
15 135 -0.16978454130014775 -0.08574604917441203 0.08764789573258652 0.2793781336718102 0.7182079117298533 0.8461738549899491 0.9049302742754852 0.9894785804671887 1.0935080777942467 1.1704969433198733 1.1850643567477628
16 144 -0.2637045911017618 -0.12915922575705724 0.05493085612028644 0.26630335902116753 0.7423794118987742 0.7956975300930677 0.8732221130762187 0.9779538978310992 1.0730675820558824 1.1751077346595291 1.2507898866829623
14 126 -0.19603783999282126 -0.06198824698730889 0.1328273943263888 0.2407133707018868 0.7376409217405975 0.8845235317397404 0.9373701876707554 0.9773467695467648 1.049309115667529 1.1452416119332034 1.1945737506611296
16 144 -0.2637045911017631 -0.12915922575704994 0.05493085612029883 0.26630335902116586 0.7423794118987725 0.7956975300930715 0.8732221130762193 0.9779538978311001 1.0730675820558773 1.1751077346595327 1.2507898866829608
17 153 -0.33680373725686463 -0.11966071842191914 0.14028653989006945 0.33947872110133004 0.6963241939194504 0.7995717944310413 0.9078170605181517 0.953972490338756 1.0716398032006729 1.1085385373096326 1.3282893804880214
16 144 -0.16978454130014775 -0.08574604917441203 0.08764789573258652 0.2793781336718102 0.7182079117298533 0.8461738549899491 0.9049302742754852 0.9894785804671887 1.0935080777942467 1.1704969433198733 1.1850643567477628
17 153 -0.2637045911017618 -0.12915922575705724 0.05493085612028644 0.26630335902116753 0.7423794118987742 0.7956975300930677 0.8732221130762187 0.9779538978310992 1.0730675820558824 1.1751077346595291 1.2507898866829623
18 162 -0.16978454130013249 -0.08574604917441478 0.08764789573258713 0.2793781336718293 0.7182079117298491 0.8461738549899482 0.9049302742754887 0.9894785804671902 1.09350807779424 1.1704969433198764 1.1850643567477652
15 135 -0.3368037372568634 -0.11966071842191614 0.1402865398900725 0.3394787211013357 0.6963241939194525 0.7995717944310425 0.9078170605181479 0.9539724903387536 1.0716398032006738 1.108538537309639 1.3282893804880176
17 153 -0.2637045911017631 -0.12915922575704994 0.05493085612029883 0.26630335902116586 0.7423794118987725 0.7956975300930715 0.8732221130762193 0.9779538978311001 1.0730675820558773 1.1751077346595327 1.2507898866829608
18 162 -0.33680373725686463 -0.11966071842191914 0.14028653989006945 0.33947872110133004 0.6963241939194504 0.7995717944310413 0.9078170605181517 0.953972490338756 1.0716398032006729 1.1085385373096326 1.3282893804880214
19 171 -0.16978454130013249 -0.08574604917441478 0.08764789573258713 0.2793781336718293 0.7182079117298491 0.8461738549899482 0.9049302742754887 0.9894785804671902 1.09350807779424 1.1704969433198764 1.1850643567477652
17 153 -0.16978454130014775 -0.08574604917441203 0.08764789573258652 0.2793781336718102 0.7182079117298533 0.8461738549899491 0.9049302742754852 0.9894785804671887 1.0935080777942467 1.1704969433198733 1.1850643567477628
16 144 -0.3368037372568634 -0.11966071842191614 0.1402865398900725 0.3394787211013357 0.6963241939194525 0.7995717944310425 0.9078170605181479 0.9539724903387536 1.0716398032006738 1.108538537309639 1.3282893804880176
18 162 -0.2637045911017618 -0.12915922575705724 0.05493085612028644 0.26630335902116753 0.7423794118987742 0.7956975300930677 0.8732221130762187 0.9779538978310992 1.0730675820558824 1.1751077346595291 1.2507898866829623
19 171 -0.33680373725686463 -0.11966071842191914 0.14028653989006945 0.33947872110133004 0.6963241939194504 0.7995717944310413 0.9078170605181517 0.953972490338756 1.0716398032006729 1.1085385373096326 1.3282893804880214
18 162 -0.2637045911017631 -0.12915922575704994 0.05493085612029883 0.26630335902116586 0.7423794118987725 0.7956975300930715 0.8732221130762193 0.9779538978311001 1.0730675820558773 1.1751077346595327 1.2507898866829608
20 180 -0.16978454130013249 -0.08574604917441478 0.08764789573258713 0.2793781336718293 0.7182079117298491 0.8461738549899482 0.9049302742754887 0.9894785804671902 1.09350807779424 1.1704969433198764 1.1850643567477652
18 162 -0.16978454130014775 -0.08574604917441203 0.08764789573258652 0.2793781336718102 0.7182079117298533 0.8461738549899491 0.9049302742754852 0.9894785804671887 1.0935080777942467 1.1704969433198733 1.1850643567477628
19 171 -0.2637045911017618 -0.12915922575705724 0.05493085612028644 0.26630335902116753 0.7423794118987742 0.7956975300930677 0.8732221130762187 0.9779538978310992 1.0730675820558824 1.1751077346595291 1.2507898866829623
17 153 -0.3368037372568634 -0.11966071842191614 0.1402865398900725 0.3394787211013357 0.6963241939194525 0.7995717944310425 0.9078170605181479 0.9539724903387536 1.0716398032006738 1.108538537309639 1.3282893804880176
20 180 -0.33680373725686463 -0.11966071842191914 0.14028653989006945 0.33947872110133004 0.6963241939194504 0.7995717944310413 0.9078170605181517 0.953972490338756 1.0716398032006729 1.1085385373096326 1.3282893804880214
19 171 -0.2637045911017631 -0.12915922575704994 0.05493085612029883 0.26630335902116586 0.7423794118987725 0.7956975300930715 0.8732221130762193 0.9779538978311001 1.0730675820558773 1.1751077346595327 1.2507898866829608
20 180 -0.2637045911017618 -0.12915922575705724 0.05493085612028644 0.26630335902116753 0.7423794118987742 0.7956975300930677 0.8732221130762187 0.9779538978310992 1.0730675820558824 1.1751077346595291 1.2507898866829623
21 189 -0.33680373725686463 -0.11966071842191914 0.14028653989006945 0.33947872110133004 0.6963241939194504 0.7995717944310413 0.9078170605181517 0.953972490338756 1.0716398032006729 1.1085385373096326 1.3282893804880214
19 171 -0.16978454130014775 -0.08574604917441203 0.08764789573258652 0.2793781336718102 0.7182079117298533 0.8461738549899491 0.9049302742754852 0.9894785804671887 1.0935080777942467 1.1704969433198733 1.1850643567477628
18 162 -0.3368037372568634 -0.11966071842191614 0.1402865398900725 0.3394787211013357 0.6963241939194525 0.7995717944310425 0.9078170605181479 0.9539724903387536 1.0716398032006738 1.108538537309639 1.3282893804880176
21 189 -0.16978454130013249 -0.08574604917441478 0.08764789573258713 0.2793781336718293 0.7182079117298491 0.8461738549899482 0.9049302742754887 0.9894785804671902 1.09350807779424 1.1704969433198764 1.1850643567477652
20 180 -0.2637045911017631 -0.12915922575704994 0.05493085612029883 0.26630335902116586 0.7423794118987725 0.7956975300930715 0.8732221130762193 0.9779538978311001 1.0730675820558773 1.1751077346595327 1.2507898866829608
21 189 -0.2637045911017618 -0.12915922575705724 0.05493085612028644 0.26630335902116753 0.7423794118987742 0.7956975300930677 0.8732221130762187 0.9779538978310992 1.0730675820558824 1.1751077346595291 1.2507898866829623
21 189 -0.2637045911017631 -0.12915922575704994 0.05493085612029883 0.26630335902116586 0.7423794118987725 0.7956975300930715 0.8732221130762193 0.9779538978311001 1.0730675820558773 1.1751077346595327 1.2507898866829608
22 198 -0.36584546460929973 -0.09747202073905864 0.07314024629722563 0.4377358547176684 0.6372353636048147 0.7934888210588094 0.8523749222614717 0.9297162024468447 1.0946408279882687 1.23738595623144 1.2821968686812775
20 180 -0.16978454130014775 -0.08574604917441203 0.08764789573258652 0.2793781336718102 0.7182079117298533 0.8461738549899491 0.9049302742754852 0.9894785804671887 1.0935080777942467 1.1704969433198733 1.1850643567477628
22 198 -0.27088576494450045 -0.08790095950460947 0.03164293572454434 0.2743546227327942 0.7413780651440726 0.797501921989184 0.8725366356334578 1.0071253545958865 1.1070791711154437 1.15487526816347 1.2162920752932007
22 198 -0.25548279943477564 -0.12111348014834004 0.08878099601731554 0.3035615821859271 0.6955091751993052 0.7851808060125267 0.8949923997301935 0.95854488285549 1.0399799794680569 1.1999682720980671 1.2878106185784632
19 171 -0.3368037372568634 -0.11966071842191614 0.1402865398900725 0.3394787211013357 0.6963241939194525 0.7995717944310425 0.9078170605181479 0.9539724903387536 1.0716398032006738 1.108538537309639 1.3282893804880176
23 207 -0.36584546460929973 -0.09747202073905864 0.07314024629722563 0.4377358547176684 0.6372353636048147 0.7934888210588094 0.8523749222614717 0.9297162024468447 1.0946408279882687 1.23738595623144 1.2821968686812775
22 198 -0.177263267899674 -0.06187256866982095 0.10754619039715738 0.2550772531424825 0.7071238155033119 0.8578895519683698 0.86991345344338 1.029126814525492 1.1024978797818041 1.1119107544820668 1.2232346089193693
21 189 -0.16978454130014775 -0.08574604917441203 0.08764789573258652 0.2793781336718102 0.7182079117298533 0.8461738549899491 0.9049302742754852 0.9894785804671887 1.0935080777942467 1.1704969433198733 1.1850643567477628
23 207 -0.27088576494450045 -0.08790095950460947 0.03164293572454434 0.2743546227327942 0.7413780651440726 0.797501921989184 0.8725366356334578 1.0071253545958865 1.1070791711154437 1.15487526816347 1.2162920752932007
23 207 -0.25548279943477564 -0.12111348014834004 0.08878099601731554 0.3035615821859271 0.6955091751993052 0.7851808060125267 0.8949923997301935 0.95854488285549 1.0399799794680569 1.1999682720980671 1.2878106185784632
20 180 -0.3368037372568634 -0.11966071842191614 0.1402865398900725 0.3394787211013357 0.6963241939194525 0.7995717944310425 0.9078170605181479 0.9539724903387536 1.0716398032006738 1.108538537309639 1.3282893804880176
23 207 -0.177263267899674 -0.06187256866982095 0.10754619039715738 0.2550772531424825 0.7071238155033119 0.8578895519683698 0.86991345344338 1.029126814525492 1.1024978797818041 1.1119107544820668 1.2232346089193693
24 216 -0.27088576494450045 -0.08790095950460947 0.03164293572454434 0.2743546227327942 0.7413780651440726 0.797501921989184 0.8725366356334578 1.0071253545958865 1.1070791711154437 1.15487526816347 1.2162920752932007
24 216 -0.36584546460929973 -0.09747202073905864 0.07314024629722563 0.4377358547176684 0.6372353636048147 0.7934888210588094 0.8523749222614717 0.9297162024468447 1.0946408279882687 1.23738595623144 1.2821968686812775
22 198 -0.1772632678996661 -0.06187256866982314 0.10754619039714641 0.2550772531424521 0.7071238155033103 0.8578895519683697 0.869913453443394 1.0291268145255004 1.1024978797817884 1.1119107544820634 1.22323460891937
24 216 -0.25548279943477564 -0.12111348014834004 0.08878099601731554 0.3035615821859271 0.6955091751993052 0.7851808060125267 0.8949923997301935 0.95854488285549 1.0399799794680569 1.1999682720980671 1.2878106185784632
21 189 -0.3368037372568634 -0.11966071842191614 0.1402865398900725 0.3394787211013357 0.6963241939194525 0.7995717944310425 0.9078170605181479 0.9539724903387536 1.0716398032006738 1.108538537309639 1.3282893804880176
25 225 -0.27088576494450045 -0.08790095950460947 0.03164293572454434 0.2743546227327942 0.7413780651440726 0.797501921989184 0.8725366356334578 1.0071253545958865 1.1070791711154437 1.15487526816347 1.2162920752932007
24 216 -0.177263267899674 -0.06187256866982095 0.10754619039715738 0.2550772531424825 0.7071238155033119 0.8578895519683698 0.86991345344338 1.029126814525492 1.1024978797818041 1.1119107544820668 1.2232346089193693
25 225 -0.25548279943477564 -0.12111348014834004 0.08878099601731554 0.3035615821859271 0.6955091751993052 0.7851808060125267 0.8949923997301935 0.95854488285549 1.0399799794680569 1.1999682720980671 1.2878106185784632
25 225 -0.36584546460929973 -0.09747202073905864 0.07314024629722563 0.4377358547176684 0.6372353636048147 0.7934888210588094 0.8523749222614717 0.9297162024468447 1.0946408279882687 1.23738595623144 1.2821968686812775
22 198 -0.3658454646092981 -0.09747202073905299 0.07314024629723166 0.43773585471768195 0.637235363604813 0.7934888210588086 0.8523749222614683 0.9297162024468427 1.0946408279882684 1.2373859562314495 1.2821968686812726
26 234 -0.27088576494450045 -0.08790095950460947 0.03164293572454434 0.2743546227327942 0.7413780651440726 0.797501921989184 0.8725366356334578 1.0071253545958865 1.1070791711154437 1.15487526816347 1.2162920752932007
23 207 -0.1772632678996661 -0.06187256866982314 0.10754619039714641 0.2550772531424521 0.7071238155033103 0.8578895519683697 0.869913453443394 1.0291268145255004 1.1024978797817884 1.1119107544820634 1.22323460891937
25 225 -0.177263267899674 -0.06187256866982095 0.10754619039715738 0.2550772531424825 0.7071238155033119 0.8578895519683698 0.86991345344338 1.029126814525492 1.1024978797818041 1.1119107544820668 1.2232346089193693
26 234 -0.25548279943477564 -0.12111348014834004 0.08878099601731554 0.3035615821859271 0.6955091751993052 0.7851808060125267 0.8949923997301935 0.95854488285549 1.0399799794680569 1.1999682720980671 1.2878106185784632
23 207 -0.3658454646092981 -0.09747202073905299 0.07314024629723166 0.43773585471768195 0.637235363604813 0.7934888210588086 0.8523749222614683 0.9297162024468427 1.0946408279882684 1.2373859562314495 1.2821968686812726
27 243 -0.27088576494450045 -0.08790095950460947 0.03164293572454434 0.2743546227327942 0.7413780651440726 0.797501921989184 0.8725366356334578 1.0071253545958865 1.1070791711154437 1.15487526816347 1.2162920752932007
26 234 -0.36584546460929973 -0.09747202073905864 0.07314024629722563 0.4377358547176684 0.6372353636048147 0.7934888210588094 0.8523749222614717 0.9297162024468447 1.0946408279882687 1.23738595623144 1.2821968686812775
24 216 -0.1772632678996661 -0.06187256866982314 0.10754619039714641 0.2550772531424521 0.7071238155033103 0.8578895519683697 0.869913453443394 1.0291268145255004 1.1024978797817884 1.1119107544820634 1.22323460891937
26 234 -0.177263267899674 -0.06187256866982095 0.10754619039715738 0.2550772531424825 0.7071238155033119 0.8578895519683698 0.86991345344338 1.029126814525492 1.1024978797818041 1.1119107544820668 1.2232346089193693
28 252 -0.27088576494450045 -0.08790095950460947 0.03164293572454434 0.2743546227327942 0.7413780651440726 0.797501921989184 0.8725366356334578 1.0071253545958865 1.1070791711154437 1.15487526816347 1.2162920752932007
24 216 -0.3658454646092981 -0.09747202073905299 0.07314024629723166 0.43773585471768195 0.637235363604813 0.7934888210588086 0.8523749222614683 0.9297162024468427 1.0946408279882684 1.2373859562314495 1.2821968686812726
27 243 -0.25548279943477564 -0.12111348014834004 0.08878099601731554 0.3035615821859271 0.6955091751993052 0.7851808060125267 0.8949923997301935 0.95854488285549 1.0399799794680569 1.1999682720980671 1.2878106185784632
27 243 -0.36584546460929973 -0.09747202073905864 0.07314024629722563 0.4377358547176684 0.6372353636048147 0.7934888210588094 0.8523749222614717 0.9297162024468447 1.0946408279882687 1.23738595623144 1.2821968686812775
25 225 -0.1772632678996661 -0.06187256866982314 0.10754619039714641 0.2550772531424521 0.7071238155033103 0.8578895519683697 0.869913453443394 1.0291268145255004 1.1024978797817884 1.1119107544820634 1.22323460891937
27 243 -0.177263267899674 -0.06187256866982095 0.10754619039715738 0.2550772531424825 0.7071238155033119 0.8578895519683698 0.86991345344338 1.029126814525492 1.1024978797818041 1.1119107544820668 1.2232346089193693
28 252 -0.25548279943477564 -0.12111348014834004 0.08878099601731554 0.3035615821859271 0.6955091751993052 0.7851808060125267 0.8949923997301935 0.95854488285549 1.0399799794680569 1.1999682720980671 1.2878106185784632
25 225 -0.3658454646092981 -0.09747202073905299 0.07314024629723166 0.43773585471768195 0.637235363604813 0.7934888210588086 0.8523749222614683 0.9297162024468427 1.0946408279882684 1.2373859562314495 1.2821968686812726
29 261 -0.26224586229549496 -0.19165353975845117 0.08337565755841445 0.3306863416329231 0.7559366087474797 0.8028371860982622 0.8388234550062054 0.9482059451445428 0.9744338358221483 1.2046235104890486 1.3344114398037645
28 252 -0.36584546460929973 -0.09747202073905864 0.07314024629722563 0.4377358547176684 0.6372353636048147 0.7934888210588094 0.8523749222614717 0.9297162024468447 1.0946408279882687 1.23738595623144 1.2821968686812775
26 234 -0.1772632678996661 -0.06187256866982314 0.10754619039714641 0.2550772531424521 0.7071238155033103 0.8578895519683697 0.869913453443394 1.0291268145255004 1.1024978797817884 1.1119107544820634 1.22323460891937
29 261 -0.39922931130412376 -0.16857263270921247 0.12794870913864537 0.37096843160071824 0.5947765253158894 0.6772477553743054 0.8367412449075724 0.9519190721987061 1.0736639282210856 1.2654147293956535 1.3517625026956093
28 252 -0.177263267899674 -0.06187256866982095 0.10754619039715738 0.2550772531424825 0.7071238155033119 0.8578895519683698 0.86991345344338 1.029126814525492 1.1024978797818041 1.1119107544820668 1.2232346089193693
30 270 -0.26224586229549496 -0.19165353975845117 0.08337565755841445 0.3306863416329231 0.7559366087474797 0.8028371860982622 0.8388234550062054 0.9482059451445428 0.9744338358221483 1.2046235104890486 1.3344114398037645
26 234 -0.3658454646092981 -0.09747202073905299 0.07314024629723166 0.43773585471768195 0.637235363604813 0.7934888210588086 0.8523749222614683 0.9297162024468427 1.0946408279882684 1.2373859562314495 1.2821968686812726
29 261 -0.2506426958258452 -0.14518852401389762 0.11469809608088852 0.42183464831451684 0.6017336316887734 0.8179435375953158 0.8797170867960595 0.9545516451058413 1.1366288433365452 1.171498440141482 1.2725880272370114
27 243 -0.1772632678996661 -0.06187256866982314 0.10754619039714641 0.2550772531424521 0.7071238155033103 0.8578895519683697 0.869913453443394 1.0291268145255004 1.1024978797817884 1.1119107544820634 1.22323460891937
30 270 -0.39922931130412376 -0.16857263270921247 0.12794870913864537 0.37096843160071824 0.5947765253158894 0.6772477553743054 0.8367412449075724 0.9519190721987061 1.0736639282210856 1.2654147293956535 1.3517625026956093
31 279 -0.26224586229549496 -0.19165353975845117 0.08337565755841445 0.3306863416329231 0.7559366087474797 0.8028371860982622 0.8388234550062054 0.9482059451445428 0.9744338358221483 1.2046235104890486 1.3344114398037645
29 261 -0.19889079881632177 -0.03046259648576881 0.10285397597773553 0.27437093189743456 0.7668548372495897 0.8609137235557679 0.9164470366099757 0.9973897947767975 1.0624368597776244 1.118814762920752 1.2064746540232745
27 243 -0.3658454646092981 -0.09747202073905299 0.07314024629723166 0.43773585471768195 0.637235363604813 0.7934888210588086 0.8523749222614683 0.9297162024468427 1.0946408279882684 1.2373859562314495 1.2821968686812726
31 279 -0.39922931130412376 -0.16857263270921247 0.12794870913864537 0.37096843160071824 0.5947765253158894 0.6772477553743054 0.8367412449075724 0.9519190721987061 1.0736639282210856 1.2654147293956535 1.3517625026956093
28 252 -0.1772632678996661 -0.06187256866982314 0.10754619039714641 0.2550772531424521 0.7071238155033103 0.8578895519683697 0.869913453443394 1.0291268145255004 1.1024978797817884 1.1119107544820634 1.22323460891937
32 288 -0.26224586229549496 -0.19165353975845117 0.08337565755841445 0.3306863416329231 0.7559366087474797 0.8028371860982622 0.8388234550062054 0.9482059451445428 0.9744338358221483 1.2046235104890486 1.3344114398037645
30 270 -0.2506426958258452 -0.14518852401389762 0.11469809608088852 0.42183464831451684 0.6017336316887734 0.8179435375953158 0.8797170867960595 0.9545516451058413 1.1366288433365452 1.171498440141482 1.2725880272370114
28 252 -0.3658454646092981 -0.09747202073905299 0.07314024629723166 0.43773585471768195 0.637235363604813 0.7934888210588086 0.8523749222614683 0.9297162024468427 1.0946408279882684 1.2373859562314495 1.2821968686812726
32 288 -0.39922931130412376 -0.16857263270921247 0.12794870913864537 0.37096843160071824 0.5947765253158894 0.6772477553743054 0.8367412449075724 0.9519190721987061 1.0736639282210856 1.2654147293956535 1.3517625026956093
30 270 -0.19889079881632177 -0.03046259648576881 0.10285397597773553 0.27437093189743456 0.7668548372495897 0.8609137235557679 0.9164470366099757 0.9973897947767975 1.0624368597776244 1.118814762920752 1.2064746540232745
33 297 -0.26224586229549496 -0.19165353975845117 0.08337565755841445 0.3306863416329231 0.7559366087474797 0.8028371860982622 0.8388234550062054 0.9482059451445428 0.9744338358221483 1.2046235104890486 1.3344114398037645
29 261 -0.1652324699271452 -0.030920354705268792 0.08839645260739376 0.31164831012792354 0.7574087620329553 0.8379171294604248 0.9204885284254215 1.0145730589720199 1.0697310302089822 1.1266749192774146 1.1974340807230806
31 279 -0.2506426958258452 -0.14518852401389762 0.11469809608088852 0.42183464831451684 0.6017336316887734 0.8179435375953158 0.8797170867960595 0.9545516451058413 1.1366288433365452 1.171498440141482 1.2725880272370114
33 297 -0.39922931130412376 -0.16857263270921247 0.12794870913864537 0.37096843160071824 0.5947765253158894 0.6772477553743054 0.8367412449075724 0.9519190721987061 1.0736639282210856 1.2654147293956535 1.3517625026956093
29 261 -0.28708326082137425 -0.09297039199979204 0.10724584201414694 0.3706293848051977 0.6038547449205021 0.7744828542362824 0.9095217483126122 0.9601006211472484 1.1268028039264901 1.2000175014013907 1.2557014691174877
34 306 -0.26224586229549496 -0.19165353975845117 0.08337565755841445 0.3306863416329231 0.7559366087474797 0.8028371860982622 0.8388234550062054 0.9482059451445428 0.9744338358221483 1.2046235104890486 1.3344114398037645
31 279 -0.19889079881632177 -0.03046259648576881 0.10285397597773553 0.27437093189743456 0.7668548372495897 0.8609137235557679 0.9164470366099757 0.9973897947767975 1.0624368597776244 1.118814762920752 1.2064746540232745
32 288 -0.2506426958258452 -0.14518852401389762 0.11469809608088852 0.42183464831451684 0.6017336316887734 0.8179435375953158 0.8797170867960595 0.9545516451058413 1.1366288433365452 1.171498440141482 1.2725880272370114
34 306 -0.39922931130412376 -0.16857263270921247 0.12794870913864537 0.37096843160071824 0.5947765253158894 0.6772477553743054 0.8367412449075724 0.9519190721987061 1.0736639282210856 1.2654147293956535 1.3517625026956093
30 270 -0.1652324699271452 -0.030920354705268792 0.08839645260739376 0.31164831012792354 0.7574087620329553 0.8379171294604248 0.9204885284254215 1.0145730589720199 1.0697310302089822 1.1266749192774146 1.1974340807230806
35 315 -0.26224586229549496 -0.19165353975845117 0.08337565755841445 0.3306863416329231 0.7559366087474797 0.8028371860982622 0.8388234550062054 0.9482059451445428 0.9744338358221483 1.2046235104890486 1.3344114398037645
30 270 -0.28708326082137425 -0.09297039199979204 0.10724584201414694 0.3706293848051977 0.6038547449205021 0.7744828542362824 0.9095217483126122 0.9601006211472484 1.1268028039264901 1.2000175014013907 1.2557014691174877
35 315 -0.39922931130412376 -0.16857263270921247 0.12794870913864537 0.37096843160071824 0.5947765253158894 0.6772477553743054 0.8367412449075724 0.9519190721987061 1.0736639282210856 1.2654147293956535 1.3517625026956093
32 288 -0.19889079881632177 -0.03046259648576881 0.10285397597773553 0.27437093189743456 0.7668548372495897 0.8609137235557679 0.9164470366099757 0.9973897947767975 1.0624368597776244 1.118814762920752 1.2064746540232745
33 297 -0.2506426958258452 -0.14518852401389762 0.11469809608088852 0.42183464831451684 0.6017336316887734 0.8179435375953158 0.8797170867960595 0.9545516451058413 1.1366288433365452 1.171498440141482 1.2725880272370114
36 324 -0.2628041896969686 -0.15648300894409178 0.09433275688326684 0.31453016017819946 0.6699121741189159 0.8256332811414243 0.8560317311001049 0.8770310711903935 1.0240310931537455 1.2723689095784065 1.3038447828433808
31 279 -0.1652324699271452 -0.030920354705268792 0.08839645260739376 0.31164831012792354 0.7574087620329553 0.8379171294604248 0.9204885284254215 1.0145730589720199 1.0697310302089822 1.1266749192774146 1.1974340807230806
36 324 -0.5015070981422283 -0.060549678359497906 0.14795880612238096 0.42345089194901364 0.6529984009651038 0.6945745684999487 0.8082387870892604 0.8934570598884766 1.0634775606201963 1.232578209444319 1.4104645468675927
31 279 -0.28708326082137425 -0.09297039199979204 0.10724584201414694 0.3706293848051977 0.6038547449205021 0.7744828542362824 0.9095217483126122 0.9601006211472484 1.1268028039264901 1.2000175014013907 1.2557014691174877
37 333 -0.2628041896969686 -0.15648300894409178 0.09433275688326684 0.31453016017819946 0.6699121741189159 0.8256332811414243 0.8560317311001049 0.8770310711903935 1.0240310931537455 1.2723689095784065 1.3038447828433808
34 306 -0.2506426958258452 -0.14518852401389762 0.11469809608088852 0.42183464831451684 0.6017336316887734 0.8179435375953158 0.8797170867960595 0.9545516451058413 1.1366288433365452 1.171498440141482 1.2725880272370114
33 297 -0.19889079881632177 -0.03046259648576881 0.10285397597773553 0.27437093189743456 0.7668548372495897 0.8609137235557679 0.9164470366099757 0.9973897947767975 1.0624368597776244 1.118814762920752 1.2064746540232745
37 333 -0.5015070981422283 -0.060549678359497906 0.14795880612238096 0.42345089194901364 0.6529984009651038 0.6945745684999487 0.8082387870892604 0.8934570598884766 1.0634775606201963 1.232578209444319 1.4104645468675927
32 288 -0.1652324699271452 -0.030920354705268792 0.08839645260739376 0.31164831012792354 0.7574087620329553 0.8379171294604248 0.9204885284254215 1.0145730589720199 1.0697310302089822 1.1266749192774146 1.1974340807230806
32 288 -0.28708326082137425 -0.09297039199979204 0.10724584201414694 0.3706293848051977 0.6038547449205021 0.7744828542362824 0.9095217483126122 0.9601006211472484 1.1268028039264901 1.2000175014013907 1.2557014691174877
38 342 -0.2628041896969686 -0.15648300894409178 0.09433275688326684 0.31453016017819946 0.6699121741189159 0.8256332811414243 0.8560317311001049 0.8770310711903935 1.0240310931537455 1.2723689095784065 1.3038447828433808
35 315 -0.2506426958258452 -0.14518852401389762 0.11469809608088852 0.42183464831451684 0.6017336316887734 0.8179435375953158 0.8797170867960595 0.9545516451058413 1.1366288433365452 1.171498440141482 1.2725880272370114
38 342 -0.5015070981422283 -0.060549678359497906 0.14795880612238096 0.42345089194901364 0.6529984009651038 0.6945745684999487 0.8082387870892604 0.8934570598884766 1.0634775606201963 1.232578209444319 1.4104645468675927
34 306 -0.19889079881632177 -0.03046259648576881 0.10285397597773553 0.27437093189743456 0.7668548372495897 0.8609137235557679 0.9164470366099757 0.9973897947767975 1.0624368597776244 1.118814762920752 1.2064746540232745
39 351 -0.2628041896969686 -0.15648300894409178 0.09433275688326684 0.31453016017819946 0.6699121741189159 0.8256332811414243 0.8560317311001049 0.8770310711903935 1.0240310931537455 1.2723689095784065 1.3038447828433808
33 297 -0.1652324699271452 -0.030920354705268792 0.08839645260739376 0.31164831012792354 0.7574087620329553 0.8379171294604248 0.9204885284254215 1.0145730589720199 1.0697310302089822 1.1266749192774146 1.1974340807230806
36 324 -0.2826221650336398 -0.1270164288114299 0.16775614615179807 0.3120530378383368 0.6626881434600023 0.7508937253664525 0.8411653297329473 0.9710521508340212 1.1663258380100878 1.174285902067826 1.2677690270445672
33 297 -0.28708326082137425 -0.09297039199979204 0.10724584201414694 0.3706293848051977 0.6038547449205021 0.7744828542362824 0.9095217483126122 0.9601006211472484 1.1268028039264901 1.2000175014013907 1.2557014691174877
39 351 -0.5015070981422283 -0.060549678359497906 0.14795880612238096 0.42345089194901364 0.6529984009651038 0.6945745684999487 0.8082387870892604 0.8934570598884766 1.0634775606201963 1.232578209444319 1.4104645468675927
40 360 -0.2628041896969686 -0.15648300894409178 0.09433275688326684 0.31453016017819946 0.6699121741189159 0.8256332811414243 0.8560317311001049 0.8770310711903935 1.0240310931537455 1.2723689095784065 1.3038447828433808
35 315 -0.19889079881632177 -0.03046259648576881 0.10285397597773553 0.27437093189743456 0.7668548372495897 0.8609137235557679 0.9164470366099757 0.9973897947767975 1.0624368597776244 1.118814762920752 1.2064746540232745
34 306 -0.1652324699271452 -0.030920354705268792 0.08839645260739376 0.31164831012792354 0.7574087620329553 0.8379171294604248 0.9204885284254215 1.0145730589720199 1.0697310302089822 1.1266749192774146 1.1974340807230806
37 333 -0.2826221650336398 -0.1270164288114299 0.16775614615179807 0.3120530378383368 0.6626881434600023 0.7508937253664525 0.8411653297329473 0.9710521508340212 1.1663258380100878 1.174285902067826 1.2677690270445672
40 360 -0.5015070981422283 -0.060549678359497906 0.14795880612238096 0.42345089194901364 0.6529984009651038 0.6945745684999487 0.8082387870892604 0.8934570598884766 1.0634775606201963 1.232578209444319 1.4104645468675927
34 306 -0.28708326082137425 -0.09297039199979204 0.10724584201414694 0.3706293848051977 0.6038547449205021 0.7744828542362824 0.9095217483126122 0.9601006211472484 1.1268028039264901 1.2000175014013907 1.2557014691174877
41 369 -0.2628041896969686 -0.15648300894409178 0.09433275688326684 0.31453016017819946 0.6699121741189159 0.8256332811414243 0.8560317311001049 0.8770310711903935 1.0240310931537455 1.2723689095784065 1.3038447828433808
38 342 -0.2826221650336398 -0.1270164288114299 0.16775614615179807 0.3120530378383368 0.6626881434600023 0.7508937253664525 0.8411653297329473 0.9710521508340212 1.1663258380100878 1.174285902067826 1.2677690270445672
36 324 -0.2838717227364761 -0.07080314336567892 0.12181004882931713 0.3364420345716368 0.6988250099317956 0.86599277987586 0.8867992089224379 1.0069528716691287 1.0397350800645997 1.165535520007094 1.233617081137171
41 369 -0.5015070981422283 -0.060549678359497906 0.14795880612238096 0.42345089194901364 0.6529984009651038 0.6945745684999487 0.8082387870892604 0.8934570598884766 1.0634775606201963 1.232578209444319 1.4104645468675927
35 315 -0.1652324699271452 -0.030920354705268792 0.08839645260739376 0.31164831012792354 0.7574087620329553 0.8379171294604248 0.9204885284254215 1.0145730589720199 1.0697310302089822 1.1266749192774146 1.1974340807230806
42 378 -0.2628041896969686 -0.15648300894409178 0.09433275688326684 0.31453016017819946 0.6699121741189159 0.8256332811414243 0.8560317311001049 0.8770310711903935 1.0240310931537455 1.2723689095784065 1.3038447828433808
39 351 -0.2826221650336398 -0.1270164288114299 0.16775614615179807 0.3120530378383368 0.6626881434600023 0.7508937253664525 0.8411653297329473 0.9710521508340212 1.1663258380100878 1.174285902067826 1.2677690270445672
42 378 -0.5015070981422283 -0.060549678359497906 0.14795880612238096 0.42345089194901364 0.6529984009651038 0.6945745684999487 0.8082387870892604 0.8934570598884766 1.0634775606201963 1.232578209444319 1.4104645468675927
37 333 -0.2838717227364761 -0.07080314336567892 0.12181004882931713 0.3364420345716368 0.6988250099317956 0.86599277987586 0.8867992089224379 1.0069528716691287 1.0397350800645997 1.165535520007094 1.233617081137171
35 315 -0.28708326082137425 -0.09297039199979204 0.10724584201414694 0.3706293848051977 0.6038547449205021 0.7744828542362824 0.9095217483126122 0.9601006211472484 1.1268028039264901 1.2000175014013907 1.2557014691174877
43 387 -0.2670007276354457 -0.1202246782616324 0.19688656833877838 0.46023179370175304 0.541178291671456 0.7501512813752722 0.8453262846813941 0.9954924836394649 1.062451159454932 1.1880144241081458 1.377910215145582
36 324 -0.2294561884190341 -0.04546853144232621 0.1659690153177336 0.3605286470274729 0.6552695817918475 0.7901960992238852 0.8360433078276808 1.0079537521545687 1.0794935240472698 1.2030257847969257 1.2722796129615204
40 360 -0.2826221650336398 -0.1270164288114299 0.16775614615179807 0.3120530378383368 0.6626881434600023 0.7508937253664525 0.8411653297329473 0.9710521508340212 1.1663258380100878 1.174285902067826 1.2677690270445672
43 387 -0.5462299655148282 -0.11684300398941125 0.185282348909868 0.44188681717643274 0.5916617649608235 0.6868554909123583 0.7009312247017194 0.9689872549804003 1.0462834174182003 1.304658198380266 1.396811728274621
44 396 -0.2670007276354457 -0.1202246782616324 0.19688656833877838 0.46023179370175304 0.541178291671456 0.7501512813752722 0.8453262846813941 0.9954924836394649 1.062451159454932 1.1880144241081458 1.377910215145582
38 342 -0.2838717227364761 -0.07080314336567892 0.12181004882931713 0.3364420345716368 0.6988250099317956 0.86599277987586 0.8867992089224379 1.0069528716691287 1.0397350800645997 1.165535520007094 1.233617081137171
36 324 -0.27270553768442746 -0.08188075540214461 0.17372627708536187 0.4468262168845569 0.5891030694028788 0.8218933355623098 0.8515437625405573 0.9574772745939185 1.0386932375453835 1.2328759525075283 1.317836352396983
37 333 -0.2294561884190341 -0.04546853144232621 0.1659690153177336 0.3605286470274729 0.6552695817918475 0.7901960992238852 0.8360433078276808 1.0079537521545687 1.0794935240472698 1.2030257847969257 1.2722796129615204
44 396 -0.5462299655148282 -0.11684300398941125 0.185282348909868 0.44188681717643274 0.5916617649608235 0.6868554909123583 0.7009312247017194 0.9689872549804003 1.0462834174182003 1.304658198380266 1.396811728274621
41 369 -0.2826221650336398 -0.1270164288114299 0.16775614615179807 0.3120530378383368 0.6626881434600023 0.7508937253664525 0.8411653297329473 0.9710521508340212 1.1663258380100878 1.174285902067826 1.2677690270445672
45 405 -0.2670007276354457 -0.1202246782616324 0.19688656833877838 0.46023179370175304 0.541178291671456 0.7501512813752722 0.8453262846813941 0.9954924836394649 1.062451159454932 1.1880144241081458 1.377910215145582
39 351 -0.2838717227364761 -0.07080314336567892 0.12181004882931713 0.3364420345716368 0.6988250099317956 0.86599277987586 0.8867992089224379 1.0069528716691287 1.0397350800645997 1.165535520007094 1.233617081137171
37 333 -0.27270553768442746 -0.08188075540214461 0.17372627708536187 0.4468262168845569 0.5891030694028788 0.8218933355623098 0.8515437625405573 0.9574772745939185 1.0386932375453835 1.2328759525075283 1.317836352396983
45 405 -0.5462299655148282 -0.11684300398941125 0.185282348909868 0.44188681717643274 0.5916617649608235 0.6868554909123583 0.7009312247017194 0.9689872549804003 1.0462834174182003 1.304658198380266 1.396811728274621
42 378 -0.2826221650336398 -0.1270164288114299 0.16775614615179807 0.3120530378383368 0.6626881434600023 0.7508937253664525 0.8411653297329473 0.9710521508340212 1.1663258380100878 1.174285902067826 1.2677690270445672
46 414 -0.2670007276354457 -0.1202246782616324 0.19688656833877838 0.46023179370175304 0.541178291671456 0.7501512813752722 0.8453262846813941 0.9954924836394649 1.062451159454932 1.1880144241081458 1.377910215145582
38 342 -0.2294561884190341 -0.04546853144232621 0.1659690153177336 0.3605286470274729 0.6552695817918475 0.7901960992238852 0.8360433078276808 1.0079537521545687 1.0794935240472698 1.2030257847969257 1.2722796129615204
46 414 -0.5462299655148282 -0.11684300398941125 0.185282348909868 0.44188681717643274 0.5916617649608235 0.6868554909123583 0.7009312247017194 0.9689872549804003 1.0462834174182003 1.304658198380266 1.396811728274621
40 360 -0.2838717227364761 -0.07080314336567892 0.12181004882931713 0.3364420345716368 0.6988250099317956 0.86599277987586 0.8867992089224379 1.0069528716691287 1.0397350800645997 1.165535520007094 1.233617081137171
43 387 -0.25098192289289983 -0.11401963984824537 0.1718195136011581 0.29600405139124775 0.6655568945107351 0.7520096379504646 0.8288472464654542 1.0149941824626343 1.1623214138739062 1.2007682320004456 1.217160285279292
38 342 -0.27270553768442746 -0.08188075540214461 0.17372627708536187 0.4468262168845569 0.5891030694028788 0.8218933355623098 0.8515437625405573 0.9574772745939185 1.0386932375453835 1.2328759525075283 1.317836352396983
47 423 -0.2670007276354457 -0.1202246782616324 0.19688656833877838 0.46023179370175304 0.541178291671456 0.7501512813752722 0.8453262846813941 0.9954924836394649 1.062451159454932 1.1880144241081458 1.377910215145582
47 423 -0.5462299655148282 -0.11684300398941125 0.185282348909868 0.44188681717643274 0.5916617649608235 0.6868554909123583 0.7009312247017194 0.9689872549804003 1.0462834174182003 1.304658198380266 1.396811728274621
39 351 -0.2294561884190341 -0.04546853144232621 0.1659690153177336 0.3605286470274729 0.6552695817918475 0.7901960992238852 0.8360433078276808 1.0079537521545687 1.0794935240472698 1.2030257847969257 1.2722796129615204
44 396 -0.25098192289289983 -0.11401963984824537 0.1718195136011581 0.29600405139124775 0.6655568945107351 0.7520096379504646 0.8288472464654542 1.0149941824626343 1.1623214138739062 1.2007682320004456 1.217160285279292
48 432 -0.2670007276354457 -0.1202246782616324 0.19688656833877838 0.46023179370175304 0.541178291671456 0.7501512813752722 0.8453262846813941 0.9954924836394649 1.062451159454932 1.1880144241081458 1.377910215145582
39 351 -0.27270553768442746 -0.08188075540214461 0.17372627708536187 0.4468262168845569 0.5891030694028788 0.8218933355623098 0.8515437625405573 0.9574772745939185 1.0386932375453835 1.2328759525075283 1.317836352396983
41 369 -0.2838717227364761 -0.07080314336567892 0.12181004882931713 0.3364420345716368 0.6988250099317956 0.86599277987586 0.8867992089224379 1.0069528716691287 1.0397350800645997 1.165535520007094 1.233617081137171
48 432 -0.5462299655148282 -0.11684300398941125 0.185282348909868 0.44188681717643274 0.5916617649608235 0.6868554909123583 0.7009312247017194 0.9689872549804003 1.0462834174182003 1.304658198380266 1.396811728274621
49 441 -0.2670007276354457 -0.1202246782616324 0.19688656833877838 0.46023179370175304 0.541178291671456 0.7501512813752722 0.8453262846813941 0.9954924836394649 1.062451159454932 1.1880144241081458 1.377910215145582
45 405 -0.25098192289289983 -0.11401963984824537 0.1718195136011581 0.29600405139124775 0.6655568945107351 0.7520096379504646 0.8288472464654542 1.0149941824626343 1.1623214138739062 1.2007682320004456 1.217160285279292
40 360 -0.27270553768442746 -0.08188075540214461 0.17372627708536187 0.4468262168845569 0.5891030694028788 0.8218933355623098 0.8515437625405573 0.9574772745939185 1.0386932375453835 1.2328759525075283 1.317836352396983
40 360 -0.2294561884190341 -0.04546853144232621 0.1659690153177336 0.3605286470274729 0.6552695817918475 0.7901960992238852 0.8360433078276808 1.0079537521545687 1.0794935240472698 1.2030257847969257 1.2722796129615204
42 378 -0.2838717227364761 -0.07080314336567892 0.12181004882931713 0.3364420345716368 0.6988250099317956 0.86599277987586 0.8867992089224379 1.0069528716691287 1.0397350800645997 1.165535520007094 1.233617081137171
49 441 -0.5462299655148282 -0.11684300398941125 0.185282348909868 0.44188681717643274 0.5916617649608235 0.6868554909123583 0.7009312247017194 0.9689872549804003 1.0462834174182003 1.304658198380266 1.396811728274621
50 450 -0.4832305660540954 -0.08013238365670622 0.2668052196662404 0.49488414209347864 0.5199564331979099 0.599416093492904 0.7582620142938512 0.9388254157713275 1.149089284077227 1.2422059357669806 1.4319599998543273
46 414 -0.25098192289289983 -0.11401963984824537 0.1718195136011581 0.29600405139124775 0.6655568945107351 0.7520096379504646 0.8288472464654542 1.0149941824626343 1.1623214138739062 1.2007682320004456 1.217160285279292
41 369 -0.27270553768442746 -0.08188075540214461 0.17372627708536187 0.4468262168845569 0.5891030694028788 0.8218933355623098 0.8515437625405573 0.9574772745939185 1.0386932375453835 1.2328759525075283 1.317836352396983
50 450 -0.6055421913208541 -0.050365069569156234 0.19132246923238105 0.5612024139389786 0.4459582298972425 0.6544417930635413 0.8009623723588049 0.9096272025817317 1.0826207121765885 1.2535750530131984 1.469811827104611
43 387 -0.3831116044645984 -0.11422373129473498 0.12989972804651123 0.331774058426607 0.6380899589750618 0.7755978139115837 0.8851306535621013 0.9149602516447167 1.0801143490130705 1.2088304182435972 1.3201373838850343
51 459 -0.4832305660540954 -0.08013238365670622 0.2668052196662404 0.49488414209347864 0.5199564331979099 0.599416093492904 0.7582620142938512 0.9388254157713275 1.149089284077227 1.2422059357669806 1.4319599998543273
47 423 -0.25098192289289983 -0.11401963984824537 0.1718195136011581 0.29600405139124775 0.6655568945107351 0.7520096379504646 0.8288472464654542 1.0149941824626343 1.1623214138739062 1.2007682320004456 1.217160285279292
41 369 -0.2294561884190341 -0.04546853144232621 0.1659690153177336 0.3605286470274729 0.6552695817918475 0.7901960992238852 0.8360433078276808 1.0079537521545687 1.0794935240472698 1.2030257847969257 1.2722796129615204
42 378 -0.27270553768442746 -0.08188075540214461 0.17372627708536187 0.4468262168845569 0.5891030694028788 0.8218933355623098 0.8515437625405573 0.9574772745939185 1.0386932375453835 1.2328759525075283 1.317836352396983
51 459 -0.6055421913208541 -0.050365069569156234 0.19132246923238105 0.5612024139389786 0.4459582298972425 0.6544417930635413 0.8009623723588049 0.9096272025817317 1.0826207121765885 1.2535750530131984 1.469811827104611
52 468 -0.4832305660540954 -0.08013238365670622 0.2668052196662404 0.49488414209347864 0.5199564331979099 0.599416093492904 0.7582620142938512 0.9388254157713275 1.149089284077227 1.2422059357669806 1.4319599998543273
48 432 -0.25098192289289983 -0.11401963984824537 0.1718195136011581 0.29600405139124775 0.6655568945107351 0.7520096379504646 0.8288472464654542 1.0149941824626343 1.1623214138739062 1.2007682320004456 1.217160285279292
44 396 -0.3831116044645984 -0.11422373129473498 0.12989972804651123 0.331774058426607 0.6380899589750618 0.7755978139115837 0.8851306535621013 0.9149602516447167 1.0801143490130705 1.2088304182435972 1.3201373838850343
52 468 -0.6055421913208541 -0.050365069569156234 0.19132246923238105 0.5612024139389786 0.4459582298972425 0.6544417930635413 0.8009623723588049 0.9096272025817317 1.0826207121765885 1.2535750530131984 1.469811827104611
42 378 -0.2294561884190341 -0.04546853144232621 0.1659690153177336 0.3605286470274729 0.6552695817918475 0.7901960992238852 0.8360433078276808 1.0079537521545687 1.0794935240472698 1.2030257847969257 1.2722796129615204
43 387 -0.27104027947709425 -0.05938579454195562 0.23324409291319992 0.4099885438144318 0.5792797000058793 0.7996784347320074 0.8040044209824138 0.8711898614975369 1.0961624771100948 1.2987754123878856 1.3157373592031356
53 477 -0.4832305660540954 -0.08013238365670622 0.2668052196662404 0.49488414209347864 0.5199564331979099 0.599416093492904 0.7582620142938512 0.9388254157713275 1.149089284077227 1.2422059357669806 1.4319599998543273
49 441 -0.25098192289289983 -0.11401963984824537 0.1718195136011581 0.29600405139124775 0.6655568945107351 0.7520096379504646 0.8288472464654542 1.0149941824626343 1.1623214138739062 1.2007682320004456 1.217160285279292
45 405 -0.3831116044645984 -0.11422373129473498 0.12989972804651123 0.331774058426607 0.6380899589750618 0.7755978139115837 0.8851306535621013 0.9149602516447167 1.0801143490130705 1.2088304182435972 1.3201373838850343
53 477 -0.6055421913208541 -0.050365069569156234 0.19132246923238105 0.5612024139389786 0.4459582298972425 0.6544417930635413 0.8009623723588049 0.9096272025817317 1.0826207121765885 1.2535750530131984 1.469811827104611
54 486 -0.4832305660540954 -0.08013238365670622 0.2668052196662404 0.49488414209347864 0.5199564331979099 0.599416093492904 0.7582620142938512 0.9388254157713275 1.149089284077227 1.2422059357669806 1.4319599998543273
44 396 -0.27104027947709425 -0.05938579454195562 0.23324409291319992 0.4099885438144318 0.5792797000058793 0.7996784347320074 0.8040044209824138 0.8711898614975369 1.0961624771100948 1.2987754123878856 1.3157373592031356
50 450 -0.21223296916898166 -0.1490287123362121 0.149719283005408 0.31544419966641857 0.6318360917090787 0.7425874071046669 0.9180403885974222 1.0185284726747774 1.079769797969036 1.1802295074885785 1.2689776137998727
43 387 -0.2776513352650535 -0.0896727096840284 0.18785771123061162 0.4641403679999071 0.6254981740683397 0.7044484890225617 0.8593152187744726 1.0027338468077671 1.0434103934841397 1.2595281333357442 1.3013416845335937
54 486 -0.6055421913208541 -0.050365069569156234 0.19132246923238105 0.5612024139389786 0.4459582298972425 0.6544417930635413 0.8009623723588049 0.9096272025817317 1.0826207121765885 1.2535750530131984 1.469811827104611
46 414 -0.3831116044645984 -0.11422373129473498 0.12989972804651123 0.331774058426607 0.6380899589750618 0.7755978139115837 0.8851306535621013 0.9149602516447167 1.0801143490130705 1.2088304182435972 1.3201373838850343
55 495 -0.4832305660540954 -0.08013238365670622 0.2668052196662404 0.49488414209347864 0.5199564331979099 0.599416093492904 0.7582620142938512 0.9388254157713275 1.149089284077227 1.2422059357669806 1.4319599998543273
45 405 -0.27104027947709425 -0.05938579454195562 0.23324409291319992 0.4099885438144318 0.5792797000058793 0.7996784347320074 0.8040044209824138 0.8711898614975369 1.0961624771100948 1.2987754123878856 1.3157373592031356
51 459 -0.21223296916898166 -0.1490287123362121 0.149719283005408 0.31544419966641857 0.6318360917090787 0.7425874071046669 0.9180403885974222 1.0185284726747774 1.079769797969036 1.1802295074885785 1.2689776137998727
55 495 -0.6055421913208541 -0.050365069569156234 0.19132246923238105 0.5612024139389786 0.4459582298972425 0.6544417930635413 0.8009623723588049 0.9096272025817317 1.0826207121765885 1.2535750530131984 1.469811827104611
44 396 -0.2776513352650535 -0.0896727096840284 0.18785771123061162 0.4641403679999071 0.6254981740683397 0.7044484890225617 0.8593152187744726 1.0027338468077671 1.0434103934841397 1.2595281333357442 1.3013416845335937
56 504 -0.4832305660540954 -0.08013238365670622 0.2668052196662404 0.49488414209347864 0.5199564331979099 0.599416093492904 0.7582620142938512 0.9388254157713275 1.149089284077227 1.2422059357669806 1.4319599998543273
47 423 -0.3831116044645984 -0.11422373129473498 0.12989972804651123 0.331774058426607 0.6380899589750618 0.7755978139115837 0.8851306535621013 0.9149602516447167 1.0801143490130705 1.2088304182435972 1.3201373838850343
52 468 -0.21223296916898166 -0.1490287123362121 0.149719283005408 0.31544419966641857 0.6318360917090787 0.7425874071046669 0.9180403885974222 1.0185284726747774 1.079769797969036 1.1802295074885785 1.2689776137998727
56 504 -0.6055421913208541 -0.050365069569156234 0.19132246923238105 0.5612024139389786 0.4459582298972425 0.6544417930635413 0.8009623723588049 0.9096272025817317 1.0826207121765885 1.2535750530131984 1.469811827104611
46 414 -0.27104027947709425 -0.05938579454195562 0.23324409291319992 0.4099885438144318 0.5792797000058793 0.7996784347320074 0.8040044209824138 0.8711898614975369 1.0961624771100948 1.2987754123878856 1.3157373592031356
57 513 -0.5669374627861123 -0.19622659970670894 0.2867503156574335 0.47370830476467696 0.4676004716478719 0.5430137231532575 0.6293446101123638 0.9509834493494858 1.1761310962301639 1.267160610637966 1.4822487535821525
53 477 -0.21223296916898166 -0.1490287123362121 0.149719283005408 0.31544419966641857 0.6318360917090787 0.7425874071046669 0.9180403885974222 1.0185284726747774 1.079769797969036 1.1802295074885785 1.2689776137998727
57 513 -0.611417138487993 -0.059778835464357014 0.1487211290477293 0.64679714516884 0.4736234091728892 0.5803779554919136 0.8659107977569906 0.9729185031838674 1.0697091077104153 1.1914314763530167 1.476036528541706
45 405 -0.2776513352650535 -0.0896727096840284 0.18785771123061162 0.4641403679999071 0.6254981740683397 0.7044484890225617 0.8593152187744726 1.0027338468077671 1.0434103934841397 1.2595281333357442 1.3013416845335937
48 432 -0.3831116044645984 -0.11422373129473498 0.12989972804651123 0.331774058426607 0.6380899589750618 0.7755978139115837 0.8851306535621013 0.9149602516447167 1.0801143490130705 1.2088304182435972 1.3201373838850343
47 423 -0.27104027947709425 -0.05938579454195562 0.23324409291319992 0.4099885438144318 0.5792797000058793 0.7996784347320074 0.8040044209824138 0.8711898614975369 1.0961624771100948 1.2987754123878856 1.3157373592031356
58 522 -0.5669374627861123 -0.19622659970670894 0.2867503156574335 0.47370830476467696 0.4676004716478719 0.5430137231532575 0.6293446101123638 0.9509834493494858 1.1761310962301639 1.267160610637966 1.4822487535821525
54 486 -0.21223296916898166 -0.1490287123362121 0.149719283005408 0.31544419966641857 0.6318360917090787 0.7425874071046669 0.9180403885974222 1.0185284726747774 1.079769797969036 1.1802295074885785 1.2689776137998727
58 522 -0.611417138487993 -0.059778835464357014 0.1487211290477293 0.64679714516884 0.4736234091728892 0.5803779554919136 0.8659107977569906 0.9729185031838674 1.0697091077104153 1.1914314763530167 1.476036528541706
49 441 -0.3831116044645984 -0.11422373129473498 0.12989972804651123 0.331774058426607 0.6380899589750618 0.7755978139115837 0.8851306535621013 0.9149602516447167 1.0801143490130705 1.2088304182435972 1.3201373838850343
59 531 -0.5669374627861123 -0.19622659970670894 0.2867503156574335 0.47370830476467696 0.4676004716478719 0.5430137231532575 0.6293446101123638 0.9509834493494858 1.1761310962301639 1.267160610637966 1.4822487535821525
46 414 -0.2776513352650535 -0.0896727096840284 0.18785771123061162 0.4641403679999071 0.6254981740683397 0.7044484890225617 0.8593152187744726 1.0027338468077671 1.0434103934841397 1.2595281333357442 1.3013416845335937
48 432 -0.27104027947709425 -0.05938579454195562 0.23324409291319992 0.4099885438144318 0.5792797000058793 0.7996784347320074 0.8040044209824138 0.8711898614975369 1.0961624771100948 1.2987754123878856 1.3157373592031356
59 531 -0.611417138487993 -0.059778835464357014 0.1487211290477293 0.64679714516884 0.4736234091728892 0.5803779554919136 0.8659107977569906 0.9729185031838674 1.0697091077104153 1.1914314763530167 1.476036528541706
55 495 -0.21223296916898166 -0.1490287123362121 0.149719283005408 0.31544419966641857 0.6318360917090787 0.7425874071046669 0.9180403885974222 1.0185284726747774 1.079769797969036 1.1802295074885785 1.2689776137998727
60 540 -0.5669374627861123 -0.19622659970670894 0.2867503156574335 0.47370830476467696 0.4676004716478719 0.5430137231532575 0.6293446101123638 0.9509834493494858 1.1761310962301639 1.267160610637966 1.4822487535821525
50 450 -0.30109319564193154 -0.10553966506739232 0.1882922974924123 0.48274536345325764 0.6237770747611923 0.7254725252408619 0.8551583099979835 0.9081245065199439 1.063938032820107 1.1977547673302533 1.4007231351265845
60 540 -0.611417138487993 -0.059778835464357014 0.1487211290477293 0.64679714516884 0.4736234091728892 0.5803779554919136 0.8659107977569906 0.9729185031838674 1.0697091077104153 1.1914314763530167 1.476036528541706
49 441 -0.27104027947709425 -0.05938579454195562 0.23324409291319992 0.4099885438144318 0.5792797000058793 0.7996784347320074 0.8040044209824138 0.8711898614975369 1.0961624771100948 1.2987754123878856 1.3157373592031356
56 504 -0.21223296916898166 -0.1490287123362121 0.149719283005408 0.31544419966641857 0.6318360917090787 0.7425874071046669 0.9180403885974222 1.0185284726747774 1.079769797969036 1.1802295074885785 1.2689776137998727
47 423 -0.2776513352650535 -0.0896727096840284 0.18785771123061162 0.4641403679999071 0.6254981740683397 0.7044484890225617 0.8593152187744726 1.0027338468077671 1.0434103934841397 1.2595281333357442 1.3013416845335937
61 549 -0.5669374627861123 -0.19622659970670894 0.2867503156574335 0.47370830476467696 0.4676004716478719 0.5430137231532575 0.6293446101123638 0.9509834493494858 1.1761310962301639 1.267160610637966 1.4822487535821525
61 549 -0.611417138487993 -0.059778835464357014 0.1487211290477293 0.64679714516884 0.4736234091728892 0.5803779554919136 0.8659107977569906 0.9729185031838674 1.0697091077104153 1.1914314763530167 1.476036528541706
50 450 -0.3646109461643071 -0.02801371626647845 0.22027000876130642 0.451466934443949 0.5907645990314803 0.6839464441330386 0.8195378643696551 0.9876807282394415 1.0196865213174025 1.2475783984856963 1.3927837075056764
51 459 -0.30109319564193154 -0.10553966506739232 0.1882922974924123 0.48274536345325764 0.6237770747611923 0.7254725252408619 0.8551583099979835 0.9081245065199439 1.063938032820107 1.1977547673302533 1.4007231351265845
57 513 -0.32476289591467955 -0.13487272241292553 0.22862128008137333 0.3069923445224526 0.5872747341935616 0.6735270869975465 0.8309871427934065 0.9404599598798845 1.2000812268786487 1.2192063645204612 1.3037660724376494
62 558 -0.5669374627861123 -0.19622659970670894 0.2867503156574335 0.47370830476467696 0.4676004716478719 0.5430137231532575 0.6293446101123638 0.9509834493494858 1.1761310962301639 1.267160610637966 1.4822487535821525
62 558 -0.611417138487993 -0.059778835464357014 0.1487211290477293 0.64679714516884 0.4736234091728892 0.5803779554919136 0.8659107977569906 0.9729185031838674 1.0697091077104153 1.1914314763530167 1.476036528541706
48 432 -0.2776513352650535 -0.0896727096840284 0.18785771123061162 0.4641403679999071 0.6254981740683397 0.7044484890225617 0.8593152187744726 1.0027338468077671 1.0434103934841397 1.2595281333357442 1.3013416845335937
58 522 -0.32476289591467955 -0.13487272241292553 0.22862128008137333 0.3069923445224526 0.5872747341935616 0.6735270869975465 0.8309871427934065 0.9404599598798845 1.2000812268786487 1.2192063645204612 1.3037660724376494
51 459 -0.3646109461643071 -0.02801371626647845 0.22027000876130642 0.451466934443949 0.5907645990314803 0.6839464441330386 0.8195378643696551 0.9876807282394415 1.0196865213174025 1.2475783984856963 1.3927837075056764
52 468 -0.30109319564193154 -0.10553966506739232 0.1882922974924123 0.48274536345325764 0.6237770747611923 0.7254725252408619 0.8551583099979835 0.9081245065199439 1.063938032820107 1.1977547673302533 1.4007231351265845
63 567 -0.5669374627861123 -0.19622659970670894 0.2867503156574335 0.47370830476467696 0.4676004716478719 0.5430137231532575 0.6293446101123638 0.9509834493494858 1.1761310962301639 1.267160610637966 1.4822487535821525
63 567 -0.611417138487993 -0.059778835464357014 0.1487211290477293 0.64679714516884 0.4736234091728892 0.5803779554919136 0.8659107977569906 0.9729185031838674 1.0697091077104153 1.1914314763530167 1.476036528541706
59 531 -0.32476289591467955 -0.13487272241292553 0.22862128008137333 0.3069923445224526 0.5872747341935616 0.6735270869975465 0.8309871427934065 0.9404599598798845 1.2000812268786487 1.2192063645204612 1.3037660724376494
52 468 -0.3646109461643071 -0.02801371626647845 0.22027000876130642 0.451466934443949 0.5907645990314803 0.6839464441330386 0.8195378643696551 0.9876807282394415 1.0196865213174025 1.2475783984856963 1.3927837075056764
49 441 -0.2776513352650535 -0.0896727096840284 0.18785771123061162 0.4641403679999071 0.6254981740683397 0.7044484890225617 0.8593152187744726 1.0027338468077671 1.0434103934841397 1.2595281333357442 1.3013416845335937
64 576 -0.5179929273158312 -0.2104788782156392 0.2643608316168472 0.5037556163784243 0.3909756229655953 0.5388261344002776 0.5965421172773644 0.9101452281390143 1.2460206021320375 1.310084729642148 1.4504096956946038
53 477 -0.30109319564193154 -0.10553966506739232 0.1882922974924123 0.48274536345325764 0.6237770747611923 0.7254725252408619 0.8551583099979835 0.9081245065199439 1.063938032820107 1.1977547673302533 1.4007231351265845
64 576 -0.6712759587584013 -0.027198559522586006 0.14604633261980665 0.5823042074978643 0.45658662712098297 0.608761711376658 0.8622759966786399 1.016416678230631 1.0906033480341732 1.2795460332343997 1.3482067195179228
60 540 -0.32476289591467955 -0.13487272241292553 0.22862128008137333 0.3069923445224526 0.5872747341935616 0.6735270869975465 0.8309871427934065 0.9404599598798845 1.2000812268786487 1.2192063645204612 1.3037660724376494
65 585 -0.5179929273158312 -0.2104788782156392 0.2643608316168472 0.5037556163784243 0.3909756229655953 0.5388261344002776 0.5965421172773644 0.9101452281390143 1.2460206021320375 1.310084729642148 1.4504096956946038
53 477 -0.3646109461643071 -0.02801371626647845 0.22027000876130642 0.451466934443949 0.5907645990314803 0.6839464441330386 0.8195378643696551 0.9876807282394415 1.0196865213174025 1.2475783984856963 1.3927837075056764
65 585 -0.6712759587584013 -0.027198559522586006 0.14604633261980665 0.5823042074978643 0.45658662712098297 0.608761711376658 0.8622759966786399 1.016416678230631 1.0906033480341732 1.2795460332343997 1.3482067195179228
54 486 -0.30109319564193154 -0.10553966506739232 0.1882922974924123 0.48274536345325764 0.6237770747611923 0.7254725252408619 0.8551583099979835 0.9081245065199439 1.063938032820107 1.1977547673302533 1.4007231351265845
50 450 -0.23515217903063218 -0.07880243058777195 0.16205854850392706 0.40930372260875975 0.6858642664267998 0.7248065460435013 0.8740365751658703 0.9757724617750444 1.047816246009552 1.2098683955353033 1.3139533580186107
61 549 -0.32476289591467955 -0.13487272241292553 0.22862128008137333 0.3069923445224526 0.5872747341935616 0.6735270869975465 0.8309871427934065 0.9404599598798845 1.2000812268786487 1.2192063645204612 1.3037660724376494
66 594 -0.5179929273158312 -0.2104788782156392 0.2643608316168472 0.5037556163784243 0.3909756229655953 0.5388261344002776 0.5965421172773644 0.9101452281390143 1.2460206021320375 1.310084729642148 1.4504096956946038
66 594 -0.6712759587584013 -0.027198559522586006 0.14604633261980665 0.5823042074978643 0.45658662712098297 0.608761711376658 0.8622759966786399 1.016416678230631 1.0906033480341732 1.2795460332343997 1.3482067195179228
54 486 -0.3646109461643071 -0.02801371626647845 0.22027000876130642 0.451466934443949 0.5907645990314803 0.6839464441330386 0.8195378643696551 0.9876807282394415 1.0196865213174025 1.2475783984856963 1.3927837075056764
55 495 -0.30109319564193154 -0.10553966506739232 0.1882922974924123 0.48274536345325764 0.6237770747611923 0.7254725252408619 0.8551583099979835 0.9081245065199439 1.063938032820107 1.1977547673302533 1.4007231351265845
62 558 -0.32476289591467955 -0.13487272241292553 0.22862128008137333 0.3069923445224526 0.5872747341935616 0.6735270869975465 0.8309871427934065 0.9404599598798845 1.2000812268786487 1.2192063645204612 1.3037660724376494
67 603 -0.5179929273158312 -0.2104788782156392 0.2643608316168472 0.5037556163784243 0.3909756229655953 0.5388261344002776 0.5965421172773644 0.9101452281390143 1.2460206021320375 1.310084729642148 1.4504096956946038
67 603 -0.5179929273158312 -0.2104788782156392 0.2643608316168472 0.5037556163784243 0.3909756229655953 0.5388261344002776 0.5965421172773644 0.9101452281390143 1.2460206021320375 1.310084729642148 1.4504096956946038
51 459 -0.23515217903063218 -0.07880243058777195 0.16205854850392706 0.40930372260875975 0.6858642664267998 0.7248065460435013 0.8740365751658703 0.9757724617750444 1.047816246009552 1.2098683955353033 1.3139533580186107
67 603 -0.6712759587584013 -0.027198559522586006 0.14604633261980665 0.5823042074978643 0.45658662712098297 0.608761711376658 0.8622759966786399 1.016416678230631 1.0906033480341732 1.2795460332343997 1.3482067195179228
67 603 -0.6712759587584013 -0.027198559522586006 0.14604633261980665 0.5823042074978643 0.45658662712098297 0.608761711376658 0.8622759966786399 1.016416678230631 1.0906033480341732 1.2795460332343997 1.3482067195179228
55 495 -0.3646109461643071 -0.02801371626647845 0.22027000876130642 0.451466934443949 0.5907645990314803 0.6839464441330386 0.8195378643696551 0.9876807282394415 1.0196865213174025 1.2475783984856963 1.3927837075056764
56 504 -0.30109319564193154 -0.10553966506739232 0.1882922974924123 0.48274536345325764 0.6237770747611923 0.7254725252408619 0.8551583099979835 0.9081245065199439 1.063938032820107 1.1977547673302533 1.4007231351265845
63 567 -0.32476289591467955 -0.13487272241292553 0.22862128008137333 0.3069923445224526 0.5872747341935616 0.6735270869975465 0.8309871427934065 0.9404599598798845 1.2000812268786487 1.2192063645204612 1.3037660724376494
56 504 -0.3646109461643071 -0.02801371626647845 0.22027000876130642 0.451466934443949 0.5907645990314803 0.6839464441330386 0.8195378643696551 0.9876807282394415 1.0196865213174025 1.2475783984856963 1.3927837075056764
52 468 -0.23515217903063218 -0.07880243058777195 0.16205854850392706 0.40930372260875975 0.6858642664267998 0.7248065460435013 0.8740365751658703 0.9757724617750444 1.047816246009552 1.2098683955353033 1.3139533580186107
64 576 -0.33755636738729117 -0.25886877472321657 0.16777780457174446 0.3856985030915412 0.4739024632208571 0.6433008113810126 0.8918688181367393 0.9203529877161483 1.11152185924342 1.238522385769464 1.396310268901234
57 513 -0.33435041150963857 -0.12274884079209175 0.23041087828805998 0.6759495711922465 0.4938286317403269 0.6385102803974657 0.8661463167438006 0.9046110988224983 1.0316404298318904 1.2371342753044434 1.4782165032841939
57 513 -0.5393480350659992 -0.06832665828594807 0.23845574025076727 0.5656609793594123 0.5572499399528953 0.6125240736245624 0.7665095211008066 0.9666794759426074 1.0569126170970358 1.2647072393898808 1.4407400969508433
65 585 -0.33755636738729117 -0.25886877472321657 0.16777780457174446 0.3856985030915412 0.4739024632208571 0.6433008113810126 0.8918688181367393 0.9203529877161483 1.11152185924342 1.238522385769464 1.396310268901234
53 477 -0.23515217903063218 -0.07880243058777195 0.16205854850392706 0.40930372260875975 0.6858642664267998 0.7248065460435013 0.8740365751658703 0.9757724617750444 1.047816246009552 1.2098683955353033 1.3139533580186107
58 522 -0.33435041150963857 -0.12274884079209175 0.23041087828805998 0.6759495711922465 0.4938286317403269 0.6385102803974657 0.8661463167438006 0.9046110988224983 1.0316404298318904 1.2371342753044434 1.4782165032841939
58 522 -0.5393480350659992 -0.06832665828594807 0.23845574025076727 0.5656609793594123 0.5572499399528953 0.6125240736245624 0.7665095211008066 0.9666794759426074 1.0569126170970358 1.2647072393898808 1.4407400969508433
66 594 -0.33755636738729117 -0.25886877472321657 0.16777780457174446 0.3856985030915412 0.4739024632208571 0.6433008113810126 0.8918688181367393 0.9203529877161483 1.11152185924342 1.238522385769464 1.396310268901234
54 486 -0.23515217903063218 -0.07880243058777195 0.16205854850392706 0.40930372260875975 0.6858642664267998 0.7248065460435013 0.8740365751658703 0.9757724617750444 1.047816246009552 1.2098683955353033 1.3139533580186107
59 531 -0.33435041150963857 -0.12274884079209175 0.23041087828805998 0.6759495711922465 0.4938286317403269 0.6385102803974657 0.8661463167438006 0.9046110988224983 1.0316404298318904 1.2371342753044434 1.4782165032841939
67 603 -0.33755636738729117 -0.25886877472321657 0.16777780457174446 0.3856985030915412 0.4739024632208571 0.6433008113810126 0.8918688181367393 0.9203529877161483 1.11152185924342 1.238522385769464 1.396310268901234
59 531 -0.5393480350659992 -0.06832665828594807 0.23845574025076727 0.5656609793594123 0.5572499399528953 0.6125240736245624 0.7665095211008066 0.9666794759426074 1.0569126170970358 1.2647072393898808 1.4407400969508433
67 603 -0.33755636738729117 -0.25886877472321657 0.16777780457174446 0.3856985030915412 0.4739024632208571 0.6433008113810126 0.8918688181367393 0.9203529877161483 1.11152185924342 1.238522385769464 1.396310268901234
60 540 -0.33435041150963857 -0.12274884079209175 0.23041087828805998 0.6759495711922465 0.4938286317403269 0.6385102803974657 0.8661463167438006 0.9046110988224983 1.0316404298318904 1.2371342753044434 1.4782165032841939
60 540 -0.5393480350659992 -0.06832665828594807 0.23845574025076727 0.5656609793594123 0.5572499399528953 0.6125240736245624 0.7665095211008066 0.9666794759426074 1.0569126170970358 1.2647072393898808 1.4407400969508433
55 495 -0.23515217903063218 -0.07880243058777195 0.16205854850392706 0.40930372260875975 0.6858642664267998 0.7248065460435013 0.8740365751658703 0.9757724617750444 1.047816246009552 1.2098683955353033 1.3139533580186107
61 549 -0.5393480350659992 -0.06832665828594807 0.23845574025076727 0.5656609793594123 0.5572499399528953 0.6125240736245624 0.7665095211008066 0.9666794759426074 1.0569126170970358 1.2647072393898808 1.4407400969508433
61 549 -0.33435041150963857 -0.12274884079209175 0.23041087828805998 0.6759495711922465 0.4938286317403269 0.6385102803974657 0.8661463167438006 0.9046110988224983 1.0316404298318904 1.2371342753044434 1.4782165032841939
56 504 -0.23515217903063218 -0.07880243058777195 0.16205854850392706 0.40930372260875975 0.6858642664267998 0.7248065460435013 0.8740365751658703 0.9757724617750444 1.047816246009552 1.2098683955353033 1.3139533580186107
62 558 -0.5393480350659992 -0.06832665828594807 0.23845574025076727 0.5656609793594123 0.5572499399528953 0.6125240736245624 0.7665095211008066 0.9666794759426074 1.0569126170970358 1.2647072393898808 1.4407400969508433
62 558 -0.33435041150963857 -0.12274884079209175 0.23041087828805998 0.6759495711922465 0.4938286317403269 0.6385102803974657 0.8661463167438006 0.9046110988224983 1.0316404298318904 1.2371342753044434 1.4782165032841939
57 513 -0.2550052530616467 -0.05262522906288415 0.16408304751751077 0.541111386018005 0.5513198676979004 0.7061178379993759 0.84190572382927 0.9843832433062333 1.0618804912717938 1.2413166463960839 1.3605775209294126
63 567 -0.5393480350659992 -0.06832665828594807 0.23845574025076727 0.5656609793594123 0.5572499399528953 0.6125240736245624 0.7665095211008066 0.9666794759426074 1.0569126170970358 1.2647072393898808 1.4407400969508433
63 567 -0.33435041150963857 -0.12274884079209175 0.23041087828805998 0.6759495711922465 0.4938286317403269 0.6385102803974657 0.8661463167438006 0.9046110988224983 1.0316404298318904 1.2371342753044434 1.4782165032841939
64 576 -0.5203426442443733 0.018309759636648073 0.3343422854965256 0.7213860911489197 0.4558622258659466 0.5707269391349592 0.7449274719306793 0.9040387112212571 0.9829293971531906 1.280930679923364 1.5771251870392837
58 522 -0.2550052530616467 -0.05262522906288415 0.16408304751751077 0.541111386018005 0.5513198676979004 0.7061178379993759 0.84190572382927 0.9843832433062333 1.0618804912717938 1.2413166463960839 1.3605775209294126
64 576 -0.4915004199697247 -0.08049170688320526 0.26053879274284886 0.6474553582166509 0.49561326269059225 0.7167585184223976 0.8083389856386465 0.889461022609201 1.021763721845711 1.2139366607199618 1.5094464462675918
65 585 -0.5203426442443733 0.018309759636648073 0.3343422854965256 0.7213860911489197 0.4558622258659466 0.5707269391349592 0.7449274719306793 0.9040387112212571 0.9829293971531906 1.280930679923364 1.5771251870392837
65 585 -0.4915004199697247 -0.08049170688320526 0.26053879274284886 0.6474553582166509 0.49561326269059225 0.7167585184223976 0.8083389856386465 0.889461022609201 1.021763721845711 1.2139366607199618 1.5094464462675918
59 531 -0.2550052530616467 -0.05262522906288415 0.16408304751751077 0.541111386018005 0.5513198676979004 0.7061178379993759 0.84190572382927 0.9843832433062333 1.0618804912717938 1.2413166463960839 1.3605775209294126
66 594 -0.5203426442443733 0.018309759636648073 0.3343422854965256 0.7213860911489197 0.4558622258659466 0.5707269391349592 0.7449274719306793 0.9040387112212571 0.9829293971531906 1.280930679923364 1.5771251870392837
67 603 -0.5203426442443733 0.018309759636648073 0.3343422854965256 0.7213860911489197 0.4558622258659466 0.5707269391349592 0.7449274719306793 0.9040387112212571 0.9829293971531906 1.280930679923364 1.5771251870392837
67 603 -0.5203426442443733 0.018309759636648073 0.3343422854965256 0.7213860911489197 0.4558622258659466 0.5707269391349592 0.7449274719306793 0.9040387112212571 0.9829293971531906 1.280930679923364 1.5771251870392837
66 594 -0.4915004199697247 -0.08049170688320526 0.26053879274284886 0.6474553582166509 0.49561326269059225 0.7167585184223976 0.8083389856386465 0.889461022609201 1.021763721845711 1.2139366607199618 1.5094464462675918
60 540 -0.2550052530616467 -0.05262522906288415 0.16408304751751077 0.541111386018005 0.5513198676979004 0.7061178379993759 0.84190572382927 0.9843832433062333 1.0618804912717938 1.2413166463960839 1.3605775209294126
67 603 -0.4915004199697247 -0.08049170688320526 0.26053879274284886 0.6474553582166509 0.49561326269059225 0.7167585184223976 0.8083389856386465 0.889461022609201 1.021763721845711 1.2139366607199618 1.5094464462675918
67 603 -0.4915004199697247 -0.08049170688320526 0.26053879274284886 0.6474553582166509 0.49561326269059225 0.7167585184223976 0.8083389856386465 0.889461022609201 1.021763721845711 1.2139366607199618 1.5094464462675918
61 549 -0.2550052530616467 -0.05262522906288415 0.16408304751751077 0.541111386018005 0.5513198676979004 0.7061178379993759 0.84190572382927 0.9843832433062333 1.0618804912717938 1.2413166463960839 1.3605775209294126
62 558 -0.2550052530616467 -0.05262522906288415 0.16408304751751077 0.541111386018005 0.5513198676979004 0.7061178379993759 0.84190572382927 0.9843832433062333 1.0618804912717938 1.2413166463960839 1.3605775209294126
63 567 -0.2550052530616467 -0.05262522906288415 0.16408304751751077 0.541111386018005 0.5513198676979004 0.7061178379993759 0.84190572382927 0.9843832433062333 1.0618804912717938 1.2413166463960839 1.3605775209294126
64 576 -0.21893193009051437 -0.10270389347651881 0.2280855034592896 0.5204762959828837 0.5304040053058036 0.7695976619485291 0.8359095989738995 0.9199518527235347 1.0789669449184753 1.2994215006999692 1.3147885214682549
65 585 -0.21893193009051437 -0.10270389347651881 0.2280855034592896 0.5204762959828837 0.5304040053058036 0.7695976619485291 0.8359095989738995 0.9199518527235347 1.0789669449184753 1.2994215006999692 1.3147885214682549
66 594 -0.21893193009051437 -0.10270389347651881 0.2280855034592896 0.5204762959828837 0.5304040053058036 0.7695976619485291 0.8359095989738995 0.9199518527235347 1.0789669449184753 1.2994215006999692 1.3147885214682549
67 603 -0.21893193009051437 -0.10270389347651881 0.2280855034592896 0.5204762959828837 0.5304040053058036 0.7695976619485291 0.8359095989738995 0.9199518527235347 1.0789669449184753 1.2994215006999692 1.3147885214682549
67 603 -0.21893193009051437 -0.10270389347651881 0.2280855034592896 0.5204762959828837 0.5304040053058036 0.7695976619485291 0.8359095989738995 0.9199518527235347 1.0789669449184753 1.2994215006999692 1.3147885214682549
