% # columns="iteration, evaluation, sigma, axis ratio, bestever, best, median, worst objective function value, interquartile range, 25%tile, current best feasible f-value, elapsed wallclock time [s], further/more values", seed=2567, Fri Aug 28 18:38:59 2026, <python>{}</python>
1 9 0.9449729899729059 1.0000428580612375 2.025499952633445 2.0254999526334450e+00 43.13182349554288 53.00085907651194 37.11948114034206 15.208685537463234 nan 0.8   
2 18 0.9087555735421708 1.27248786444527 1.8119083436734627 1.8119083436734627e+00 43.450051702526146 49.88243512949447 41.64301736976908 6.8957500001919465 nan 1.2   
2 18 0.9087555735421712 1.2724878644452702 1.811902352065634 1.8119023520656341e+00 43.45005074573708 49.88243497850388 41.643015656317694 6.895749504530149 nan 1.3   
2 18 0.9087555735421711 1.2724878644452702 1.8119130145313822 1.8119130145313822e+00 43.45004837087442 49.88243438291582 41.643012378072385 6.895755819005948 nan 1.3   
2 18 0.9087555735421708 1.27248786444527 1.811913688869359 1.8119136888693590e+00 43.45005181738638 49.88243210253769 41.64301096078799 6.895758377159509 nan 1.4   
2 18 0.9087555735421705 1.27248786444527 1.8119140258943687 1.8119140258943687e+00 43.450050649403046 49.88243197068746 41.64301089275844 6.89575858652894 nan 1.4   
2 18 0.9087555735421706 1.2724878644452697 1.8119032338413277 1.8119032338413277e+00 43.45005201671845 49.88243441255435 41.64301415481513 6.895750228104356 nan 1.5   
3 27 0.8929064494700619 1.4334156399117401 1.7386466974069545 1.7386466974069545e+00 29.715655636948338 48.32083352273238 19.395687625870167 14.902662228049062 nan 1.5   
3 27 0.8929064494700623 1.4334156399117404 1.7386420495812542 1.7386420495812542e+00 29.715658461622173 48.31853920613603 19.39569208987327 14.902661606347383 nan 1.7   
3 27 0.8929064494700621 1.43341563991174 1.7386577132585872 1.7386577132585872e+00 29.715653468866936 48.33066779637256 19.3956944175564 14.902664360944184 nan 1.7   
3 27 0.8929064494700623 1.43341563991174 1.738658367456092 1.7386583674560920e+00 29.71565904253068 48.318552767962 19.39570223334348 14.902661401091155 nan 1.8   
3 27 0.8929064494700619 1.4334156399117408 1.7386567535480373 1.7386567535480373e+00 29.715657967408927 48.32453568341509 19.395704004422196 14.902661475562685 nan 1.8   
3 27 0.8929064494700618 1.4334156399117404 1.7386417273423969 1.7386417273423969e+00 29.715658971804313 48.31854302806776 19.39569364002186 14.902661799920038 nan 1.9   
4 36 0.9107936243491089 1.4600489835588815 0.003970794155663368 3.9707941556633682e-03 2.099581998363179 6.892128753574004 3.8083541839908093 0.8267690816832327 nan 1.9   
4 36 0.9107936243491087 1.4600489835588812 0.003971325112734378 3.9713251127343778e-03 2.099600928270854 6.892131874282092 3.8083526873202587 0.8267747950294025 nan 2.0   
4 36 0.9107936243491096 1.4600489835588821 0.003972909699781956 3.9729096997819556e-03 2.099600324527375 6.892126925819252 3.808359653350211 0.8267680395276336 nan 2.2   
5 45 0.960011014998041 1.4722261197107156 0.0028546598901277253 2.8546598901277253e-03 7.772648454699647 32.622238664344906 19.24620153584996 0.8544696422984602 nan 2.3   
4 36 0.910793624349109 1.4600489835588815 0.003968283340233885 3.9682833402338849e-03 2.0995730130524373 6.892129533722948 3.8083528428714883 0.8267700778773622 nan 2.3   
4 36 0.9107936243491093 1.460048983558882 0.003971474044033307 3.9714740440333074e-03 2.09959721849668 6.892128076951965 3.808355603533516 0.8267714763829497 nan 2.4   
5 45 0.9600110149980416 1.4722261197107165 0.0028518189075682683 2.8518189075682683e-03 7.772649220778719 32.62306267868415 19.246210492726856 0.8544647179844769 nan 2.6   
4 36 0.9107936243491088 1.4600489835588815 0.0039676699495221806 3.9676699495221806e-03 2.099572994717399 6.89213049065315 3.808352563801462 0.8267698477544198 nan 2.8   
6 54 1.0469016112629923 1.592134047781879 0.0028546598901277253 1.7309823885425235e-01 2.2979272986317123 14.959002514152132 2.8675395776176087 0.9083866073074829 nan 2.8   
6 54 1.0469016112629936 1.5921340477818795 0.0028518189075682683 1.7309809617157021e-01 2.2979299459538827 14.95596826279162 2.867528887290365 0.9083917095296367 nan 2.9   
5 45 0.9600110149980428 1.472226119710716 0.0028563569564118703 2.8563569564118703e-03 7.772649158923087 32.643001440040685 19.246207285168442 0.8544700315101859 nan 2.9   
5 45 0.9600110149980415 1.4722261197107165 0.0028508366734069646 2.8508366734069646e-03 7.772649618150302 32.622186856746744 19.246212428568775 0.8544703818967158 nan 3.0   
5 45 0.9600110149980426 1.472226119710716 0.0028567575818856284 2.8567575818856284e-03 7.772649231683053 32.63859836172816 19.246212823970545 0.8544658610168431 nan 3.2   
7 63 0.9808150963897778 1.7152660650392337 0.0012668539116348053 1.2668539116348053e-03 1.674939170935338 36.294715313355645 3.593839615881311 0.003752701095304284 nan 3.2   
5 45 0.9600110149980418 1.472226119710716 0.002852559562816048 2.8525595628160478e-03 7.772649915611404 32.62163292256437 19.24621468051168 0.8544663624211861 nan 3.2   
7 63 0.9808150963897793 1.715266065039235 0.0012688114278461688 1.2688114278461688e-03 1.6749413703640526 36.29428900816044 3.600659143509701 0.0037496179033288217 nan 3.2   
6 54 1.0469016112629932 1.592134047781879 0.0028508366734069646 1.7310084501486767e-01 2.2979306646969255 14.95569794971152 2.8675289149813934 0.908392341669438 nan 3.3   
6 54 1.0469016112629945 1.5921340477818795 0.0028563569564118703 1.7309849512080469e-01 2.2979304520412933 14.95580110599761 2.867532076946652 0.9083911566599486 nan 3.5   
6 54 1.0469016112629945 1.59213404778188 0.0028567575818856284 1.7310219066728835e-01 2.2979311026087688 14.955957078173942 2.8675298767239514 0.9083924143025789 nan 3.6   
8 72 0.9955610830343318 1.7845364948700442 0.0012668539116348053 2.0291229755603065e-03 0.31185018413434284 19.486174514830505 0.8827412836895645 0.0029637993354377284 nan 3.9   
8 72 1.0033373561891559 1.7845364948700448 0.0012688114278461688 2.0383782729781101e-03 0.3118553747805071 19.48620225473285 0.8823428564402325 0.0033585267439861246 nan 4.0   
6 54 1.0469016112629936 1.5921340477818788 0.002852559562816048 1.7310421242646493e-01 2.297930750381179 14.955901740820723 2.867526521627113 0.9083938213125964 nan 4.0   
7 63 0.9808150963897787 1.7152660650392353 0.0012618633092017408 1.2618633092017408e-03 1.6749401575675533 36.296247158446626 3.593832234459984 0.0037549432474365094 nan 4.0   
7 63 0.9808150963897797 1.7152660650392353 0.001273485439019093 1.2734854390190930e-03 1.6749425314747541 36.29578935411462 3.7237427066145963 0.0037517029424135972 nan 4.1   
7 63 0.9808150963897797 1.7152660650392357 0.0012729363381808745 1.2729363381808745e-03 1.674941568520465 36.295786856969826 3.721745876055827 0.0037523964251874728 nan 4.1   
9 81 0.9658966390947998 1.6917515636417306 0.0012668539116348053 1.3075109550001766e-03 2.3501430450902956 36.50141997830448 4.704277963703486 1.1458867919357312 nan 4.6   
9 81 0.9901438707123503 1.6862619890095654 0.0012688114278461688 2.6461701817447653e-03 3.095158582392847 37.19321065143213 10.634476031336035 0.36156285512530184 nan 4.9   
8 72 0.9439356079277088 1.784536494870044 0.0012618633092017408 1.9137889170426775e-03 0.3118538455826253 19.486159076100257 0.8829125096021253 0.002772608946875481 nan 5.0   
7 63 0.9808150963897792 1.7152660650392346 0.0012625760182299731 1.2625760182299731e-03 1.6749397255064973 36.29521583592059 3.593831072842443 0.0037565719914585635 nan 5.2   
8 72 0.9955610830343333 1.7845364948700457 0.001273485439019093 2.0349598966575132e-03 0.3118531759589549 19.48617690276815 0.8827186146518028 0.002982134245020059 nan 5.5   
8 72 1.0033373561891563 1.7845364948700462 0.0012729363381808745 2.0331268509511157e-03 0.3118512581436473 19.48617148832617 0.8826389508112945 0.0030624969400260913 nan 5.6   
10 90 0.9702803108103167 1.6971539642345337 0.0012688114278461688 1.6403771190923199e-03 1.4446791426204983 39.466012364550444 6.060915648256475 0.21603336255516167 nan 5.7   
9 81 0.9658966390948014 1.691751563641731 0.001273485439019093 1.3023159670969425e-03 2.350096024874524 36.501397202148524 4.704270571426132 1.145894102622731 nan 6.1   
9 81 0.8206293312726289 1.7290466496248875 0.0012618633092017408 1.7795007323510382e-03 3.464285205019471 57.726168109261764 22.029619630853375 0.08674716042670333 nan 6.1   
11 99 0.9629216191995716 1.6740628975443514 0.0012688114278461688 2.2491536560840051e-03 0.7315787892669366 28.210218211496123 6.196398221431399 0.002879629198632076 nan 6.1   
10 90 0.8857070582603391 1.687504303408082 0.0010843262016845974 1.0843262016845974e-03 0.8852676537870613 29.56520773664783 22.537032489299566 0.02285110762867896 nan 6.2   
9 81 0.9901438707123511 1.6862619890095674 0.0012729363381808745 2.6470221441440103e-03 3.095151344325408 37.193215007278276 10.569479637919445 0.3615496564801413 nan 6.2   
8 72 0.9439356079277091 1.784536494870045 0.001211279662492871 1.2112796624928709e-03 0.31185608227853606 19.486160516669614 0.8829184406236532 0.002773330423053704 nan 6.3   
10 90 0.88570705826034 1.6875043034080839 0.0010904261543110715 1.0904261543110715e-03 0.8852603165907 29.56518358728058 22.53703141511045 0.022852260652226078 nan 6.8   
10 90 0.7289711996298519 1.7143282635987123 0.0012618633092017408 1.4550864972422493e-03 0.09977108583225792 2.043865196486129 0.9288942540897482 0.0024785271782182105 nan 6.9   
10 90 0.9702803108103177 1.6971539642345352 0.0012729363381808745 1.6545648102533547e-03 1.4446520631252213 39.46602955081551 6.060930116217433 0.21602109884999895 nan 7.4   
11 99 0.8154028175505741 1.8492276152649179 0.0010904261543110715 1.9925062712420625e-03 0.2742150904387485 23.11762922933071 0.7160867706538291 0.00279390559779659 nan 7.4   
9 81 0.8206293312726289 1.7290466496248873 0.001211279662492871 1.7787343487010688e-03 3.4642848019148675 57.726168716730065 22.029621385308175 0.0867450265471061 nan 7.4   
11 99 0.8154028175505733 1.8492276152649172 0.0010843262016845974 1.9908110891921999e-03 0.2742109361475931 23.117627139979525 0.7160907475575483 0.0027891725957692494 nan 7.5   
12 108 0.8562339986355595 1.7959928183528164 0.0012688114278461688 1.3726831696627207e-03 0.002002037099942425 3.4700059853608254 1.2855750004915492 0.0016226678278377048 nan 7.8   
10 90 0.7289711996298518 1.7143282635987125 0.001211279662492871 1.4549995628928521e-03 0.0997730032841481 2.0438646818798274 0.9288957042421948 0.0024782958386729385 nan 8.0   
11 99 0.6581829545660884 1.773351082720454 0.0012618633092017408 1.4361728608023496e-03 0.14199647318116726 42.432856114345476 0.8390242655636837 0.002496096893834311 nan 8.1   
12 108 0.7587252535166248 1.8345098258729802 0.0010904261543110715 2.0512275277719647e-03 1.0318535639076607 42.114928999131486 4.3944979420539685 0.2712893395146121 nan 8.2   
13 117 0.8311299189860732 2.007478573776005 0.0012688114278461688 1.6303815375798300e-03 0.003417454233149736 0.7596080559913634 0.22333507643411288 0.002483416191110772 nan 8.4   
12 108 0.6545252902319139 1.7449627789016142 0.0012595662947326568 1.2595662947326568e-03 0.3414168980222464 2.349062117025077 0.7755098232636252 0.11916755108338146 nan 8.6   
11 99 0.962921619199573 1.6740628975443526 0.0012729363381808745 2.2575468731180536e-03 0.7315807608554479 28.037128569261156 6.214368902311951 0.002886435234114674 nan 8.7   
11 99 0.6581829545660884 1.773351082720454 0.001211279662492871 1.4302679023458589e-03 0.1419972698657728 42.42085816615667 0.8390233700356768 0.002496740746161111 nan 8.7   
13 117 0.6633481010970345 1.7420916222839733 0.0010904261543110715 1.7616338136501170e-03 0.21744935435919227 53.50036788939458 8.426985930492291 0.0028554598457325433 nan 8.8   
12 108 0.7587252535166242 1.834509825872982 0.0010843262016845974 2.0541038076850927e-03 1.031843471152196 42.1149252278457 4.3815052143684134 0.27128635307801163 nan 8.9   
14 126 0.8954929259095998 2.0419424955869165 0.0012688114278461688 2.3565188785055380e-03 0.8132953618705204 3.0038239350553995 1.553194572955554 0.37863154727001475 nan 8.9   
12 108 0.6545252902319136 1.7449627789016144 0.001211279662492871 1.2644991055814547e-03 0.3414740844760201 2.354892990095277 0.7764190844026487 0.11909152666103252 nan 8.9   
13 117 0.6024223710435581 1.9952007653581803 0.0012595662947326568 1.5524548723578316e-03 2.1629578239793523 41.97410970026955 11.984102318511761 0.0020553598164275238 nan 9.1   
13 117 0.6024223710435581 1.9952007653581798 0.001211279662492871 1.5569613729252262e-03 2.1664057440283213 41.97411676251995 11.97491808776681 0.002055965895414881 nan 9.2   
12 108 0.8562339986355604 1.7959928183528173 0.0012729363381808745 1.3801227606693636e-03 0.0019989250877533358 3.461695598492814 1.2855909112867425 0.001612647071386853 nan 9.3   
14 126 0.604716860369706 1.7272243906038587 0.0010904261543110715 1.5359276178727858e-03 0.022985234283196362 1.5148758123030506 0.28531825334476646 0.0031412956084224575 nan 9.4   
14 126 0.5854219039113717 1.9571228335982378 0.001211279662492871 1.5701992208434778e-03 0.1384007273571987 2.229867700942906 0.42922037979248046 0.022682215049269518 nan 9.6   
13 117 0.6633481010970338 1.7420916222839735 0.0010843262016845974 1.7706817947137003e-03 0.21746331690575357 53.50035392870023 8.430069974535106 0.002850068767014948 nan 9.5   
14 126 0.5854219039113717 1.957122833598237 0.0012595662947326568 1.5733459497270024e-03 0.1383971049739861 2.229465943759023 0.42921714301084957 0.022682673738649704 nan 9.6   
15 135 0.9426740530009298 2.3069750826197626 0.0012688114278461688 2.1853914065121474e-03 0.10220571321806053 3.2870526184593927 1.1717442201764863 0.0027545881703752917 nan 9.9   
13 117 0.8311299189860745 2.0074785737760066 0.0012729363381808745 1.6219532726890254e-03 0.0034234637324415985 0.759597678754243 0.22183935839450422 0.002485356141870071 nan 9.9   
15 135 0.5978422546143435 2.0246197259740817 0.001211279662492871 1.2770704200847718e-03 0.002267384786567707 0.004683773606218948 0.0018762019857284044 0.0016996302184830257 nan 10.7   
15 135 0.633994131572959 1.849772863754734 0.0010904261543110715 1.1525450649915920e-03 0.0024405100928455094 0.5514581578978719 0.016444004363082326 0.001676654766585408 nan 10.7   
16 144 0.9347249719861093 2.3859032587694764 0.0012688114278461688 2.2080494787182279e-03 0.4006179630696544 18.587978049618805 0.8035394211958525 0.0030028276929775126 nan 10.9   
14 126 0.6047168603697054 1.7272243906038576 0.0010843262016845974 1.5334019559243206e-03 0.02299989729956632 1.5148736079760754 0.2853172388848543 0.003142217348627468 nan 11.0   
16 144 0.6416855978704404 2.1263639317711607 0.000974089983234897 9.7408998323489696e-04 0.06161330609271401 0.9294777994909477 0.17288552562122006 0.001968542270135371 nan 11.1   
15 135 0.5978422546143435 2.0246197259740826 0.0012595662947326568 1.2699741468898561e-03 0.002267031278688285 0.004681174295475693 0.0018725962419681684 0.0017034767793934927 nan 11.2   
17 153 0.5843444266234471 2.3066192276109128 0.000974089983234897 1.4097527822327786e-03 0.02486429095842526 0.6626438936206894 0.07432316531836547 0.0029158577947292754 nan 11.4   
15 135 0.6339941315729586 1.8497728637547355 0.0010843262016845974 1.1535833414084639e-03 0.00243851752696193 0.5514704153962328 0.016422836735989474 0.0016747060219669439 nan 11.5   
16 144 0.5825756939168044 2.1015765850388135 0.00071466826106395 7.1466826106394998e-04 0.0018980107339953572 0.8171927150585696 0.08927466801628348 0.0013177201752841915 nan 11.6   
14 126 0.8954929259096015 2.041942495586917 0.0012729363381808745 2.3654359593005005e-03 0.813270493720782 3.004075744777071 1.5539389592295305 0.3786385709138119 nan 11.6   
16 144 0.5825756939168047 2.1015765850388126 0.000715469681370682 7.1546968137068203e-04 0.0018932513344623479 0.8171973666160077 0.08927225632770971 0.0013168822706841631 nan 11.8   
16 144 0.64168559787044 2.126363931771162 0.0009776979220683945 9.7769792206839454e-04 0.054636115701395926 0.929480432343498 0.17286884776824746 0.001976239659146725 nan 11.9   
17 153 0.8840071659462525 2.3177766000041005 0.0010229861921372335 1.0229861921372335e-03 1.218405616309243 9.937927633026428 5.522617087656221 0.004317369606530724 nan 11.9   
17 153 0.5399298117639397 2.2280729396113665 0.00071466826106395 1.2861918508584979e-03 0.018147057428115256 1.7571185774940512 0.12349962310435145 0.0019422722248468082 nan 12.0   
18 162 0.5404991983270914 2.246218613691641 0.000974089983234897 1.2725169821888609e-03 0.0028572378151915908 0.4521675838651086 0.23606747422535299 0.0013483152118840165 nan 12.1   
15 135 0.9426740530009315 2.3069750826197652 0.0012729363381808745 2.1947599784822992e-03 0.1022075336839476 3.2870531991479965 1.17174679177343 0.0027519820208293786 nan 12.1   
17 153 0.5399298117639393 2.2280729396113665 0.000715469681370682 1.2829566192192261e-03 0.01815021076790113 1.7674329156682196 0.1234948092069625 0.0019455575075167195 nan 12.1   
18 162 0.8179498211274796 2.2671720499289343 0.0010229861921372335 1.6148888530940118e-03 0.5304395227970322 2.3493634978823654 1.6596223322689563 0.19946049372573316 nan 12.4   
19 171 0.5667424230727945 2.240093461063698 0.000974089983234897 1.2813605687725441e-03 0.0016408422958774332 0.0032844444251771314 0.0009674040320819595 0.0014848569291091727 nan 12.6   
17 153 0.5843444266234469 2.3066192276109136 0.0009776979220683945 1.4020966981531263e-03 0.021566162289423842 0.662653680841184 0.07434218282044595 0.002914519557719147 nan 12.7   
16 144 0.9347249719861116 2.38590325876948 0.0012729363381808745 2.1996080633181585e-03 0.40060032048485783 18.587942688203967 0.8074698697966303 0.0030071323298446126 nan 12.7   
18 162 0.5302581062521013 2.2250398864837124 0.00071466826106395 7.9867425252561476e-04 0.0014977765506867813 0.002152242809853986 0.000726043666878025 0.0012237675212482002 nan 12.9   
19 171 0.7076861394421482 2.4396381665616644 0.0010229861921372335 1.4351342131921055e-03 0.33677000148574704 31.593532239991923 5.401129298480649 0.002598490306584618 nan 13.1   
18 162 0.5302581062521011 2.225039886483711 0.000715469681370682 7.9652143031135839e-04 0.001503389720223534 0.0021533695403082283 0.0007289685351173532 0.0012237520084636628 nan 13.2   
20 180 0.5158264061191571 2.3234434380207984 0.000974089983234897 1.3472899096897367e-03 0.1729920636901798 3.035631844082156 1.0932137166538392 0.0017215344561708659 nan 13.2   
18 162 0.5404991983270913 2.246218613691641 0.0009776979220683945 1.2713230410133273e-03 0.0028566590883808813 0.4521834359462768 0.2360704472657815 0.0013487760212163862 nan 13.3   
19 171 0.4732510931188863 2.2757108151950893 0.00071466826106395 1.1849964028128957e-03 0.23857527986581722 1.2789124771875555 0.8335837699793104 0.01899834050151739 nan 13.3   
17 153 0.8840071659462541 2.3177766000041005 0.0009909954315438776 9.9099543154387761e-04 1.2183978165766873 9.950035703025204 5.522589183737679 0.004324355499654164 nan 13.3   
20 180 0.7038069749270581 2.433476532530703 0.0010229861921372335 1.0537682916501050e-03 0.3237912219308494 1.6048884862970307 1.1020148052829817 0.0021030513370119243 nan 13.5   
19 171 0.4732510931188862 2.2757108151950876 0.000715469681370682 1.1822707683956273e-03 0.2365223724078324 1.2789144640529364 0.8319488926419416 0.018997804675329147 nan 13.5   
20 180 0.46265141914456115 2.2438485752562314 0.0006898060700534489 6.8980607005344888e-04 0.0012007955773445462 0.43284015841257645 0.00054025340176466 0.0010337303073399589 nan 13.9   
21 189 0.7427558679486492 2.5469830184418845 0.0010028163510510987 1.0028163510510987e-03 0.0028813419078205786 1.5569859066217693 0.23991920652551524 0.001597823501258098 nan 13.9   
19 171 0.5667424230727943 2.240093461063699 0.0009776979220683945 1.2730159127868953e-03 0.0016349670267769535 0.0032857247152722558 0.0009699051554742761 0.0014796133190110923 nan 13.9   
18 162 0.817949821127481 2.2671720499289347 0.0009909954315438776 1.6227463792176664e-03 0.5304364136590303 2.3493678235954802 1.6599318178324236 0.19944180505600692 nan 14.0   
21 189 0.5179473260960703 2.3624406557521445 0.0009737063566054635 9.7370635660546355e-04 0.0016831050276709459 0.02895267091521827 0.002099873075515591 0.0013988281806157042 nan 14.0   
20 180 0.4437582345565957 2.2438485752562314 0.000715469681370682 7.9583226104300157e-04 0.0012022818551482056 0.43284000527233824 0.0004887698393592137 0.0010888154982084063 nan 14.0   
21 189 0.4147416739090208 2.320173724017684 0.0006898060700534489 8.8369247081302132e-04 0.0013218757860445174 1.9127135536265336 0.5472818228616311 0.0010125121639655093 nan 14.2   
21 189 0.41573907684285877 2.259539976816371 0.000715469681370682 7.7451968821069502e-04 0.0029080707234406286 1.1691439088413031 0.2577787949997314 0.000987460109501694 nan 14.2   
22 198 0.7105110062217465 2.7543197225276956 0.0010028163510510987 1.0415079592087429e-03 0.09690449941036151 1.9852264289263106 0.29546393187793596 0.001380994779399317 nan 14.2   
20 180 0.5158264061191568 2.3234434380207984 0.0009776979220683945 1.3440305222480276e-03 0.17299974768296777 3.035632869623751 1.0998360832323877 0.0017257697550252704 nan 14.3   
22 198 0.39371790046246474 2.3666666449728213 0.000715469681370682 9.5821277692890300e-04 0.012175244519475 1.7846414785311888 0.2473025201470412 0.001198216544967894 nan 14.4   
22 198 0.41473744143837493 2.4078314444008644 0.0006898060700534489 7.8768439709684312e-04 0.001225120412381982 0.3652196090827076 0.0008071211343304487 0.0009527087251403837 nan 14.4   
19 171 0.7076861394421494 2.4396381665616635 0.0009909954315438776 1.4273607363112879e-03 0.33676700678610966 31.593534091720127 5.401123730701706 0.002598565653599956 nan 14.4   
23 207 0.6712754388377604 2.9862114438469134 0.0008784825346789813 8.7848253467898130e-04 0.002212058330477271 0.25593524015499347 0.06047055002765169 0.0011954436391643322 nan 14.5   
22 198 0.5397566618020071 2.4923089850173263 0.0009670070957397769 9.6700709573977687e-04 0.0014653370213169683 0.0018819256984106264 0.0004282812634576422 0.0011897845684677966 nan 14.5   
21 189 0.5179473260960695 2.362440655752146 0.0009669698071181666 9.6696980711816660e-04 0.001680756496384771 0.028950377361524504 0.002061353455044878 0.001390673808239409 nan 14.5   
23 207 0.3490475385026151 2.3416014659694233 0.000715469681370682 9.5771684473438504e-04 0.0015316112856981424 0.2831597561742608 0.01738542518832069 0.0012509254965173866 nan 14.5   
23 207 0.3822592955991346 2.706677206351985 0.0006898060700534489 7.0807247883538141e-04 0.0012515158305450697 0.48495137450226744 0.009795214662196162 0.0010285902409843642 nan 14.6   
20 180 0.7038069749270593 2.4334765325307033 0.0009909954315438776 1.0448568117169480e-03 0.3237912123133984 1.604889433019565 1.1020237159009298 0.002105548637684109 nan 14.6   
23 207 0.5452915122561194 2.571197268023962 0.0008938468186104992 8.9384681861049916e-04 0.001560667045880235 1.0370338423391052 0.06976762694015232 0.0010640629145738315 nan 14.8   
24 216 0.3133352088330002 2.4749119612912334 0.000715469681370682 8.2280636673294505e-04 0.0010260645673415179 0.0017579588111550455 0.00028997799300599207 0.0008869920797309649 nan 14.8   
24 216 0.6273924062964885 2.786773728400106 0.0008784825346789813 1.2499983041969448e-03 0.01598598532327213 0.3092233264702083 0.08730831075131722 0.0015654472015439137 nan 14.8   
22 198 0.539756661802006 2.4923089850173263 0.0009632243260552147 9.6322432605521467e-04 0.0014724013437987303 0.0018762624752943677 0.0004303126291178986 0.0011823706452038173 nan 14.9   
24 216 0.3591086427824277 2.7818427583368104 0.0006898060700534489 8.8911641564703590e-04 0.0010421214857308102 0.14828783520098235 0.03166998906633577 0.0009923445820832677 nan 14.9   
21 189 0.7427558679486506 2.5469830184418862 0.0009909954315438776 1.0099020253622225e-03 0.003298006770895951 1.5569677127581911 0.23992189163404762 0.001595379814987941 nan 14.9   
25 225 0.3152090316731248 2.4002750541492026 0.000715469681370682 7.6151703140469955e-04 0.0009802389614884286 0.5177563088651855 0.12829055890380023 0.0008806091762411968 nan 14.9   
24 216 0.5330109991819391 2.6661576202226795 0.0008938468186104992 1.2494121885968839e-03 0.0022474535741482714 0.1346348800161114 0.0409217366385682 0.0015790497277254922 nan 15.0   
25 225 0.339178664000938 2.9922128934324426 0.0006898060700534489 7.4333197612158511e-04 0.0013221128585578128 0.019051853368966615 0.0056557100905213434 0.0010143045664045927 nan 15.1   
25 225 0.6313231667877565 2.9354195491452266 0.0008784825346789813 9.4099867440388893e-04 0.0019532203023860896 0.08095906505446467 0.0005872603284015785 0.0015110277978479508 nan 15.1   
22 198 0.710511006221748 2.7543197225276947 0.0009909954315438776 1.0396080249256568e-03 0.09753024718078136 1.985535593181611 0.2982556991418367 0.0013880194964068775 nan 15.1   
26 234 0.302243176960542 2.4958692265173537 0.000715469681370682 7.8983921967226646e-04 0.013336989313460855 0.2648156778592424 0.046827576480283864 0.0029317195550203185 nan 15.1   
23 207 0.5452915122561183 2.5711972680239628 0.0008915468765383965 8.9154687653839645e-04 0.0015547223764351247 1.0370176592127398 0.0697603503234969 0.0010629333964470942 nan 15.1   
25 225 0.5104860131887086 2.639745007696203 0.0008938468186104992 9.2291875705208541e-04 0.0013196754902725682 0.0407435033914127 0.016366229856835418 0.0010993135199257598 nan 15.3   
26 234 0.3270404711947538 3.2080798259168732 0.0006898060700534489 7.9046906497315709e-04 0.0010134406289525136 1.0242040928643628 0.021433350072707504 0.0009537380249804027 nan 15.3   
23 207 0.6712754388377622 2.9862114438469143 0.0008684850350271054 8.6848503502710535e-04 0.0022133606814563685 0.25591433292384697 0.06047688233729493 0.0011948540980953545 nan 15.3   
27 243 0.2818006804201463 2.609883208251521 0.000715469681370682 8.3670418345205071e-04 0.0010582600414968302 0.03919077958790727 0.00996083357401907 0.0009425840610890617 nan 15.3   
26 234 0.6570797013721664 3.1121797905186455 0.0008784825346789813 1.2138645548630494e-03 0.00188106389421141 3.2222759232754274 0.13705014401932078 0.0013489523062817517 nan 15.3   
24 216 0.5330109991819382 2.6661576202226818 0.0008915468765383965 1.2418917314293131e-03 0.002249851152638825 0.1346614726326777 0.04092677680479535 0.0015769264529409523 nan 15.3   
26 234 0.4602673323581325 2.638283283613764 0.0008938468186104992 9.0127278972171071e-04 0.007637279317514463 0.8797158437045708 0.2262077309704181 0.0011832390321793677 nan 15.4   
28 252 0.28479795067052616 2.667497941978321 0.000715469681370682 1.0082976687614811e-03 0.0024145516136318316 0.17316466833700925 0.0032235240145421827 0.0010996041064939503 nan 15.5   
24 216 0.6273924062964926 2.786773728400105 0.0008684850350271054 1.2407480250073133e-03 0.015976813170048558 0.3162245658534547 0.08731968501396391 0.0015662162770023918 nan 15.5   
27 243 0.3289858230637978 3.395971105702546 0.0006898060700534489 7.9300705945359350e-04 0.0018315618870260219 0.1496036398773919 0.021010803584398795 0.0008974944695275117 nan 15.5   
27 243 0.674575699155434 3.1891403083799106 0.0008754108685779294 8.7541086857792938e-04 0.0015365650080481875 0.6107806416223356 0.2676132715881044 0.0014237350569231207 nan 15.5   
25 225 0.5104860131887081 2.639745007696199 0.0008915468765383965 9.1303667310414370e-04 0.0013179945432548609 0.04076824241827018 0.016361193427235157 0.0011043596598996708 nan 15.6   
27 243 0.4384590489901597 2.740120022069138 0.0008938468186104992 9.2304347951143123e-04 0.001156844049539471 1.5226329212607317 0.010775365069337236 0.0010626161581876081 nan 15.6   
28 252 0.3168213454476544 3.4769452098591933 0.0006898060700534489 8.6987366509723690e-04 0.0010156865217836087 0.016292603105963623 0.00022582099052353857 0.0008966221491827322 nan 15.7   
25 225 0.6344881915185869 2.9354195491452244 0.0008684850350271054 9.4348745418588813e-04 0.0019616173919859833 0.0809496981207864 0.0006018139079666054 0.001497994491432676 nan 15.7   
29 261 0.29915357374638357 3.0006571156460873 0.000715469681370682 8.9031188497460507e-04 0.0010860930650352899 0.0012613413163322337 0.0002261914584195015 0.0009926757626885479 nan 15.7   
28 252 0.6378908155117093 3.2999586015267823 0.0008754108685779294 1.1818999262919409e-03 0.0018222964026717615 0.7254735999181764 0.13749422656622856 0.0016188733182814206 nan 15.7   
26 234 0.460267332358132 2.638283283613764 0.0008915468765383965 9.0062547074569682e-04 0.007631014606359883 0.8797242645315161 0.22620337273985597 0.0011850896035974182 nan 15.8   
29 261 0.3154753793481207 3.873070943767134 0.0006898060700534489 7.8384082477523655e-04 0.0009165945765025763 0.0012919988348560015 0.0001767297467563482 0.0008531212793238614 nan 15.8   
28 252 0.42916757628812363 2.7863722748588398 0.0008938468186104992 1.2557966471968237e-03 0.005261841840393175 0.4486241077912779 0.1689334667526156 0.002093465466378305 nan 15.8   
30 270 0.3132670744973632 3.0453748184126495 0.000715469681370682 7.4018785956520689e-04 0.0012527212230007362 0.20493571041325648 0.02681823401179498 0.0008972369821440639 nan 15.9   
26 234 0.6610420369511231 3.1138585407438484 0.0008684850350271054 1.1943904569097243e-03 0.0018851838920250356 3.0661391528558912 0.1966776620062596 0.00133837283250272 nan 15.9   
29 261 0.5962073627771469 3.5054380399457306 0.0008754108685779294 1.1476020134690019e-03 0.0016108409976373726 0.002972417182603444 0.00040700787740389805 0.0014544641273260127 nan 16.0   
27 243 0.44085731263975103 2.740120022069138 0.0008915468765383965 9.2610016399732181e-04 0.0011526922107267413 1.5247312502637 0.010787150693393043 0.0010585602839217848 nan 16.0   
30 270 0.31211393919689684 4.082444212939412 0.0006898060700534489 7.9285686835586040e-04 0.0010298773189543916 0.012997245112253395 0.0004438680396657848 0.0008825649644525033 nan 16.0   
31 279 0.30482200924791186 3.33432394591187 0.000715469681370682 8.3617168153198073e-04 0.000880758054754142 0.02631669491945765 0.010571227318864363 0.0008516463292245717 nan 16.1   
29 261 0.42105001040059886 2.885939257232652 0.0008938468186104992 9.8650325061446376e-04 0.0012776642987524056 0.14655348366131804 0.0020488018854293165 0.0011624110881106966 nan 16.1   
27 243 0.640973479437596 3.193525014150918 0.0008684850350271054 9.0921395074218547e-04 0.0015352183902478122 0.6736462788365518 0.17061271113227844 0.0014653402208834381 nan 16.2   
31 279 0.30633146407139605 4.314006598485551 0.0006569176026163358 6.5691760261633576e-04 0.0008715167847493264 0.058121892082943306 0.0003870701306309403 0.0007657379084287891 nan 16.2   
28 252 0.40279955402991197 2.7828401978316615 0.0008915468765383965 9.5245429091639420e-04 0.0041439639319494305 0.4297588713929899 0.17467883600004186 0.0013117296816609785 nan 16.2   
32 288 0.30942615355717684 3.537770509835716 0.000715469681370682 7.9633436405389575e-04 0.0011723082396210875 0.026866111906370463 0.01151271983675857 0.0009222360696848126 nan 16.3   
30 270 0.5783407518105834 3.602400174343125 0.0007442190131748555 7.4421901317485548e-04 0.0015781633347769248 0.23359940460579814 0.0013065479430220783 0.000980602707441432 nan 16.3   
28 252 0.610957075946302 3.2784735620281285 0.0008684850350271054 1.1202933090727182e-03 0.0022700349235985134 0.5383776114379305 0.08584118044507935 0.0014186959876462146 nan 16.3   
32 288 0.28833038586197735 4.328198041119688 0.0006569176026163358 7.8468262301153980e-04 0.007396862347858876 0.35154235771485354 0.022868330454743877 0.0013229892366491602 nan 16.4   
30 270 0.3969367288988079 2.8762399961455065 0.0008938468186104992 9.6596425760592773e-04 0.0011541185704822114 0.09190634912820785 0.01348665871835005 0.0011307023324894272 nan 16.4   
33 297 0.322868953410185 3.883797206484325 0.000715469681370682 8.1832544107759758e-04 0.001143416326370835 0.1792405207167792 0.014144051787247258 0.0009364335075420373 nan 16.4   
29 261 0.3618845887006987 2.8764720421293672 0.0008915468765383965 1.0088962303288652e-03 0.0011477206269986733 0.19509834693912026 0.0817511355028817 0.0010575820084814268 nan 16.5   
31 279 0.5915287005171169 3.7939930656147465 0.0007442190131748555 1.0144227125974366e-03 0.0017656543276541444 0.07329072034901149 0.036021305202098716 0.0011984687007617935 nan 16.5   
33 297 0.28876051359311594 4.098183832272773 0.0006569176026163358 7.3134330803709374e-04 0.0010920369977814642 0.03406732822424524 0.00033565972968421255 0.0008786970967597716 nan 16.5   
29 261 0.6102900624990915 3.6183664732850613 0.0008684850350271054 1.0435572259898966e-03 0.0013528910844069115 0.421877291779713 0.0017154567578732845 0.0011089896135623907 nan 16.6   
34 306 0.3265586268957223 4.451928024841237 0.000715469681370682 7.5321841337240873e-04 0.001089652157404555 0.0028064102796950567 0.0005010573192366192 0.0008340701718800609 nan 16.6   
31 279 0.4016824927693463 3.061535629489533 0.0008938468186104992 9.4234736169138860e-04 0.0014588288747321696 0.05335167529391631 0.002798662008383805 0.001168361867690417 nan 16.6   
32 288 0.5705176318330841 4.247092632961989 0.0007442190131748555 1.1355129367308970e-03 0.0020864648244064096 0.20503077472829775 0.023295969934716033 0.0012764223090124382 nan 16.7   
34 306 0.27872325043169005 4.232600015621053 0.0006569176026163358 7.0281920058513263e-04 0.0009089590107356868 0.05892099778431304 0.00014146801291974932 0.0008140841168741946 nan 16.7   
30 270 0.36513642507211913 2.906039055599773 0.0008915468765383965 8.9797987806907690e-04 0.0012139269063996 0.004001566465076537 0.0002622443116885901 0.001059319982893941 nan 16.8   
35 315 0.30076223461039625 4.9256727404921286 0.0006858505968649844 6.8585059686498441e-04 0.0009000471236647362 0.0011276519839222704 0.00022904284913506353 0.0008793674336217442 nan 16.8   
30 270 0.6273767574386881 3.6186845252935016 0.0008684850350271054 9.0428759195815072e-04 0.0013066226089131572 0.015128889423244684 0.00032158329126935224 0.0011762629178851784 nan 16.8   
35 315 0.3090559717006013 4.530739330611101 0.0006506161680903235 6.5061616809032347e-04 0.0007709401457158539 0.05872577603366279 0.0032342470581470844 0.0006940161959824093 nan 16.9   
32 288 0.3776039711126255 3.235375153897822 0.0008938468186104992 1.0654092734818830e-03 0.001275547304560877 0.0371048033635515 0.013351189775081082 0.001125653983398134 nan 16.9   
33 297 0.5296561348848748 4.0336713788518965 0.0007442190131748555 1.0462806245324172e-03 0.0017356687091180617 0.5259952926219892 0.1394990979869002 0.0013454142905134862 nan 16.9   
36 324 0.29252576254004203 5.043399959024547 0.0006858505968649844 6.9061792570168212e-04 0.0009114190636984414 0.0009523383124634026 7.007623492001971e-05 0.0008493899113036461 nan 16.9   
31 279 0.3821573057284405 3.276071014285444 0.0008915468765383965 1.0238873508096205e-03 0.0012110288212307007 0.14409574497592922 0.03980334589356848 0.001076972623918445 nan 17.0   
36 324 0.29962155446787697 4.747582211436501 0.0006506161680903235 7.8987645954034773e-04 0.000980322456591924 0.09596636702668196 0.005495089510420973 0.0008315283593074505 nan 17.0   
31 279 0.6397168350876924 3.7555404461513033 0.0008684850350271054 9.8615707885626601e-04 0.0033220838869475596 1.0462968095663077 0.2528094809531311 0.0012198692635659763 nan 17.0   
37 333 0.2873784844556642 5.559791561241761 0.0006858505968649844 7.9330753992211183e-04 0.0009531134429816829 0.4782664923215527 0.011161481868874435 0.0008173223140741709 nan 17.1   
34 306 0.48796965359472605 3.993863452840028 0.0007442190131748555 8.5441591295472524e-04 0.0011192846469190872 0.4888714261424966 0.046179065308218074 0.0010585582769189433 nan 17.1   
33 297 0.3300935905829538 3.4195413808786785 0.0008938468186104992 1.0289191989302146e-03 0.001187835881668915 0.1560953359038259 0.031194190562705715 0.0011274671021127315 nan 17.1   
37 333 0.2789735172662524 4.648414847048962 0.000637739061116966 6.3773906111696599e-04 0.0007610720955082402 0.0011321949373360304 0.0002248686138402456 0.000704193957074129 nan 17.2   
32 288 0.42112433795198556 3.6110009492828232 0.0008915468765383965 9.4456778340048554e-04 0.0012346933051188694 0.007638481808640408 0.001329295140001322 0.0010633874525406441 nan 17.2   
32 288 0.7286720007917163 3.908470131058253 0.0008684850350271054 8.8734924307696291e-04 0.0016544223606440062 0.08344478208545258 0.01492585948455278 0.0011863968809443547 nan 17.2   
38 342 0.2591811752715187 6.270556838440471 0.0006858505968649844 7.2780630196863749e-04 0.0008199593702028274 0.0028153005652201833 0.0011275787254274514 0.0007739506397871516 nan 17.2   
35 315 0.4956268169933331 4.103786053758574 0.0007442190131748555 8.8246779671987351e-04 0.0012952279335391311 0.21257575705392312 0.0009893846589633683 0.0009857734947549314 nan 17.3   
38 342 0.2531907085479079 4.939831565746867 0.0006351304599550333 6.3513045995503329e-04 0.0008222099519767723 0.006887531894008609 0.000552621639620272 0.0007806166632115274 nan 17.4   
34 306 0.31562955974409274 3.744174422552358 0.0008938468186104992 9.2623978261225455e-04 0.0011908654339962538 0.008004133408066797 0.0012551709356470335 0.0010361132924224389 nan 17.4   
39 351 0.2584279250252959 6.608225268948844 0.0006858505968649844 7.1775953654414808e-04 0.0008280711870706699 0.02819623470590366 0.009372640765768641 0.0007554046735361924 nan 17.4   
33 297 0.42975994852022953 4.041391683435971 0.0008878076066672585 8.8780760666725854e-04 0.0109828670658137 0.26582519549334815 0.07483006854330729 0.0009986964263260514 nan 17.4   
36 324 0.4605390331109082 4.070617388249011 0.0006425695835811216 6.4256958358112164e-04 0.04079845468747728 0.29472744995895905 0.07931866806228033 0.022713090065624573 nan 17.5   
33 297 0.8237247626497287 4.175078021113516 0.0008684850350271054 1.1872225785826941e-03 0.002273960783808419 0.5165919303992427 0.10977508789752198 0.0013754243374416027 nan 17.5   
39 351 0.2246535315112711 5.303620940846073 0.0006351304599550333 6.4632808140790607e-04 0.0007884834216860268 0.0009473336262238859 0.00018470307667733162 0.0006935233824310799 nan 17.5   
40 360 0.22049067736738992 7.724031505996824 0.0006858505968649844 7.6393473340075557e-04 0.001710164849234711 0.0966577204885552 0.007294771291566076 0.0008420668723761835 nan 17.6   
35 315 0.3035775574204661 3.9854123741619767 0.0008584015476062469 8.5840154760624687e-04 0.0010194677553541612 0.010531501090587985 0.0006738190691695458 0.0009331579486335616 nan 17.6   
34 306 0.39591264560930717 4.6072818227435395 0.0008878076066672585 9.9968003592602103e-04 0.05174339600105336 1.2167867002958284 0.4252419933092333 0.001061206673990258 nan 17.6   
37 333 0.4130171145442703 3.9841031440480235 0.0006425695835811216 6.8173917686424721e-04 0.010331910501093285 0.34433449783203673 0.08616148759562801 0.0008860368076222464 nan 17.6   
40 360 0.2110846728247452 5.922152970722074 0.0006122002695146613 6.1220026951466127e-04 0.0017266984782764614 0.015569756010321624 0.010337991404907309 0.0006456706759615921 nan 17.7   
34 306 0.7868143554106009 4.552611121060143 0.0008684850350271054 1.2036152234621018e-03 0.22498357409682224 4.2270762485637245 1.1663424982786854 0.0019433860112098795 nan 17.7   
41 369 0.21439430108551613 7.97447120523792 0.0006858505968649844 6.9617783677926510e-04 0.0008032256033289649 0.0660153164811975 0.005014962461075315 0.000728072991382767 nan 17.7   
38 342 0.3809534787490783 4.137041818086602 0.0006425695835811216 7.1208706768406433e-04 0.0055974215853113055 0.23495153829331966 0.0655980923095425 0.000883498616707282 nan 17.8   
36 324 0.2851956411617477 3.892658097092991 0.0008584015476062469 8.6004273377664621e-04 0.001165296135156694 0.289153354792086 0.09899045858199242 0.00096410991196182 nan 17.8   
41 369 0.19967626432720187 6.085667956114828 0.000573248397483934 5.7324839748393395e-04 0.0006697734519652292 0.0010164998879058304 6.667977949657595e-05 0.0006520538695336226 nan 17.8   
35 315 0.3806677935890129 4.971967960030597 0.0008827216800454555 8.8272168004545554e-04 0.0010044223193586396 0.09810143362799675 0.006969528392963186 0.0009728284286336368 nan 17.8   
42 378 0.2160541635575967 8.407038880514946 0.0006685001692083871 6.6850016920838714e-04 0.0007392382336165152 0.13261948095629836 0.0011416143118316655 0.0007026014313801354 nan 17.9   
39 351 0.33823142543960233 4.442661773908678 0.0006425695835811216 8.4749770993718858e-04 0.013950663565639126 0.1189894676983753 0.06352065829960285 0.000928757176641051 nan 17.9   
42 378 0.18630267086525198 6.238500845600848 0.0005730896800831994 5.7308968008319943e-04 0.0006243731600315266 0.0010222444578047722 0.00010224491694398432 0.000616931582704841 nan 18.0   
37 333 0.2558813216286098 3.8699920363477194 0.0008584015476062469 8.8109396351573107e-04 0.0009580241860892322 0.021255830298036356 0.007152775686905789 0.0009015884605161587 nan 18.0   
35 315 0.7676356416996063 4.805165634505512 0.0008684850350271054 1.3432272400562004e-03 0.002613089182534724 1.6460368502161362 0.3452085981221462 0.0018433159810399785 nan 18.0   
43 387 0.2078744443674652 8.581892985493486 0.0006661882502105648 6.6618825021056479e-04 0.0007729414556707993 0.013765769169183276 0.001874937161640779 0.0007093295516828334 nan 18.0   
36 324 0.3715123815046524 5.013610794671209 0.0008596231180829608 8.5962311808296084e-04 0.0011550626748466845 0.17531878496622216 0.0035324521138252285 0.001012570751461331 nan 18.1   
40 360 0.32080249185453624 4.807021122447448 0.0006425695835811216 7.5623293636497581e-04 0.000941759206382526 0.016843887839679175 0.0002541828483980632 0.000826599756394704 nan 18.1   
43 387 0.1638674800208563 6.487023713875042 0.0005730896800831994 5.7932721041127849e-04 0.000714433272154394 0.016173560620578 0.006381897209453874 0.000658398671114542 nan 18.1   
44 396 0.18304135842877836 8.934971104835533 0.0006661882502105648 6.9707738843282404e-04 0.0007257468701146767 0.017000210259537685 0.0004502195293543431 0.0006981020582144254 nan 18.2   
38 342 0.23536604527525654 4.122265439533354 0.0008584015476062469 8.6737471979672295e-04 0.0009674876014844868 0.03667951748973661 0.0002607460047797225 0.0009227693061100921 nan 18.2   
36 324 0.6914041076418562 5.203851333093372 0.0008684850350271054 1.2527599365461945e-03 0.0019524952933650719 17.226993666068424 0.5810153349670649 0.0014153173782752429 nan 18.2   
37 333 0.35180568167728776 5.217614087764469 0.0008596231180829608 9.0473202575430537e-04 0.001034213208014096 0.02990890962913739 0.0030359351017932253 0.0009550352564954581 nan 18.3   
44 396 0.14261859340552246 6.647055460000924 0.0005622349572917926 5.6223495729179260e-04 0.0006858437268331997 0.0020248901908143137 0.0003659256550218042 0.0006440142916833485 nan 18.3   
41 369 0.30582369961275385 5.0367502296921485 0.0005763965303954626 5.7639653039546265e-04 0.0009844033263118688 0.33511027390994097 0.0038819598044124003 0.0007618623412914294 nan 18.3   
45 405 0.17567987891522305 9.099245253491679 0.0006586596229435425 6.5865962294354248e-04 0.0007358696192995588 0.0017714412828753702 0.0002873522023958741 0.0006954068490428912 nan 18.3   
39 351 0.22423940548391189 4.3741683879273685 0.0008584015476062469 8.9754771816073374e-04 0.000926277827117355 0.042299518322418315 0.0271647487591093 0.0009009144389879882 nan 18.4   
37 333 0.627734290624034 5.102371100898805 0.0008684850350271054 9.0489604021478710e-04 0.0011169102466099458 0.06031960795390363 0.0015649591612954946 0.0010584047900474487 nan 18.4   
45 405 0.12364987205282274 7.000124518720496 0.0005622349572917926 5.9041093893381501e-04 0.0006248682052166411 0.0012153521321043473 5.8452336214826666e-05 0.000598272521360047 nan 18.4   
42 378 0.289730881264865 5.222053166228106 0.0005763965303954626 6.5699643476659650e-04 0.0007695353505587622 0.0028718616834874497 0.00016551468810648581 0.0007251776448167465 nan 18.4   
46 414 0.162820162580364 9.801066332366984 0.0006586596229435425 6.8159031655920662e-04 0.00069860194146428 0.008674670895846026 6.402505690456775e-05 0.0006922009432260186 nan 18.5   
38 342 0.33693276615195883 5.658891960126684 0.0008596231180829608 9.1530257427566749e-04 0.0010293977306465505 0.026240010244482945 8.802623528208304e-05 0.000974522740180234 nan 18.5   
46 414 0.12027141457326368 6.953368519989519 0.0005622349572917926 5.6907741277691343e-04 0.0006242352429286422 0.0006836078341223101 4.920059067152396e-05 0.0005998560799765993 nan 18.6   
40 360 0.2265739851048561 5.066008731600267 0.0008584015476062469 8.6144714462097719e-04 0.0009637499336597559 0.0019793478387433662 6.646874573585878e-05 0.0009331212458687059 nan 18.6   
43 387 0.2561847990745449 5.342639847854374 0.0005763965303954626 6.6428213769578238e-04 0.0009358478479920913 0.03773011768469303 0.0007283724099199627 0.0007578707055109202 nan 18.6   
38 342 0.5407202445259114 5.329310571095862 0.0007598602932561728 7.5986029325617282e-04 0.0012173846177354663 0.012213980683906922 0.000426439980890542 0.0010326580692780626 nan 18.6   
47 423 0.15313230795713373 9.986156813125344 0.0006242219392014062 6.2422193920140621e-04 0.0006844618121642514 0.0012419630065182976 3.84774951778142e-05 0.0006640732498286963 nan 18.6   
47 423 0.11708969241202771 7.3000099016058115 0.0005426600090019279 5.4266000900192793e-04 0.0006084234932705828 0.000723282950868534 6.107415110061883e-05 0.000579464615654502 nan 18.7   
39 351 0.3056323544420929 6.162477666946922 0.0008596231180829608 8.6039263594753451e-04 0.002886362686522752 0.06744575806183574 0.04691552791105062 0.0009974205817958753 nan 18.7   
44 396 0.25210011384883 5.686471708185369 0.0005763965303954626 6.1389267674395926e-04 0.0007293806216109042 0.0013974634981041897 0.00010172637248624119 0.0006994889731869387 nan 18.8   
48 432 0.14459673728494826 9.110515521967411 0.0006242219392014062 6.3129023078226782e-04 0.0006912717723291625 0.0015123124064834966 0.0001864175187188743 0.000636387541538352 nan 18.8   
39 351 0.5144522644233371 5.746384922639677 0.0007598602932561728 8.4546316279631903e-04 0.001060336228866461 0.5540900849271404 0.20339570592734507 0.0009121938359064573 nan 18.8   
41 369 0.23910520096350585 5.273801945945745 0.0008584015476062469 8.6044740656304405e-04 0.0009293633046458251 0.07973574817193951 0.0020415890609257804 0.0008745556382284224 nan 18.8   
48 432 0.12332517473167319 7.570964258232503 0.0005426600090019279 5.6214135116249193e-04 0.0007100986813031886 0.006374508633358301 0.0009498186934118702 0.0005908192125202244 nan 18.9   
49 441 0.13850425475167086 8.935008533252017 0.0006169127552130403 6.1691275521304028e-04 0.0006876531686280371 0.0027075865784429278 0.0002940385191114365 0.0006367442193398523 nan 18.9   
45 405 0.23539932766472016 6.052496831400938 0.0005763965303954626 6.5397008482403931e-04 0.000814139390767317 0.02377547460092655 0.0002823884755998995 0.0007780461417632512 nan 18.9   
40 360 0.4976605185316395 6.723463621100429 0.0006473024181812398 6.4730241818123984e-04 0.0012767538141517198 0.3112505918324564 0.03455364072992137 0.0008268758578664677 nan 18.9   
40 360 0.30449693441530007 6.88906159050446 0.0008497134014682529 8.4971340146825294e-04 0.001054771965964295 0.024167447590812182 0.0013209407987832603 0.0009711333082664767 nan 19.0   
42 378 0.2289417690461565 5.5365705320383745 0.0008568526062610182 8.5685260626101824e-04 0.0009139092345681513 0.01133330187039266 8.486837231729656e-05 0.0008844780622384666 nan 19.0   
49 441 0.12659508067663164 8.255885014889227 0.0005311470666205144 5.3114706662051438e-04 0.0005970303940682158 0.0008370248795778133 5.327186688198994e-05 0.0005673934704863363 nan 19.0   
50 450 0.1444605076744148 9.937219478935601 0.0006137913188941382 6.1379131889413823e-04 0.0006526860125859612 0.003201192617645179 9.751717814525081e-05 0.0006387844342442779 nan 19.1   
46 414 0.2128587608645549 6.01594245953316 0.0005763965303954626 6.3152096941745798e-04 0.0012339057015167164 0.004967924401768044 0.002356519580982413 0.0007748448677421301 nan 19.1   
41 369 0.4837140673817976 7.010402387380336 0.0006473024181812398 6.5077563104752557e-04 0.012692373481827193 0.20270312620580316 0.07801830168498304 0.0025679429552689943 nan 19.1   
50 450 0.11817059601652972 10.120506902926042 0.0005311470666205144 5.3397279386205147e-04 0.0005925576591702622 0.0028071838902765977 0.0007734553939346499 0.0005671856442939939 nan 19.1   
43 387 0.231644165059398 5.897442020833884 0.0008251737094741328 8.2517370947413277e-04 0.0009580816384000489 0.009868775004760407 0.0022618149800233247 0.0008720303366228997 nan 19.2   
51 459 0.14064358394097698 10.036478125271191 0.0006102903653557198 6.1029036535571984e-04 0.0006764707381485154 0.0017271711784930268 0.0002179248931800427 0.0006293368356739306 nan 19.2   
47 423 0.20029971826179563 5.6889509070521305 0.0005763965303954626 6.0494676327431569e-04 0.0007017951781414872 0.001583214844444096 0.0002799414962615961 0.0006581571610315802 nan 19.2   
41 369 0.2746317234590825 7.115014570161791 0.0008497134014682529 8.6713975575964958e-04 0.0009601453104917247 0.05535932570588157 0.005273298966963264 0.0009091800300846406 nan 19.2   
42 378 0.47291465718506825 6.957988047035972 0.0005975962114229743 5.9759621142297433e-04 0.0008394452362219226 0.001835103433818114 0.00034719974169722997 0.0007258889788477484 nan 19.3   
51 459 0.11156793134334198 10.182696911231844 0.0005311470666205144 5.3406384046679966e-04 0.0006061047591401054 0.004085851509116934 0.00046732067368201406 0.0005468998481214142 nan 19.3   
52 468 0.15671564051496692 10.227814777953476 0.0005925981737462953 5.9259817374629530e-04 0.0006601437489415548 0.001592902103138606 0.00019616154312916256 0.000618215556369085 nan 19.4   
48 432 0.1771165192829076 5.684550091426729 0.0005746725933424754 5.7467259334247544e-04 0.001419500838844628 0.01542366652930455 0.004458895638173804 0.000648930053649929 nan 19.4   
44 396 0.2238173459227275 6.466180225589571 0.0008251737094741328 8.4293895137009230e-04 0.0009005826601615806 0.012502494427805447 0.0007581785476153948 0.000867881531667408 nan 19.4   
52 468 0.117540687341484 10.622443184242124 0.0005311470666205144 5.3923154733237651e-04 0.0005864303062630848 0.0015696961977522894 0.00022585939597676128 0.0005614475180177974 nan 19.4   
42 378 0.2714938769686659 6.898433807073709 0.0008497134014682529 8.6963158218487891e-04 0.0009208294969012407 0.006874913732650684 0.0002931270422167246 0.0009075593788156233 nan 19.5   
43 387 0.4801309814408553 7.266405935789499 0.0005975962114229743 7.7273746699432126e-04 0.019842861135364796 0.23010148856684026 0.12582850748242058 0.0009437904676025972 nan 19.5   
53 477 0.1387967903404547 9.99935924181548 0.0005925981737462953 6.1644251769586397e-04 0.0006427115752671393 0.0027863160134934065 0.00024177564159752983 0.0006369870981442172 nan 19.5   
49 441 0.1586034388670127 5.547203169957628 0.0005746725933424754 5.8568152283260946e-04 0.0006731926555045497 0.006496660280254531 0.0006353370571986224 0.0006391369521265739 nan 19.5   
45 405 0.23124833277716325 6.945876842241041 0.0008251737094741328 8.5126807357316185e-04 0.0011411511559355752 0.042174755621425836 0.01205763485409075 0.0008848607478983059 nan 19.6   
53 477 0.11207789658331209 10.431339185587323 0.0005311470666205144 5.4156736727113545e-04 0.0008753151079311813 0.0019087968587601792 0.0005249348821164857 0.000566573796546504 nan 19.6   
54 486 0.13204086896801448 10.287779024099747 0.0005856161892843553 5.8561618928435529e-04 0.0006519092081111499 0.0009221711627747002 0.0001499447206332452 0.0006285186437461421 nan 19.6   
44 396 0.4578466146405282 7.356241219395606 0.0005975962114229743 7.7564595538451428e-04 0.0010365548166745757 0.05222572214977069 0.009707971564250182 0.0009091604602943315 nan 19.7   
50 450 0.14777286253006186 5.561762047114462 0.0005746725933424754 5.8449608249249113e-04 0.0006698942327671085 0.0029084565017963937 0.00037550660362598313 0.0006362276365122688 nan 19.7   
43 387 0.24671091304911721 7.036742558857309 0.0008497134014682529 9.0248192389052204e-04 0.0018016404270305023 0.01753018674754826 0.006632688902509051 0.0009853768722367009 nan 19.7   
54 486 0.11276265723870067 10.475368653802354 0.0005311470666205144 5.5989425455534676e-04 0.0007301239937515714 0.004117668843868483 0.0021628020300757545 0.0005988728689222316 nan 19.7   
46 414 0.23243251278718502 7.515186119741436 0.0008251737094741328 8.4866249873798030e-04 0.004968269108295241 0.05188902185120418 0.0118301922714311 0.0009463510722593465 nan 19.8   
55 495 0.13177274160190566 10.278243323330598 0.0005757373428453663 5.7573734284536635e-04 0.0006672106411306411 0.001351406488941775 0.0005251505934418786 0.0006265240639942652 nan 19.8   
45 405 0.4641934018441633 7.285877692010248 0.0005975962114229743 9.2813906268137130e-04 0.01564217602801585 0.13098969588054588 0.062433724722778035 0.0009599248033094684 nan 19.8   
51 459 0.1356222011236628 5.5520020585258285 0.0005746725933424754 5.7538050447070524e-04 0.0006093784118675028 0.007585114952310971 0.00010057486329324622 0.0005951199529611162 nan 19.8   
55 495 0.1042143758464755 10.359264365955676 0.0005311470666205144 5.3507928712888647e-04 0.0005858365487139345 0.0006754206632311162 4.7998064792449126e-05 0.0005662012339859252 nan 19.9   
44 396 0.22143775854254272 7.161500693552423 0.0008497134014682529 8.6608182737269758e-04 0.0009521308398275923 0.020842330287246684 0.0005983207676004527 0.0009140487370602496 nan 19.9   
56 504 0.11808283672930846 10.651005011561798 0.0005744750180831049 5.7447501808310486e-04 0.0006354339238232854 0.0010999195880680252 4.820901053138188e-05 0.0006186362478323906 nan 19.9   
47 423 0.22458694222271777 7.7186609617673305 0.0008251737094741328 8.5745550231363917e-04 0.0014607366274017178 0.02155766024314293 0.007822136693904259 0.0008824118150246652 nan 19.9   
52 468 0.12477768569195383 5.694184721910043 0.0005660366986844362 5.6603669868443617e-04 0.0006105381937517614 0.0008812720187765472 0.00013191507287623112 0.0005822468338543346 nan 20.0   
56 504 0.10680435074802445 10.609173321638218 0.0005311470666205144 5.5060766715159595e-04 0.0005647534140823377 0.0014451425220481382 0.0003560822195282356 0.000558838978855116 nan 20.0   
46 414 0.41660098144212876 8.35143264434018 0.0005975962114229743 8.3595255302200996e-04 0.0011248458353298513 0.2851005284513069 0.2186511862205393 0.0010425190071460767 nan 20.0   
57 513 0.11219041674318482 10.96415857194528 0.0005744750180831049 5.7538562352532077e-04 0.00061297166421438 0.0013710877555082105 0.00025174082356494494 0.0005949269384297565 nan 20.1   
53 477 0.11669719129895889 6.0007943236814265 0.0005640608046599277 5.6406080465992768e-04 0.0006065872803951011 0.0009134183489854218 0.00011318155850476746 0.0005752400383501316 nan 20.1   
57 513 0.10189404723328938 10.974182539057386 0.000524975620020926 5.2497562002092599e-04 0.0005703840847140796 0.0007457389641309862 6.734645368262817e-05 0.0005367065051077103 nan 20.1   
45 405 0.2047077479425262 7.584412354246637 0.0008426982310544022 8.4269823105440219e-04 0.0009465993122114033 0.03313551389354159 0.0035354925060470587 0.0009051583849402816 nan 20.1   
48 432 0.2022596773560881 8.05409245389394 0.0008251737094741328 8.4278782686864463e-04 0.0008998808998127374 0.009002419705665751 0.00035178643665471194 0.0008566448796650504 nan 20.1   
47 423 0.3975950926717108 8.16224611286194 0.0005975962114229743 6.8887476114963151e-04 0.0008879053290507547 0.0035798914248634283 0.0001358692574141482 0.000818397949076058 nan 20.2   
58 522 0.10868610276302167 10.780715841373286 0.000566838994770405 5.6683899477040500e-04 0.0006068614168417102 0.0011095414706635506 7.740597567702215e-05 0.0005851711666099172 nan 20.2   
54 486 0.11048916307368509 5.959888498104159 0.0005640608046599277 5.6422168300226461e-04 0.0006269937025406446 0.007227842033200464 0.0007555322264529024 0.0005835287144839887 nan 20.3   
58 522 0.09431136969215381 10.83586874764146 0.000524975620020926 5.2889057867250972e-04 0.0005526489909250286 0.0019627441799480927 0.00016237750518798314 0.0005325940294632181 nan 20.3   
49 441 0.18060107426819047 7.941661666161883 0.0008251737094741328 8.4417817003836740e-04 0.0009224811543074241 0.008462757782682628 0.001593968028877618 0.0008684161213886205 nan 20.3   
59 531 0.11276075970920298 11.296650580318982 0.0005428840770011128 5.4288407700111283e-04 0.0005754520751569133 0.0006051184857615045 2.5273183791670712e-05 0.000568413919205854 nan 20.3   
46 414 0.1906009699371963 7.971733726555943 0.0008426982310544022 8.5732808089970802e-04 0.0008849566683225866 0.0011861127235857955 3.358566651236118e-05 0.0008713572816014309 nan 20.4   
48 432 0.35755966666306027 7.6489962548894095 0.0005975962114229743 7.1661048843120348e-04 0.0009569870612865472 0.016056348057597907 0.0006417027787385333 0.0007955886059721075 nan 20.4   
59 531 0.07784050957283216 12.075875045040501 0.000524975620020926 5.3363927528946194e-04 0.0005543335582613625 0.0005902854907564366 3.1406977639136953e-05 0.0005362684634930174 nan 20.4   
55 495 0.09806699193684704 5.919699032459813 0.0005640608046599277 5.6485131806609723e-04 0.0006266489649037828 0.002794637548211738 0.0007726390516988623 0.0006077614759299355 nan 20.4   
60 540 0.11402992805494941 11.679850440941456 0.0005428840770011128 5.5414651617198205e-04 0.0006139518526758863 0.0016567733378814347 0.00015602055973585043 0.0005665902303557961 nan 20.5   
50 450 0.1494679510930454 8.608592737594025 0.0008251737094741328 8.3345542223999425e-04 0.0008759092641348479 0.001314418256622844 5.455791494536513e-05 0.0008586359983851978 nan 20.5   
60 540 0.07271615403940455 11.874508400926151 0.0005153995274645915 5.1539952746459147e-04 0.0005699753898086642 0.0007894427464797157 0.00016497746117099794 0.0005415826703072877 nan 20.5   
49 441 0.36538676491433647 7.321889272351019 0.0005975962114229743 6.0357084530138021e-04 0.000761523342044956 0.0009456628116393735 0.0001991929677916767 0.0006466288744572078 nan 20.5   
56 504 0.10480806767878219 6.151271882452646 0.0005587378186033558 5.5873781860335580e-04 0.000575950842143796 0.0006385503817775205 4.3657253486062224e-05 0.0005619415330953522 nan 20.6   
47 423 0.1711584301405871 7.95560202907266 0.0008426982310544022 8.5553585152899872e-04 0.0008948380949665177 0.005560088869629014 0.00010055711751681391 0.0008631368063327042 nan 20.6   
61 549 0.11743875163694607 11.463215878468937 0.000541816657064596 5.4181665706459596e-04 0.0009181171400400579 0.0026466330550425844 0.001797866555060775 0.0005882913147069834 nan 20.6   
61 549 0.0763389698108644 11.59488138267898 0.0005130862396196515 5.1308623961965154e-04 0.0005397093762503858 0.0008010687579073051 0.00013799865645801345 0.0005270056704885851 nan 20.7   
50 450 0.32307761219215 7.98194374270828 0.0005975962114229743 7.2652162992099063e-04 0.003440856195997155 0.03523341013052452 0.011968717596613459 0.0015883495789506634 nan 20.7   
51 459 0.14322995508702235 8.658118475881345 0.0008251737094741328 8.2813335779244107e-04 0.0008451326571165883 0.0033854222693575236 3.3194851271316195e-05 0.0008335263596941112 nan 20.7   
57 513 0.09609891536486044 6.1769314215483435 0.0005564832938761758 5.5648329387617576e-04 0.0005955288112898484 0.0022073392145847714 0.0004190844815117891 0.0005812976682017374 nan 20.7   
62 558 0.11697176931013338 12.872775928455006 0.000541816657064596 5.6245023038133796e-04 0.0005904245680069588 0.001848114310304412 0.0005644504427481031 0.0005730385089933632 nan 20.8   
62 558 0.09092928425034826 12.378344047130737 0.0005130862396196515 5.1612309573524499e-04 0.0005724816706884302 0.0007310709556592621 0.0001647018598351955 0.0005345449941898691 nan 20.8   
48 432 0.16617131822498735 8.243505849840014 0.0008426982310544022 8.4667870582232063e-04 0.0008785118348999005 0.00931374785543136 3.353149140750773e-05 0.0008715442052280621 nan 20.8   
58 522 0.08299881152262056 6.228192671370223 0.0005564832938761758 5.5648920200934617e-04 0.000573983367545612 0.0007097078280635118 5.0386237460613376e-05 0.000567729397508645 nan 20.9   
51 459 0.3048117176757161 8.023089712503152 0.0005975962114229743 6.6620661462845872e-04 0.0007745440874687709 0.004619648435256901 4.8929455274599886e-05 0.0007585497276581863 nan 20.9   
52 468 0.1429346044529525 8.875139410396448 0.0008251737094741328 8.3707969982221950e-04 0.0008688536948542703 0.0126169276163056 0.002201819941119584 0.0008579562256160478 nan 20.9   
63 567 0.11574128253876327 13.573779295761046 0.0005387546807696446 5.3875468076964455e-04 0.0005888705789771331 0.0012325806149792804 0.00018553134557265226 0.0005722069828323637 nan 20.9   
63 567 0.08965512720380735 13.832135024996568 0.0005130862396196515 5.1834874904632883e-04 0.0005412010670970204 0.0006661294467361376 5.269062334845541e-05 0.0005304695365555904 nan 20.9   
59 531 0.072958675394759 6.731253044181328 0.0005467408196107653 5.4674081961076531e-04 0.000570598445301287 0.0006695895680644963 4.284206633737165e-05 0.000561364280054024 nan 21.0   
52 468 0.29109085973360516 8.140509360882247 0.0005975962114229743 6.2447922974556268e-04 0.0008604147020844419 0.12926311409424046 0.01580296428035478 0.0006848690757137759 nan 21.0   
49 441 0.14869783051784227 8.018150140352478 0.0008426982310544022 8.5021900469815792e-04 0.0008872914463206008 0.014365176389908597 0.0027413705035076504 0.000859383364683916 nan 21.0   
64 576 0.11409476825039305 13.457396424781338 0.0005387546807696446 5.5185179231090071e-04 0.0005833482662435738 0.0014554004937218474 0.0001710421395616713 0.000565450844357909 nan 21.0   
53 477 0.14593236217430275 9.341714193385164 0.0008251737094741328 8.3165850123870135e-04 0.0008493665361339988 0.0011889468896898931 9.172789417342606e-05 0.0008400460738972227 nan 21.1   
64 576 0.08459164191050014 14.738656969943571 0.0005130862396196515 5.1970317650968029e-04 0.0005427922443753153 0.0008794583417178224 0.0002048430150852897 0.0005268330805589336 nan 21.1   
60 540 0.07668563135979538 7.12546850104084 0.0005304591943122377 5.3045919431223768e-04 0.0005710558772122257 0.0018872351895095436 7.363053658375506e-05 0.0005514023725428883 nan 21.2   
65 585 0.1122715958124236 14.58032547240811 0.0005387546807696446 5.5145798012848032e-04 0.0005699426809197992 0.0019360748870591317 0.0001555820799130686 0.0005577698224321264 nan 21.2   
53 477 0.26441241935179094 8.15427594861877 0.0005975962114229743 6.2401804636966652e-04 0.000737015578476873 0.005237615796120013 0.0013032000560726442 0.0006901475391295163 nan 21.2   
65 585 0.0788503964442146 15.535637543653849 0.0005130862396196515 5.1503934613143950e-04 0.0005340182422017341 0.0008648088925959501 4.3102406635998685e-05 0.0005216676200062303 nan 21.2   
54 486 0.15362524781522074 9.798955935184798 0.0008251737094741328 8.3544380805113171e-04 0.0009409428033692837 0.0028355033179903255 0.0008848375178052129 0.0008466932314123846 nan 21.2   
50 450 0.14210732385760932 8.642218752511443 0.0008426982310544022 8.5954814769934626e-04 0.0013240476269773468 0.009594935408664615 0.0010802786534423263 0.0008650447819525325 nan 21.3   
61 549 0.08099970584170595 7.486235735411736 0.0005304591943122377 5.3662566053129296e-04 0.0006691404948556093 0.0011857394919684659 0.0003687581622221981 0.0005546578965881972 nan 21.3   
66 594 0.11266567097906592 16.22219885491452 0.0005387546807696446 5.4946068030019410e-04 0.0005686837173011264 0.002288585326060666 0.00026700431556424503 0.0005640522268630108 nan 21.3   
66 594 0.07785755326479397 16.79328784556873 0.000506486603619091 5.0648660361909102e-04 0.0006511119560715472 0.001057504059652503 0.00026152282677323314 0.0005220409008216174 nan 21.4   
54 486 0.2778163328598971 8.185501899033905 0.0005975962114229743 6.0046909288364290e-04 0.0008326530907215797 0.00858420673419936 0.0020837370985697283 0.0007629683274187665 nan 21.4   
55 495 0.1666408129781668 9.582320307474063 0.0008111821821474905 8.1118218214749048e-04 0.0008475961275759488 0.003080416001375359 0.00014187927869160856 0.0008326760221552194 nan 21.4   
62 558 0.08020328750172771 8.20836012606095 0.0005304591943122377 5.5922236689055500e-04 0.0005898241383106526 0.001195883372235467 0.00034141021729435037 0.0005639031314965326 nan 21.4   
67 603 0.1101665831594027 16.49322331956993 0.0005310244615846581 5.3102446158465814e-04 0.0005572679539554198 0.000777632917540864 2.2822009240783194e-05 0.0005479517537158436 nan 21.5   
51 459 0.12321098961094787 8.73496269508776 0.0008426982310544022 8.5213438071560189e-04 0.0008687446421475925 0.0008766312032383656 1.3127199253371545e-05 0.0008623565936728514 nan 21.5   
67 603 0.0740656267684246 16.312120138815512 0.000506486603619091 5.1061890219973051e-04 0.0005217608601902952 0.0007710559285383565 0.00012603832525525716 0.0005159281490578686 nan 21.5   
55 495 0.26184062723127344 8.647863209340237 0.0005713025975285077 5.7130259752850767e-04 0.0007415247155491731 0.0067079414428537695 0.0017497464023625332 0.000723920749558245 nan 21.5   
56 504 0.18482869894360873 10.001854720416805 0.0008022057978966749 8.0220579789667490e-04 0.0008559679546641087 0.004292204849641738 0.0002881252262846776 0.000828325100236316 nan 21.6   
63 567 0.07400346432876696 8.822419329863147 0.0005304591943122377 5.4915310569176310e-04 0.0005706840335550082 0.0007733372635067748 7.380319068803806e-05 0.000558620707238147 nan 21.6   
56 504 0.22284933100538992 8.480311446400128 0.0005713025975285077 6.0837735157496056e-04 0.003368182965007653 0.01991740876760463 0.005397712373027581 0.0008193237789215519 nan 21.7   
52 468 0.11470541030347535 8.832196565157897 0.0008397253659163161 8.3972536591631606e-04 0.000856892198158558 0.0019819686230563285 1.8800480782384197e-05 0.00084853306280398 nan 21.7   
64 576 0.06829147207323197 9.24775128328583 0.0005304591943122377 5.3480302932605941e-04 0.0005545544071168193 0.0007695402566703531 2.935995431678322e-05 0.000547501686189484 nan 21.7   
57 513 0.19591115858116478 10.880630997305063 0.0008022057978966749 8.1292812033972753e-04 0.0008212072352410098 0.008232255700916083 0.0006346360610284923 0.0008195614649834695 nan 21.8   
57 513 0.20048881023733295 8.528571284123435 0.0005713025975285077 6.3071607799910254e-04 0.000726979301863598 0.004067640204060305 0.00032121723095983887 0.0006826506662117805 nan 21.8   
65 585 0.0725100470654145 9.552757246007747 0.0005150779054205394 5.1507790542053939e-04 0.0005534330970631372 0.0009771222766790768 3.5785959377376245e-05 0.0005323205899685305 nan 21.9   
53 477 0.0990846064183516 9.873515848805953 0.0008397253659163161 8.4770180951717689e-04 0.0008683627220953714 0.0018145524945594842 0.00012778691422633847 0.0008511593602615636 nan 21.9   
58 522 0.20127991715282773 11.268061346311876 0.0007834401699242984 7.8344016992429842e-04 0.0008221631655863954 0.0018837162193891042 3.389995788745045e-05 0.0008124307262184868 nan 22.0   
58 522 0.17288224566569008 8.590746262320998 0.0005713025975285077 6.3664451844360772e-04 0.0006839648825590893 0.0007668759265291795 6.096951860557983e-05 0.0006402434507597002 nan 22.0   
66 594 0.06874142608504853 10.395802348952174 0.0005150779054205394 5.2916824507876154e-04 0.0005931821197703342 0.001985594347565526 0.00010341141914858268 0.0005417589363532699 nan 22.0   
54 486 0.10285914442701957 9.882062700592146 0.0008397253659163161 8.4040728855310247e-04 0.0008610604889088683 0.0009039564215555782 1.8247835097635998e-05 0.0008485015510279272 nan 22.1   
59 531 0.19351313555619262 12.030026361520376 0.0007834401699242984 7.8570405190243019e-04 0.0008310181428925935 0.004039431869145089 0.0013714787524368673 0.0008039648818041834 nan 22.1   
67 603 0.06798408022485844 10.120868293855585 0.0005150779054205394 5.2109114811996519e-04 0.0005344247161817007 0.0005684203892171288 1.496682906511641e-05 0.0005276328143899372 nan 22.2   
59 531 0.16051003521806284 9.127341065985641 0.0005713025975285077 6.0758854268321645e-04 0.0006512611337424881 0.000945272590623938 5.921239685731318e-05 0.0006200134261678379 nan 22.2   
60 540 0.2195324013172473 12.048053359726504 0.0007697063860820513 7.6970638608205130e-04 0.0008397365486705608 0.0013482355971582796 8.708834348533905e-05 0.0007905278001208926 nan 22.3   
60 540 0.1483619204899453 9.1206239034289 0.0005713025975285077 5.8159077591062361e-04 0.0006663180365822326 0.006034385523390392 0.00016802872913029344 0.0006267812179178695 nan 22.3   
55 495 0.10356630585683908 10.243234191391894 0.0008301604439723399 8.3016044397233994e-04 0.0008434122782276173 0.001793286606466348 1.6518322145296313e-05 0.0008402127208249897 nan 22.3   
61 549 0.15049400783603123 9.445990031744426 0.0005713025975285077 6.0290499870237614e-04 0.0006769693290172327 0.001117048283478318 0.0001273476889860493 0.000607001621251322 nan 22.5   
61 549 0.27178802668860524 14.07827110427058 0.0007697063860820513 7.8307381716716934e-04 0.0008468635797005672 0.0020459981256574613 0.0005370856317257505 0.0008058623289447982 nan 22.5   
56 504 0.1003686504176174 10.059201387861116 0.0008257965389648703 8.2579653896487030e-04 0.0008485437444736053 0.0063515696909631665 0.00010711660905645553 0.0008393851720139638 nan 22.6   
62 558 0.14637751411062502 9.30464255537923 0.0005479708936412325 5.4797089364123247e-04 0.0006454695207204396 0.006985656100566728 0.00021708454941694508 0.0006235909889351797 nan 22.6   
62 558 0.28590121265610047 14.506664482038 0.0007697063860820513 7.8672185466650390e-04 0.001537664783681242 0.01577070162143181 0.004829432163752294 0.0008612581199602219 nan 22.7   
57 513 0.09917437114839742 10.291345336244477 0.0008257965389648703 8.3219870426239604e-04 0.0008467859971204155 0.0014162415154489127 8.108559299919798e-05 0.0008409084053737514 nan 22.8   
63 567 0.14228062123568713 9.767442300137569 0.0005479708936412325 5.5199397007160797e-04 0.0005952756993529595 0.001860676332420637 0.00020776983971360313 0.0005890962605502317 nan 22.8   
63 567 0.2867901779488763 15.803387190833378 0.0007697063860820513 7.7850475717171136e-04 0.0008595990287355736 0.012309905086799515 0.0026236263331302187 0.0008067091337807683 nan 22.8   
64 576 0.13520811668057747 10.683794817173558 0.0005479708936412325 5.5747665456473109e-04 0.0005967829467474722 0.0009436046358071123 5.705685992699863e-05 0.0005719228406478356 nan 22.9   
58 522 0.10498429615351836 10.66731487871697 0.0008229573277197332 8.2295732771973322e-04 0.0008403327480929998 0.0016951130801642937 2.0820417790975597e-05 0.0008284649740952934 nan 23.0   
64 576 0.2789739685852511 16.578190575074146 0.0007285159519239295 7.2851595192392955e-04 0.0008247224849544971 0.0038426739981176302 0.0011134477736322915 0.0007934081722867325 nan 23.0   
65 585 0.13189783609038722 11.448109798341113 0.0005479708936412325 5.4865607741180029e-04 0.0006067234199958684 0.009064813371107334 0.0010869370262973407 0.0005520399408914709 nan 23.1   
65 585 0.2805580350147856 18.15206098443061 0.0006858659015009874 6.8586590150098738e-04 0.0007782790619807933 0.01477296792760293 0.0007006377305000969 0.0007343012070338999 nan 23.2   
59 531 0.11058674448525939 11.225250361851014 0.0008229573277197332 8.2394341987975417e-04 0.0008302431190709627 0.0027243210827053604 4.612338540089069e-05 0.0008280922469302614 nan 23.2   
66 594 0.1266850146015551 12.216282566859398 0.0005479708936412325 5.5221188116240610e-04 0.0005921022887145149 0.004845790532460182 0.001901347704943432 0.0005743269870285606 nan 23.2   
67 603 0.12926396382443822 11.822872824825852 0.0005301776029573683 5.3017760295736834e-04 0.0005840017281145646 0.0009041403007405949 0.00014176473971470903 0.0005565340319318849 nan 23.4   
66 594 0.23975260960740358 20.170682941400635 0.0006858659015009874 7.4516478475980270e-04 0.0012452089388760158 0.006243327038467004 0.00398800554251721 0.000768140374821382 nan 23.4   
60 540 0.11534217987751377 11.691644999389677 0.0008229573277197332 8.2548867089527909e-04 0.0008452177205079932 0.0024639834081492825 0.00023933075202679137 0.0008345410196127256 nan 23.4   
67 603 0.23338728647872486 19.675896678069694 0.0006812993262785175 6.8129932627851745e-04 0.000754052319788794 0.0008306066714869915 6.370965181629095e-05 0.0007154462173930155 nan 23.5   
61 549 0.11171639661455585 11.081385925574427 0.0008229573277197332 8.2799986557578666e-04 0.0008721940278059567 0.0058446442770594235 0.00025889243832040573 0.0008389636404868492 nan 23.6   
62 558 0.10651211091021669 11.693322549941804 0.0008229573277197332 8.2340304666931317e-04 0.0008453303136020866 0.0014605775250378236 2.4816238723810564e-05 0.0008290145878971178 nan 23.9   
63 567 0.09857266453739114 13.38735919284281 0.0008202241540892036 8.2022415408920357e-04 0.0008332476455243333 0.0019502896519415054 0.00016911215970495403 0.0008311027779679602 nan 24.1   
64 576 0.09545521075068465 14.561971540223904 0.0008099299078409209 8.0992990784092085e-04 0.0008354873884702908 0.0014862463337518739 6.385432346997196e-05 0.0008250473935199171 nan 24.3   
65 585 0.0875184129420481 15.519918614248176 0.0008099299078409209 8.1185148126231932e-04 0.0008286173076890484 0.0025175203620085877 0.0003543264506506731 0.0008197232050213754 nan 24.5   
66 594 0.0896016602747543 16.62070244721425 0.0008099299078409209 8.1662968201645148e-04 0.0008207754901253221 0.0016281998856980734 7.145790005578709e-06 0.0008175406045404914 nan 24.8   
67 603 0.08224084906512255 16.18270948655439 0.0008082284104429756 8.0822841044297564e-04 0.00082248424895072 0.0008922630207518835 1.5594427937405198e-05 0.0008122301541795422 nan 25.0   
