% # columns="iteration, evaluation, sigma, beta, void,  sigvec==sigma_vec.scaling factors from diagonal decoding", seed=2567, Fri Aug 28 18:38:59 2026, <python>{}</python>
1 9 0.9449729899729059 1 0 0.03749999999999999 0.037500000000000006 0.08996575 1.5707963267948966 0.18849555921538758 0.7696902001294993 0.0175
2 18 0.9087555735421708 1 0 0.037500000000000006 0.037500000000000006 0.08996575 1.5707963267948966 0.18849555921538758 0.7696902001294993 0.0175
2 18 0.9087555735421712 1 0 0.03749999999999999 0.037500000000000006 0.08996575 1.5707963267948966 0.18849555921538758 0.7696902001294993 0.0175
2 18 0.9087555735421711 1 0 0.03749999999999999 0.037500000000000006 0.08996575 1.5707963267948966 0.18849555921538758 0.7696902001294993 0.0175
2 18 0.9087555735421708 1 0 0.03749999999999999 0.037500000000000006 0.08996575 1.5707963267948966 0.18849555921538758 0.7696902001294993 0.0175
2 18 0.9087555735421705 1 0 0.03749999999999999 0.037500000000000006 0.08996575 1.5707963267948966 0.18849555921538758 0.7696902001294993 0.0175
2 18 0.9087555735421706 1 0 0.03749999999999999 0.037500000000000006 0.08996575 1.5707963267948966 0.18849555921538758 0.7696902001294993 0.0175
3 27 0.8929064494700619 1 0 0.037500000000000006 0.037500000000000006 0.08996575 1.5707963267948966 0.18849555921538758 0.7696902001294993 0.0175
3 27 0.8929064494700623 1 0 0.03749999999999999 0.037500000000000006 0.08996575 1.5707963267948966 0.18849555921538758 0.7696902001294993 0.0175
3 27 0.8929064494700621 1 0 0.03749999999999999 0.037500000000000006 0.08996575 1.5707963267948966 0.18849555921538758 0.7696902001294993 0.0175
3 27 0.8929064494700623 1 0 0.03749999999999999 0.037500000000000006 0.08996575 1.5707963267948966 0.18849555921538758 0.7696902001294993 0.0175
3 27 0.8929064494700619 1 0 0.03749999999999999 0.037500000000000006 0.08996575 1.5707963267948966 0.18849555921538758 0.7696902001294993 0.0175
3 27 0.8929064494700618 1 0 0.03749999999999999 0.037500000000000006 0.08996575 1.5707963267948966 0.18849555921538758 0.7696902001294993 0.0175
4 36 0.9107936243491089 1 0 0.037500000000000006 0.037500000000000006 0.08996575 1.5707963267948966 0.18849555921538758 0.7696902001294993 0.0175
4 36 0.9107936243491087 1 0 0.03749999999999999 0.037500000000000006 0.08996575 1.5707963267948966 0.18849555921538758 0.7696902001294993 0.0175
4 36 0.9107936243491096 1 0 0.03749999999999999 0.037500000000000006 0.08996575 1.5707963267948966 0.18849555921538758 0.7696902001294993 0.0175
5 45 0.960011014998041 1 0 0.03749999999999999 0.037500000000000006 0.08996575 1.5707963267948966 0.18849555921538758 0.7696902001294993 0.0175
4 36 0.910793624349109 1 0 0.03749999999999999 0.037500000000000006 0.08996575 1.5707963267948966 0.18849555921538758 0.7696902001294993 0.0175
4 36 0.9107936243491093 1 0 0.03749999999999999 0.037500000000000006 0.08996575 1.5707963267948966 0.18849555921538758 0.7696902001294993 0.0175
5 45 0.9600110149980416 1 0 0.037500000000000006 0.037500000000000006 0.08996575 1.5707963267948966 0.18849555921538758 0.7696902001294993 0.0175
4 36 0.9107936243491088 1 0 0.03749999999999999 0.037500000000000006 0.08996575 1.5707963267948966 0.18849555921538758 0.7696902001294993 0.0175
6 54 1.0469016112629923 1 0 0.03749999999999999 0.037500000000000006 0.08996575 1.5707963267948966 0.18849555921538758 0.7696902001294993 0.0175
6 54 1.0469016112629936 1 0 0.037500000000000006 0.037500000000000006 0.08996575 1.5707963267948966 0.18849555921538758 0.7696902001294993 0.0175
5 45 0.9600110149980428 1 0 0.03749999999999999 0.037500000000000006 0.08996575 1.5707963267948966 0.18849555921538758 0.7696902001294993 0.0175
5 45 0.9600110149980415 1 0 0.03749999999999999 0.037500000000000006 0.08996575 1.5707963267948966 0.18849555921538758 0.7696902001294993 0.0175
5 45 0.9600110149980426 1 0 0.03749999999999999 0.037500000000000006 0.08996575 1.5707963267948966 0.18849555921538758 0.7696902001294993 0.0175
7 63 0.9808150963897778 1 0 0.03749999999999999 0.037500000000000006 0.08996575 1.5707963267948966 0.18849555921538758 0.7696902001294993 0.0175
5 45 0.9600110149980418 1 0 0.03749999999999999 0.037500000000000006 0.08996575 1.5707963267948966 0.18849555921538758 0.7696902001294993 0.0175
7 63 0.9808150963897793 1 0 0.037500000000000006 0.037500000000000006 0.08996575 1.5707963267948966 0.18849555921538758 0.7696902001294993 0.0175
6 54 1.0469016112629932 1 0 0.03749999999999999 0.037500000000000006 0.08996575 1.5707963267948966 0.18849555921538758 0.7696902001294993 0.0175
6 54 1.0469016112629945 1 0 0.03749999999999999 0.037500000000000006 0.08996575 1.5707963267948966 0.18849555921538758 0.7696902001294993 0.0175
6 54 1.0469016112629945 1 0 0.03749999999999999 0.037500000000000006 0.08996575 1.5707963267948966 0.18849555921538758 0.7696902001294993 0.0175
8 72 0.9955610830343318 1 0 0.03749999999999999 0.037500000000000006 0.08996575 1.5707963267948966 0.18849555921538758 0.7696902001294993 0.0175
8 72 1.0033373561891559 1 0 0.037500000000000006 0.037500000000000006 0.08996575 1.5707963267948966 0.18849555921538758 0.7696902001294993 0.0175
6 54 1.0469016112629936 1 0 0.03749999999999999 0.037500000000000006 0.08996575 1.5707963267948966 0.18849555921538758 0.7696902001294993 0.0175
7 63 0.9808150963897787 1 0 0.03749999999999999 0.037500000000000006 0.08996575 1.5707963267948966 0.18849555921538758 0.7696902001294993 0.0175
7 63 0.9808150963897797 1 0 0.03749999999999999 0.037500000000000006 0.08996575 1.5707963267948966 0.18849555921538758 0.7696902001294993 0.0175
7 63 0.9808150963897797 1 0 0.03749999999999999 0.037500000000000006 0.08996575 1.5707963267948966 0.18849555921538758 0.7696902001294993 0.0175
9 81 0.9658966390947998 1 0 0.03749999999999999 0.037500000000000006 0.08996575 1.5707963267948966 0.18849555921538758 0.7696902001294993 0.0175
9 81 0.9901438707123503 1 0 0.037500000000000006 0.037500000000000006 0.08996575 1.5707963267948966 0.18849555921538758 0.7696902001294993 0.0175
8 72 0.9439356079277088 1 0 0.03749999999999999 0.037500000000000006 0.08996575 1.5707963267948966 0.18849555921538758 0.7696902001294993 0.0175
7 63 0.9808150963897792 1 0 0.03749999999999999 0.037500000000000006 0.08996575 1.5707963267948966 0.18849555921538758 0.7696902001294993 0.0175
8 72 0.9955610830343333 1 0 0.03749999999999999 0.037500000000000006 0.08996575 1.5707963267948966 0.18849555921538758 0.7696902001294993 0.0175
8 72 1.0033373561891563 1 0 0.03749999999999999 0.037500000000000006 0.08996575 1.5707963267948966 0.18849555921538758 0.7696902001294993 0.0175
10 90 0.9702803108103167 1 0 0.037500000000000006 0.037500000000000006 0.08996575 1.5707963267948966 0.18849555921538758 0.7696902001294993 0.0175
9 81 0.9658966390948014 1 0 0.03749999999999999 0.037500000000000006 0.08996575 1.5707963267948966 0.18849555921538758 0.7696902001294993 0.0175
9 81 0.8206293312726289 1 0 0.03749999999999999 0.037500000000000006 0.08996575 1.5707963267948966 0.18849555921538758 0.7696902001294993 0.0175
11 99 0.9629216191995716 1 0 0.037500000000000006 0.037500000000000006 0.08996575 1.5707963267948966 0.18849555921538758 0.7696902001294993 0.0175
10 90 0.8857070582603391 1 0 0.03749999999999999 0.037500000000000006 0.08996575 1.5707963267948966 0.18849555921538758 0.7696902001294993 0.0175
9 81 0.9901438707123511 1 0 0.03749999999999999 0.037500000000000006 0.08996575 1.5707963267948966 0.18849555921538758 0.7696902001294993 0.0175
8 72 0.9439356079277091 1 0 0.03749999999999999 0.037500000000000006 0.08996575 1.5707963267948966 0.18849555921538758 0.7696902001294993 0.0175
10 90 0.88570705826034 1 0 0.03749999999999999 0.037500000000000006 0.08996575 1.5707963267948966 0.18849555921538758 0.7696902001294993 0.0175
10 90 0.7289711996298519 1 0 0.03749999999999999 0.037500000000000006 0.08996575 1.5707963267948966 0.18849555921538758 0.7696902001294993 0.0175
10 90 0.9702803108103177 1 0 0.03749999999999999 0.037500000000000006 0.08996575 1.5707963267948966 0.18849555921538758 0.7696902001294993 0.0175
11 99 0.8154028175505741 1 0 0.03749999999999999 0.037500000000000006 0.08996575 1.5707963267948966 0.18849555921538758 0.7696902001294993 0.0175
9 81 0.8206293312726289 1 0 0.03749999999999999 0.037500000000000006 0.08996575 1.5707963267948966 0.18849555921538758 0.7696902001294993 0.0175
11 99 0.8154028175505733 1 0 0.03749999999999999 0.037500000000000006 0.08996575 1.5707963267948966 0.18849555921538758 0.7696902001294993 0.0175
12 108 0.8562339986355595 1 0 0.037500000000000006 0.037500000000000006 0.08996575 1.5707963267948966 0.18849555921538758 0.7696902001294993 0.0175
10 90 0.7289711996298518 1 0 0.03749999999999999 0.037500000000000006 0.08996575 1.5707963267948966 0.18849555921538758 0.7696902001294993 0.0175
11 99 0.6581829545660884 1 0 0.03749999999999999 0.037500000000000006 0.08996575 1.5707963267948966 0.18849555921538758 0.7696902001294993 0.0175
12 108 0.7587252535166248 1 0 0.03749999999999999 0.037500000000000006 0.08996575 1.5707963267948966 0.18849555921538758 0.7696902001294993 0.0175
13 117 0.8311299189860732 1 0 0.037500000000000006 0.037500000000000006 0.08996575 1.5707963267948966 0.18849555921538758 0.7696902001294993 0.0175
12 108 0.6545252902319139 1 0 0.03749999999999999 0.037500000000000006 0.08996575 1.5707963267948966 0.18849555921538758 0.7696902001294993 0.0175
11 99 0.962921619199573 1 0 0.03749999999999999 0.037500000000000006 0.08996575 1.5707963267948966 0.18849555921538758 0.7696902001294993 0.0175
11 99 0.6581829545660884 1 0 0.03749999999999999 0.037500000000000006 0.08996575 1.5707963267948966 0.18849555921538758 0.7696902001294993 0.0175
13 117 0.6633481010970345 1 0 0.03749999999999999 0.037500000000000006 0.08996575 1.5707963267948966 0.18849555921538758 0.7696902001294993 0.0175
12 108 0.7587252535166242 1 0 0.03749999999999999 0.037500000000000006 0.08996575 1.5707963267948966 0.18849555921538758 0.7696902001294993 0.0175
12 108 0.6545252902319136 1 0 0.03749999999999999 0.037500000000000006 0.08996575 1.5707963267948966 0.18849555921538758 0.7696902001294993 0.0175
14 126 0.8954929259095998 1 0 0.037500000000000006 0.037500000000000006 0.08996575 1.5707963267948966 0.18849555921538758 0.7696902001294993 0.0175
13 117 0.6024223710435581 1 0 0.03749999999999999 0.037500000000000006 0.08996575 1.5707963267948966 0.18849555921538758 0.7696902001294993 0.0175
13 117 0.6024223710435581 1 0 0.03749999999999999 0.037500000000000006 0.08996575 1.5707963267948966 0.18849555921538758 0.7696902001294993 0.0175
12 108 0.8562339986355604 1 0 0.03749999999999999 0.037500000000000006 0.08996575 1.5707963267948966 0.18849555921538758 0.7696902001294993 0.0175
14 126 0.604716860369706 1 0 0.03749999999999999 0.037500000000000006 0.08996575 1.5707963267948966 0.18849555921538758 0.7696902001294993 0.0175
14 126 0.5854219039113717 1 0 0.03749999999999999 0.037500000000000006 0.08996575 1.5707963267948966 0.18849555921538758 0.7696902001294993 0.0175
13 117 0.6633481010970338 1 0 0.03749999999999999 0.037500000000000006 0.08996575 1.5707963267948966 0.18849555921538758 0.7696902001294993 0.0175
14 126 0.5854219039113717 1 0 0.03749999999999999 0.037500000000000006 0.08996575 1.5707963267948966 0.18849555921538758 0.7696902001294993 0.0175
15 135 0.9426740530009298 1 0 0.037500000000000006 0.037500000000000006 0.08996575 1.5707963267948966 0.18849555921538758 0.7696902001294993 0.0175
13 117 0.8311299189860745 1 0 0.03749999999999999 0.037500000000000006 0.08996575 1.5707963267948966 0.18849555921538758 0.7696902001294993 0.0175
15 135 0.5978422546143435 1 0 0.03749999999999999 0.037500000000000006 0.08996575 1.5707963267948966 0.18849555921538758 0.7696902001294993 0.0175
15 135 0.633994131572959 1 0 0.03749999999999999 0.037500000000000006 0.08996575 1.5707963267948966 0.18849555921538758 0.7696902001294993 0.0175
16 144 0.9347249719861093 1 0 0.037500000000000006 0.037500000000000006 0.08996575 1.5707963267948966 0.18849555921538758 0.7696902001294993 0.0175
14 126 0.6047168603697054 1 0 0.03749999999999999 0.037500000000000006 0.08996575 1.5707963267948966 0.18849555921538758 0.7696902001294993 0.0175
16 144 0.6416855978704404 1 0 0.03749999999999999 0.037500000000000006 0.08996575 1.5707963267948966 0.18849555921538758 0.7696902001294993 0.0175
15 135 0.5978422546143435 1 0 0.03749999999999999 0.037500000000000006 0.08996575 1.5707963267948966 0.18849555921538758 0.7696902001294993 0.0175
17 153 0.5843444266234471 1 0 0.03749999999999999 0.037500000000000006 0.08996575 1.5707963267948966 0.18849555921538758 0.7696902001294993 0.0175
15 135 0.6339941315729586 1 0 0.03749999999999999 0.037500000000000006 0.08996575 1.5707963267948966 0.18849555921538758 0.7696902001294993 0.0175
16 144 0.5825756939168044 1 0 0.03749999999999999 0.037500000000000006 0.08996575 1.5707963267948966 0.18849555921538758 0.7696902001294993 0.0175
14 126 0.8954929259096015 1 0 0.03749999999999999 0.037500000000000006 0.08996575 1.5707963267948966 0.18849555921538758 0.7696902001294993 0.0175
16 144 0.5825756939168047 1 0 0.03749999999999999 0.037500000000000006 0.08996575 1.5707963267948966 0.18849555921538758 0.7696902001294993 0.0175
17 153 0.8840071659462525 1 0 0.037500000000000006 0.037500000000000006 0.08996575 1.5707963267948966 0.18849555921538758 0.7696902001294993 0.0175
16 144 0.64168559787044 1 0 0.03749999999999999 0.037500000000000006 0.08996575 1.5707963267948966 0.18849555921538758 0.7696902001294993 0.0175
17 153 0.5399298117639397 1 0 0.03749999999999999 0.037500000000000006 0.08996575 1.5707963267948966 0.18849555921538758 0.7696902001294993 0.0175
18 162 0.5404991983270914 1 0 0.03749999999999999 0.037500000000000006 0.08996575 1.5707963267948966 0.18849555921538758 0.7696902001294993 0.0175
15 135 0.9426740530009315 1 0 0.03749999999999999 0.037500000000000006 0.08996575 1.5707963267948966 0.18849555921538758 0.7696902001294993 0.0175
17 153 0.5399298117639393 1 0 0.03749999999999999 0.037500000000000006 0.08996575 1.5707963267948966 0.18849555921538758 0.7696902001294993 0.0175
18 162 0.8179498211274796 1 0 0.037500000000000006 0.037500000000000006 0.08996575 1.5707963267948966 0.18849555921538758 0.7696902001294993 0.0175
19 171 0.5667424230727945 1 0 0.03749999999999999 0.037500000000000006 0.08996575 1.5707963267948966 0.18849555921538758 0.7696902001294993 0.0175
17 153 0.5843444266234469 1 0 0.03749999999999999 0.037500000000000006 0.08996575 1.5707963267948966 0.18849555921538758 0.7696902001294993 0.0175
16 144 0.9347249719861116 1 0 0.03749999999999999 0.037500000000000006 0.08996575 1.5707963267948966 0.18849555921538758 0.7696902001294993 0.0175
18 162 0.5302581062521013 1 0 0.03749999999999999 0.037500000000000006 0.08996575 1.5707963267948966 0.18849555921538758 0.7696902001294993 0.0175
19 171 0.7076861394421482 1 0 0.037500000000000006 0.037500000000000006 0.08996575 1.5707963267948966 0.18849555921538758 0.7696902001294993 0.0175
18 162 0.5302581062521011 1 0 0.03749999999999999 0.037500000000000006 0.08996575 1.5707963267948966 0.18849555921538758 0.7696902001294993 0.0175
20 180 0.5158264061191571 1 0 0.03749999999999999 0.037500000000000006 0.08996575 1.5707963267948966 0.18849555921538758 0.7696902001294993 0.0175
18 162 0.5404991983270913 1 0 0.03749999999999999 0.037500000000000006 0.08996575 1.5707963267948966 0.18849555921538758 0.7696902001294993 0.0175
19 171 0.4732510931188863 1 0 0.03749999999999999 0.037500000000000006 0.08996575 1.5707963267948966 0.18849555921538758 0.7696902001294993 0.0175
17 153 0.8840071659462541 1 0 0.03749999999999999 0.037500000000000006 0.08996575 1.5707963267948966 0.18849555921538758 0.7696902001294993 0.0175
20 180 0.7038069749270581 1 0 0.037500000000000006 0.037500000000000006 0.08996575 1.5707963267948966 0.18849555921538758 0.7696902001294993 0.0175
19 171 0.4732510931188862 1 0 0.03749999999999999 0.037500000000000006 0.08996575 1.5707963267948966 0.18849555921538758 0.7696902001294993 0.0175
20 180 0.46265141914456115 1 0 0.03749999999999999 0.037500000000000006 0.08996575 1.5707963267948966 0.18849555921538758 0.7696902001294993 0.0175
21 189 0.7427558679486492 1 0 0.037500000000000006 0.037500000000000006 0.08996575 1.5707963267948966 0.18849555921538758 0.7696902001294993 0.0175
19 171 0.5667424230727943 1 0 0.03749999999999999 0.037500000000000006 0.08996575 1.5707963267948966 0.18849555921538758 0.7696902001294993 0.0175
18 162 0.817949821127481 1 0 0.03749999999999999 0.037500000000000006 0.08996575 1.5707963267948966 0.18849555921538758 0.7696902001294993 0.0175
21 189 0.5179473260960703 1 0 0.03749999999999999 0.037500000000000006 0.08996575 1.5707963267948966 0.18849555921538758 0.7696902001294993 0.0175
20 180 0.4437582345565957 1 0 0.03749999999999999 0.037500000000000006 0.08996575 1.5707963267948966 0.18849555921538758 0.7696902001294993 0.0175
21 189 0.4147416739090208 1 0 0.03749999999999999 0.037500000000000006 0.08996575 1.5707963267948966 0.18849555921538758 0.7696902001294993 0.0175
21 189 0.41573907684285877 1 0 0.03749999999999999 0.037500000000000006 0.08996575 1.5707963267948966 0.18849555921538758 0.7696902001294993 0.0175
22 198 0.7105110062217465 1 0 0.037500000000000006 0.037500000000000006 0.08996575 1.5707963267948966 0.18849555921538758 0.7696902001294993 0.0175
20 180 0.5158264061191568 1 0 0.03749999999999999 0.037500000000000006 0.08996575 1.5707963267948966 0.18849555921538758 0.7696902001294993 0.0175
22 198 0.39371790046246474 1 0 0.03749999999999999 0.037500000000000006 0.08996575 1.5707963267948966 0.18849555921538758 0.7696902001294993 0.0175
22 198 0.41473744143837493 1 0 0.03749999999999999 0.037500000000000006 0.08996575 1.5707963267948966 0.18849555921538758 0.7696902001294993 0.0175
19 171 0.7076861394421494 1 0 0.03749999999999999 0.037500000000000006 0.08996575 1.5707963267948966 0.18849555921538758 0.7696902001294993 0.0175
23 207 0.6712754388377604 1 0 0.037500000000000006 0.037500000000000006 0.08996575 1.5707963267948966 0.18849555921538758 0.7696902001294993 0.0175
22 198 0.5397566618020071 1 0 0.03749999999999999 0.037500000000000006 0.08996575 1.5707963267948966 0.18849555921538758 0.7696902001294993 0.0175
21 189 0.5179473260960695 1 0 0.03749999999999999 0.037500000000000006 0.08996575 1.5707963267948966 0.18849555921538758 0.7696902001294993 0.0175
23 207 0.3490475385026151 1 0 0.03749999999999999 0.037500000000000006 0.08996575 1.5707963267948966 0.18849555921538758 0.7696902001294993 0.0175
23 207 0.3822592955991346 1 0 0.03749999999999999 0.037500000000000006 0.08996575 1.5707963267948966 0.18849555921538758 0.7696902001294993 0.0175
20 180 0.7038069749270593 1 0 0.03749999999999999 0.037500000000000006 0.08996575 1.5707963267948966 0.18849555921538758 0.7696902001294993 0.0175
23 207 0.5452915122561194 1 0 0.03749999999999999 0.037500000000000006 0.08996575 1.5707963267948966 0.18849555921538758 0.7696902001294993 0.0175
24 216 0.3133352088330002 1 0 0.03749999999999999 0.037500000000000006 0.08996575 1.5707963267948966 0.18849555921538758 0.7696902001294993 0.0175
24 216 0.6273924062964885 1 0 0.037500000000000006 0.037500000000000006 0.08996575 1.5707963267948966 0.18849555921538758 0.7696902001294993 0.0175
22 198 0.539756661802006 1 0 0.03749999999999999 0.037500000000000006 0.08996575 1.5707963267948966 0.18849555921538758 0.7696902001294993 0.0175
24 216 0.3591086427824277 1 0 0.03749999999999999 0.037500000000000006 0.08996575 1.5707963267948966 0.18849555921538758 0.7696902001294993 0.0175
21 189 0.7427558679486506 1 0 0.03749999999999999 0.037500000000000006 0.08996575 1.5707963267948966 0.18849555921538758 0.7696902001294993 0.0175
25 225 0.3152090316731248 1 0 0.03749999999999999 0.037500000000000006 0.08996575 1.5707963267948966 0.18849555921538758 0.7696902001294993 0.0175
24 216 0.5330109991819391 1 0 0.03749999999999999 0.037500000000000006 0.08996575 1.5707963267948966 0.18849555921538758 0.7696902001294993 0.0175
25 225 0.339178664000938 1 0 0.03749999999999999 0.037500000000000006 0.08996575 1.5707963267948966 0.18849555921538758 0.7696902001294993 0.0175
25 225 0.6313231667877565 1 0 0.037500000000000006 0.037500000000000006 0.08996575 1.5707963267948966 0.18849555921538758 0.7696902001294993 0.0175
22 198 0.710511006221748 1 0 0.03749999999999999 0.037500000000000006 0.08996575 1.5707963267948966 0.18849555921538758 0.7696902001294993 0.0175
26 234 0.302243176960542 1 0 0.03749999999999999 0.037500000000000006 0.08996575 1.5707963267948966 0.18849555921538758 0.7696902001294993 0.0175
23 207 0.5452915122561183 1 0 0.03749999999999999 0.037500000000000006 0.08996575 1.5707963267948966 0.18849555921538758 0.7696902001294993 0.0175
25 225 0.5104860131887086 1 0 0.03749999999999999 0.037500000000000006 0.08996575 1.5707963267948966 0.18849555921538758 0.7696902001294993 0.0175
26 234 0.3270404711947538 1 0 0.03749999999999999 0.037500000000000006 0.08996575 1.5707963267948966 0.18849555921538758 0.7696902001294993 0.0175
23 207 0.6712754388377622 1 0 0.03749999999999999 0.037500000000000006 0.08996575 1.5707963267948966 0.18849555921538758 0.7696902001294993 0.0175
27 243 0.2818006804201463 1 0 0.03749999999999999 0.037500000000000006 0.08996575 1.5707963267948966 0.18849555921538758 0.7696902001294993 0.0175
26 234 0.6570797013721664 1 0 0.037500000000000006 0.037500000000000006 0.08996575 1.5707963267948966 0.18849555921538758 0.7696902001294993 0.0175
24 216 0.5330109991819382 1 0 0.03749999999999999 0.037500000000000006 0.08996575 1.5707963267948966 0.18849555921538758 0.7696902001294993 0.0175
26 234 0.4602673323581325 1 0 0.03749999999999999 0.037500000000000006 0.08996575 1.5707963267948966 0.18849555921538758 0.7696902001294993 0.0175
28 252 0.28479795067052616 1 0 0.03749999999999999 0.037500000000000006 0.08996575 1.5707963267948966 0.18849555921538758 0.7696902001294993 0.0175
24 216 0.6273924062964926 1 0 0.03749999999999999 0.037500000000000006 0.08996575 1.5707963267948966 0.18849555921538758 0.7696902001294993 0.0175
27 243 0.3289858230637978 1 0 0.03749999999999999 0.037500000000000006 0.08996575 1.5707963267948966 0.18849555921538758 0.7696902001294993 0.0175
27 243 0.674575699155434 1 0 0.037500000000000006 0.037500000000000006 0.08996575 1.5707963267948966 0.18849555921538758 0.7696902001294993 0.0175
25 225 0.5104860131887081 1 0 0.03749999999999999 0.037500000000000006 0.08996575 1.5707963267948966 0.18849555921538758 0.7696902001294993 0.0175
27 243 0.4384590489901597 1 0 0.03749999999999999 0.037500000000000006 0.08996575 1.5707963267948966 0.18849555921538758 0.7696902001294993 0.0175
28 252 0.3168213454476544 1 0 0.03749999999999999 0.037500000000000006 0.08996575 1.5707963267948966 0.18849555921538758 0.7696902001294993 0.0175
25 225 0.6344881915185869 1 0 0.03749999999999999 0.037500000000000006 0.08996575 1.5707963267948966 0.18849555921538758 0.7696902001294993 0.0175
29 261 0.29915357374638357 1 0 0.03749999999999999 0.037500000000000006 0.08996575 1.5707963267948966 0.18849555921538758 0.7696902001294993 0.0175
28 252 0.6378908155117093 1 0 0.037500000000000006 0.037500000000000006 0.08996575 1.5707963267948966 0.18849555921538758 0.7696902001294993 0.0175
26 234 0.460267332358132 1 0 0.03749999999999999 0.037500000000000006 0.08996575 1.5707963267948966 0.18849555921538758 0.7696902001294993 0.0175
29 261 0.3154753793481207 1 0 0.03749999999999999 0.037500000000000006 0.08996575 1.5707963267948966 0.18849555921538758 0.7696902001294993 0.0175
28 252 0.42916757628812363 1 0 0.03749999999999999 0.037500000000000006 0.08996575 1.5707963267948966 0.18849555921538758 0.7696902001294993 0.0175
30 270 0.3132670744973632 1 0 0.03749999999999999 0.037500000000000006 0.08996575 1.5707963267948966 0.18849555921538758 0.7696902001294993 0.0175
26 234 0.6610420369511231 1 0 0.03749999999999999 0.037500000000000006 0.08996575 1.5707963267948966 0.18849555921538758 0.7696902001294993 0.0175
29 261 0.5962073627771469 1 0 0.037500000000000006 0.037500000000000006 0.08996575 1.5707963267948966 0.18849555921538758 0.7696902001294993 0.0175
27 243 0.44085731263975103 1 0 0.03749999999999999 0.037500000000000006 0.08996575 1.5707963267948966 0.18849555921538758 0.7696902001294993 0.0175
30 270 0.31211393919689684 1 0 0.03749999999999999 0.037500000000000006 0.08996575 1.5707963267948966 0.18849555921538758 0.7696902001294993 0.0175
31 279 0.30482200924791186 1 0 0.03749999999999999 0.037500000000000006 0.08996575 1.5707963267948966 0.18849555921538758 0.7696902001294993 0.0175
29 261 0.42105001040059886 1 0 0.03749999999999999 0.037500000000000006 0.08996575 1.5707963267948966 0.18849555921538758 0.7696902001294993 0.0175
27 243 0.640973479437596 1 0 0.03749999999999999 0.037500000000000006 0.08996575 1.5707963267948966 0.18849555921538758 0.7696902001294993 0.0175
31 279 0.30633146407139605 1 0 0.03749999999999999 0.037500000000000006 0.08996575 1.5707963267948966 0.18849555921538758 0.7696902001294993 0.0175
28 252 0.40279955402991197 1 0 0.03749999999999999 0.037500000000000006 0.08996575 1.5707963267948966 0.18849555921538758 0.7696902001294993 0.0175
32 288 0.30942615355717684 1 0 0.03749999999999999 0.037500000000000006 0.08996575 1.5707963267948966 0.18849555921538758 0.7696902001294993 0.0175
30 270 0.5783407518105834 1 0 0.037500000000000006 0.037500000000000006 0.08996575 1.5707963267948966 0.18849555921538758 0.7696902001294993 0.0175
28 252 0.610957075946302 1 0 0.03749999999999999 0.037500000000000006 0.08996575 1.5707963267948966 0.18849555921538758 0.7696902001294993 0.0175
32 288 0.28833038586197735 1 0 0.03749999999999999 0.037500000000000006 0.08996575 1.5707963267948966 0.18849555921538758 0.7696902001294993 0.0175
30 270 0.3969367288988079 1 0 0.03749999999999999 0.037500000000000006 0.08996575 1.5707963267948966 0.18849555921538758 0.7696902001294993 0.0175
33 297 0.322868953410185 1 0 0.03749999999999999 0.037500000000000006 0.08996575 1.5707963267948966 0.18849555921538758 0.7696902001294993 0.0175
29 261 0.3618845887006987 1 0 0.03749999999999999 0.037500000000000006 0.08996575 1.5707963267948966 0.18849555921538758 0.7696902001294993 0.0175
31 279 0.5915287005171169 1 0 0.037500000000000006 0.037500000000000006 0.08996575 1.5707963267948966 0.18849555921538758 0.7696902001294993 0.0175
33 297 0.28876051359311594 1 0 0.03749999999999999 0.037500000000000006 0.08996575 1.5707963267948966 0.18849555921538758 0.7696902001294993 0.0175
29 261 0.6102900624990915 1 0 0.03749999999999999 0.037500000000000006 0.08996575 1.5707963267948966 0.18849555921538758 0.7696902001294993 0.0175
34 306 0.3265586268957223 1 0 0.03749999999999999 0.037500000000000006 0.08996575 1.5707963267948966 0.18849555921538758 0.7696902001294993 0.0175
31 279 0.4016824927693463 1 0 0.03749999999999999 0.037500000000000006 0.08996575 1.5707963267948966 0.18849555921538758 0.7696902001294993 0.0175
32 288 0.5705176318330841 1 0 0.037500000000000006 0.037500000000000006 0.08996575 1.5707963267948966 0.18849555921538758 0.7696902001294993 0.0175
34 306 0.27872325043169005 1 0 0.03749999999999999 0.037500000000000006 0.08996575 1.5707963267948966 0.18849555921538758 0.7696902001294993 0.0175
30 270 0.36513642507211913 1 0 0.03749999999999999 0.037500000000000006 0.08996575 1.5707963267948966 0.18849555921538758 0.7696902001294993 0.0175
35 315 0.30076223461039625 1 0 0.03749999999999999 0.037500000000000006 0.08996575 1.5707963267948966 0.18849555921538758 0.7696902001294993 0.0175
30 270 0.6273767574386881 1 0 0.03749999999999999 0.037500000000000006 0.08996575 1.5707963267948966 0.18849555921538758 0.7696902001294993 0.0175
35 315 0.3090559717006013 1 0 0.03749999999999999 0.037500000000000006 0.08996575 1.5707963267948966 0.18849555921538758 0.7696902001294993 0.0175
32 288 0.3776039711126255 1 0 0.03749999999999999 0.037500000000000006 0.08996575 1.5707963267948966 0.18849555921538758 0.7696902001294993 0.0175
33 297 0.5296561348848748 1 0 0.037500000000000006 0.037500000000000006 0.08996575 1.5707963267948966 0.18849555921538758 0.7696902001294993 0.0175
36 324 0.29252576254004203 1 0 0.03749999999999999 0.037500000000000006 0.08996575 1.5707963267948966 0.18849555921538758 0.7696902001294993 0.0175
31 279 0.3821573057284405 1 0 0.03749999999999999 0.037500000000000006 0.08996575 1.5707963267948966 0.18849555921538758 0.7696902001294993 0.0175
36 324 0.29962155446787697 1 0 0.03749999999999999 0.037500000000000006 0.08996575 1.5707963267948966 0.18849555921538758 0.7696902001294993 0.0175
31 279 0.6397168350876924 1 0 0.03749999999999999 0.037500000000000006 0.08996575 1.5707963267948966 0.18849555921538758 0.7696902001294993 0.0175
37 333 0.2873784844556642 1 0 0.03749999999999999 0.037500000000000006 0.08996575 1.5707963267948966 0.18849555921538758 0.7696902001294993 0.0175
34 306 0.48796965359472605 1 0 0.037500000000000006 0.037500000000000006 0.08996575 1.5707963267948966 0.18849555921538758 0.7696902001294993 0.0175
33 297 0.3300935905829538 1 0 0.03749999999999999 0.037500000000000006 0.08996575 1.5707963267948966 0.18849555921538758 0.7696902001294993 0.0175
37 333 0.2789735172662524 1 0 0.03749999999999999 0.037500000000000006 0.08996575 1.5707963267948966 0.18849555921538758 0.7696902001294993 0.0175
32 288 0.42112433795198556 1 0 0.03749999999999999 0.037500000000000006 0.08996575 1.5707963267948966 0.18849555921538758 0.7696902001294993 0.0175
32 288 0.7286720007917163 1 0 0.03749999999999999 0.037500000000000006 0.08996575 1.5707963267948966 0.18849555921538758 0.7696902001294993 0.0175
38 342 0.2591811752715187 1 0 0.03749999999999999 0.037500000000000006 0.08996575 1.5707963267948966 0.18849555921538758 0.7696902001294993 0.0175
35 315 0.4956268169933331 1 0 0.037500000000000006 0.037500000000000006 0.08996575 1.5707963267948966 0.18849555921538758 0.7696902001294993 0.0175
38 342 0.2531907085479079 1 0 0.03749999999999999 0.037500000000000006 0.08996575 1.5707963267948966 0.18849555921538758 0.7696902001294993 0.0175
34 306 0.31562955974409274 1 0 0.03749999999999999 0.037500000000000006 0.08996575 1.5707963267948966 0.18849555921538758 0.7696902001294993 0.0175
39 351 0.2584279250252959 1 0 0.03749999999999999 0.037500000000000006 0.08996575 1.5707963267948966 0.18849555921538758 0.7696902001294993 0.0175
33 297 0.42975994852022953 1 0 0.03749999999999999 0.037500000000000006 0.08996575 1.5707963267948966 0.18849555921538758 0.7696902001294993 0.0175
36 324 0.4605390331109082 1 0 0.037500000000000006 0.037500000000000006 0.08996575 1.5707963267948966 0.18849555921538758 0.7696902001294993 0.0175
33 297 0.8237247626497287 1 0 0.03749999999999999 0.037500000000000006 0.08996575 1.5707963267948966 0.18849555921538758 0.7696902001294993 0.0175
39 351 0.2246535315112711 1 0 0.03749999999999999 0.037500000000000006 0.08996575 1.5707963267948966 0.18849555921538758 0.7696902001294993 0.0175
40 360 0.22049067736738992 1 0 0.03749999999999999 0.037500000000000006 0.08996575 1.5707963267948966 0.18849555921538758 0.7696902001294993 0.0175
35 315 0.3035775574204661 1 0 0.03749999999999999 0.037500000000000006 0.08996575 1.5707963267948966 0.18849555921538758 0.7696902001294993 0.0175
34 306 0.39591264560930717 1 0 0.03749999999999999 0.037500000000000006 0.08996575 1.5707963267948966 0.18849555921538758 0.7696902001294993 0.0175
37 333 0.4130171145442703 1 0 0.037500000000000006 0.037500000000000006 0.08996575 1.5707963267948966 0.18849555921538758 0.7696902001294993 0.0175
40 360 0.2110846728247452 1 0 0.03749999999999999 0.037500000000000006 0.08996575 1.5707963267948966 0.18849555921538758 0.7696902001294993 0.0175
34 306 0.7868143554106009 1 0 0.03749999999999999 0.037500000000000006 0.08996575 1.5707963267948966 0.18849555921538758 0.7696902001294993 0.0175
41 369 0.21439430108551613 1 0 0.03749999999999999 0.037500000000000006 0.08996575 1.5707963267948966 0.18849555921538758 0.7696902001294993 0.0175
38 342 0.3809534787490783 1 0 0.037500000000000006 0.037500000000000006 0.08996575 1.5707963267948966 0.18849555921538758 0.7696902001294993 0.0175
36 324 0.2851956411617477 1 0 0.03749999999999999 0.037500000000000006 0.08996575 1.5707963267948966 0.18849555921538758 0.7696902001294993 0.0175
41 369 0.19967626432720187 1 0 0.03749999999999999 0.037500000000000006 0.08996575 1.5707963267948966 0.18849555921538758 0.7696902001294993 0.0175
35 315 0.3806677935890129 1 0 0.03749999999999999 0.037500000000000006 0.08996575 1.5707963267948966 0.18849555921538758 0.7696902001294993 0.0175
42 378 0.2160541635575967 1 0 0.03749999999999999 0.037500000000000006 0.08996575 1.5707963267948966 0.18849555921538758 0.7696902001294993 0.0175
39 351 0.33823142543960233 1 0 0.037500000000000006 0.037500000000000006 0.08996575 1.5707963267948966 0.18849555921538758 0.7696902001294993 0.0175
42 378 0.18630267086525198 1 0 0.03749999999999999 0.037500000000000006 0.08996575 1.5707963267948966 0.18849555921538758 0.7696902001294993 0.0175
37 333 0.2558813216286098 1 0 0.03749999999999999 0.037500000000000006 0.08996575 1.5707963267948966 0.18849555921538758 0.7696902001294993 0.0175
35 315 0.7676356416996063 1 0 0.03749999999999999 0.037500000000000006 0.08996575 1.5707963267948966 0.18849555921538758 0.7696902001294993 0.0175
43 387 0.2078744443674652 1 0 0.03749999999999999 0.037500000000000006 0.08996575 1.5707963267948966 0.18849555921538758 0.7696902001294993 0.0175
36 324 0.3715123815046524 1 0 0.03749999999999999 0.037500000000000006 0.08996575 1.5707963267948966 0.18849555921538758 0.7696902001294993 0.0175
40 360 0.32080249185453624 1 0 0.037500000000000006 0.037500000000000006 0.08996575 1.5707963267948966 0.18849555921538758 0.7696902001294993 0.0175
43 387 0.1638674800208563 1 0 0.03749999999999999 0.037500000000000006 0.08996575 1.5707963267948966 0.18849555921538758 0.7696902001294993 0.0175
44 396 0.18304135842877836 1 0 0.03749999999999999 0.037500000000000006 0.08996575 1.5707963267948966 0.18849555921538758 0.7696902001294993 0.0175
38 342 0.23536604527525654 1 0 0.03749999999999999 0.037500000000000006 0.08996575 1.5707963267948966 0.18849555921538758 0.7696902001294993 0.0175
36 324 0.6914041076418562 1 0 0.03749999999999999 0.037500000000000006 0.08996575 1.5707963267948966 0.18849555921538758 0.7696902001294993 0.0175
37 333 0.35180568167728776 1 0 0.03749999999999999 0.037500000000000006 0.08996575 1.5707963267948966 0.18849555921538758 0.7696902001294993 0.0175
44 396 0.14261859340552246 1 0 0.03749999999999999 0.037500000000000006 0.08996575 1.5707963267948966 0.18849555921538758 0.7696902001294993 0.0175
41 369 0.30582369961275385 1 0 0.037500000000000006 0.037500000000000006 0.08996575 1.5707963267948966 0.18849555921538758 0.7696902001294993 0.0175
45 405 0.17567987891522305 1 0 0.03749999999999999 0.037500000000000006 0.08996575 1.5707963267948966 0.18849555921538758 0.7696902001294993 0.0175
39 351 0.22423940548391189 1 0 0.03749999999999999 0.037500000000000006 0.08996575 1.5707963267948966 0.18849555921538758 0.7696902001294993 0.0175
37 333 0.627734290624034 1 0 0.03749999999999999 0.037500000000000006 0.08996575 1.5707963267948966 0.18849555921538758 0.7696902001294993 0.0175
45 405 0.12364987205282274 1 0 0.03749999999999999 0.037500000000000006 0.08996575 1.5707963267948966 0.18849555921538758 0.7696902001294993 0.0175
42 378 0.289730881264865 1 0 0.037500000000000006 0.037500000000000006 0.08996575 1.5707963267948966 0.18849555921538758 0.7696902001294993 0.0175
46 414 0.162820162580364 1 0 0.03749999999999999 0.037500000000000006 0.08996575 1.5707963267948966 0.18849555921538758 0.7696902001294993 0.0175
38 342 0.33693276615195883 1 0 0.03749999999999999 0.037500000000000006 0.08996575 1.5707963267948966 0.18849555921538758 0.7696902001294993 0.0175
46 414 0.12027141457326368 1 0 0.03749999999999999 0.037500000000000006 0.08996575 1.5707963267948966 0.18849555921538758 0.7696902001294993 0.0175
40 360 0.2265739851048561 1 0 0.03749999999999999 0.037500000000000006 0.08996575 1.5707963267948966 0.18849555921538758 0.7696902001294993 0.0175
43 387 0.2561847990745449 1 0 0.037500000000000006 0.037500000000000006 0.08996575 1.5707963267948966 0.18849555921538758 0.7696902001294993 0.0175
38 342 0.5407202445259114 1 0 0.03749999999999999 0.037500000000000006 0.08996575 1.5707963267948966 0.18849555921538758 0.7696902001294993 0.0175
47 423 0.15313230795713373 1 0 0.03749999999999999 0.037500000000000006 0.08996575 1.5707963267948966 0.18849555921538758 0.7696902001294993 0.0175
47 423 0.11708969241202771 1 0 0.03749999999999999 0.037500000000000006 0.08996575 1.5707963267948966 0.18849555921538758 0.7696902001294993 0.0175
39 351 0.3056323544420929 1 0 0.03749999999999999 0.037500000000000006 0.08996575 1.5707963267948966 0.18849555921538758 0.7696902001294993 0.0175
44 396 0.25210011384883 1 0 0.037500000000000006 0.037500000000000006 0.08996575 1.5707963267948966 0.18849555921538758 0.7696902001294993 0.0175
48 432 0.14459673728494826 1 0 0.03749999999999999 0.037500000000000006 0.08996575 1.5707963267948966 0.18849555921538758 0.7696902001294993 0.0175
39 351 0.5144522644233371 1 0 0.03749999999999999 0.037500000000000006 0.08996575 1.5707963267948966 0.18849555921538758 0.7696902001294993 0.0175
41 369 0.23910520096350585 1 0 0.03749999999999999 0.037500000000000006 0.08996575 1.5707963267948966 0.18849555921538758 0.7696902001294993 0.0175
48 432 0.12332517473167319 1 0 0.03749999999999999 0.037500000000000006 0.08996575 1.5707963267948966 0.18849555921538758 0.7696902001294993 0.0175
49 441 0.13850425475167086 1 0 0.03749999999999999 0.037500000000000006 0.08996575 1.5707963267948966 0.18849555921538758 0.7696902001294993 0.0175
45 405 0.23539932766472016 1 0 0.037500000000000006 0.037500000000000006 0.08996575 1.5707963267948966 0.18849555921538758 0.7696902001294993 0.0175
40 360 0.4976605185316395 1 0 0.03749999999999999 0.037500000000000006 0.08996575 1.5707963267948966 0.18849555921538758 0.7696902001294993 0.0175
40 360 0.30449693441530007 1 0 0.03749999999999999 0.037500000000000006 0.08996575 1.5707963267948966 0.18849555921538758 0.7696902001294993 0.0175
42 378 0.2289417690461565 1 0 0.03749999999999999 0.037500000000000006 0.08996575 1.5707963267948966 0.18849555921538758 0.7696902001294993 0.0175
49 441 0.12659508067663164 1 0 0.03749999999999999 0.037500000000000006 0.08996575 1.5707963267948966 0.18849555921538758 0.7696902001294993 0.0175
50 450 0.1444605076744148 1 0 0.03749999999999999 0.037500000000000006 0.08996575 1.5707963267948966 0.18849555921538758 0.7696902001294993 0.0175
46 414 0.2128587608645549 1 0 0.037500000000000006 0.037500000000000006 0.08996575 1.5707963267948966 0.18849555921538758 0.7696902001294993 0.0175
41 369 0.4837140673817976 1 0 0.03749999999999999 0.037500000000000006 0.08996575 1.5707963267948966 0.18849555921538758 0.7696902001294993 0.0175
50 450 0.11817059601652972 1 0 0.03749999999999999 0.037500000000000006 0.08996575 1.5707963267948966 0.18849555921538758 0.7696902001294993 0.0175
43 387 0.231644165059398 1 0 0.03749999999999999 0.037500000000000006 0.08996575 1.5707963267948966 0.18849555921538758 0.7696902001294993 0.0175
51 459 0.14064358394097698 1 0 0.03749999999999999 0.037500000000000006 0.08996575 1.5707963267948966 0.18849555921538758 0.7696902001294993 0.0175
47 423 0.20029971826179563 1 0 0.037500000000000006 0.037500000000000006 0.08996575 1.5707963267948966 0.18849555921538758 0.7696902001294993 0.0175
41 369 0.2746317234590825 1 0 0.03749999999999999 0.037500000000000006 0.08996575 1.5707963267948966 0.18849555921538758 0.7696902001294993 0.0175
42 378 0.47291465718506825 1 0 0.03749999999999999 0.037500000000000006 0.08996575 1.5707963267948966 0.18849555921538758 0.7696902001294993 0.0175
51 459 0.11156793134334198 1 0 0.03749999999999999 0.037500000000000006 0.08996575 1.5707963267948966 0.18849555921538758 0.7696902001294993 0.0175
52 468 0.15671564051496692 1 0 0.03749999999999999 0.037500000000000006 0.08996575 1.5707963267948966 0.18849555921538758 0.7696902001294993 0.0175
48 432 0.1771165192829076 1 0 0.037500000000000006 0.037500000000000006 0.08996575 1.5707963267948966 0.18849555921538758 0.7696902001294993 0.0175
44 396 0.2238173459227275 1 0 0.03749999999999999 0.037500000000000006 0.08996575 1.5707963267948966 0.18849555921538758 0.7696902001294993 0.0175
52 468 0.117540687341484 1 0 0.03749999999999999 0.037500000000000006 0.08996575 1.5707963267948966 0.18849555921538758 0.7696902001294993 0.0175
42 378 0.2714938769686659 1 0 0.03749999999999999 0.037500000000000006 0.08996575 1.5707963267948966 0.18849555921538758 0.7696902001294993 0.0175
43 387 0.4801309814408553 1 0 0.03749999999999999 0.037500000000000006 0.08996575 1.5707963267948966 0.18849555921538758 0.7696902001294993 0.0175
53 477 0.1387967903404547 1 0 0.03749999999999999 0.037500000000000006 0.08996575 1.5707963267948966 0.18849555921538758 0.7696902001294993 0.0175
49 441 0.1586034388670127 1 0 0.037500000000000006 0.037500000000000006 0.08996575 1.5707963267948966 0.18849555921538758 0.7696902001294993 0.0175
45 405 0.23124833277716325 1 0 0.03749999999999999 0.037500000000000006 0.08996575 1.5707963267948966 0.18849555921538758 0.7696902001294993 0.0175
53 477 0.11207789658331209 1 0 0.03749999999999999 0.037500000000000006 0.08996575 1.5707963267948966 0.18849555921538758 0.7696902001294993 0.0175
54 486 0.13204086896801448 1 0 0.03749999999999999 0.037500000000000006 0.08996575 1.5707963267948966 0.18849555921538758 0.7696902001294993 0.0175
44 396 0.4578466146405282 1 0 0.03749999999999999 0.037500000000000006 0.08996575 1.5707963267948966 0.18849555921538758 0.7696902001294993 0.0175
50 450 0.14777286253006186 1 0 0.037500000000000006 0.037500000000000006 0.08996575 1.5707963267948966 0.18849555921538758 0.7696902001294993 0.0175
43 387 0.24671091304911721 1 0 0.03749999999999999 0.037500000000000006 0.08996575 1.5707963267948966 0.18849555921538758 0.7696902001294993 0.0175
54 486 0.11276265723870067 1 0 0.03749999999999999 0.037500000000000006 0.08996575 1.5707963267948966 0.18849555921538758 0.7696902001294993 0.0175
46 414 0.23243251278718502 1 0 0.03749999999999999 0.037500000000000006 0.08996575 1.5707963267948966 0.18849555921538758 0.7696902001294993 0.0175
55 495 0.13177274160190566 1 0 0.03749999999999999 0.037500000000000006 0.08996575 1.5707963267948966 0.18849555921538758 0.7696902001294993 0.0175
45 405 0.4641934018441633 1 0 0.03749999999999999 0.037500000000000006 0.08996575 1.5707963267948966 0.18849555921538758 0.7696902001294993 0.0175
51 459 0.1356222011236628 1 0 0.037500000000000006 0.037500000000000006 0.08996575 1.5707963267948966 0.18849555921538758 0.7696902001294993 0.0175
55 495 0.1042143758464755 1 0 0.03749999999999999 0.037500000000000006 0.08996575 1.5707963267948966 0.18849555921538758 0.7696902001294993 0.0175
44 396 0.22143775854254272 1 0 0.03749999999999999 0.037500000000000006 0.08996575 1.5707963267948966 0.18849555921538758 0.7696902001294993 0.0175
56 504 0.11808283672930846 1 0 0.03749999999999999 0.037500000000000006 0.08996575 1.5707963267948966 0.18849555921538758 0.7696902001294993 0.0175
47 423 0.22458694222271777 1 0 0.03749999999999999 0.037500000000000006 0.08996575 1.5707963267948966 0.18849555921538758 0.7696902001294993 0.0175
52 468 0.12477768569195383 1 0 0.037500000000000006 0.037500000000000006 0.08996575 1.5707963267948966 0.18849555921538758 0.7696902001294993 0.0175
56 504 0.10680435074802445 1 0 0.03749999999999999 0.037500000000000006 0.08996575 1.5707963267948966 0.18849555921538758 0.7696902001294993 0.0175
46 414 0.41660098144212876 1 0 0.03749999999999999 0.037500000000000006 0.08996575 1.5707963267948966 0.18849555921538758 0.7696902001294993 0.0175
57 513 0.11219041674318482 1 0 0.03749999999999999 0.037500000000000006 0.08996575 1.5707963267948966 0.18849555921538758 0.7696902001294993 0.0175
53 477 0.11669719129895889 1 0 0.037500000000000006 0.037500000000000006 0.08996575 1.5707963267948966 0.18849555921538758 0.7696902001294993 0.0175
57 513 0.10189404723328938 1 0 0.03749999999999999 0.037500000000000006 0.08996575 1.5707963267948966 0.18849555921538758 0.7696902001294993 0.0175
45 405 0.2047077479425262 1 0 0.03749999999999999 0.037500000000000006 0.08996575 1.5707963267948966 0.18849555921538758 0.7696902001294993 0.0175
48 432 0.2022596773560881 1 0 0.03749999999999999 0.037500000000000006 0.08996575 1.5707963267948966 0.18849555921538758 0.7696902001294993 0.0175
47 423 0.3975950926717108 1 0 0.03749999999999999 0.037500000000000006 0.08996575 1.5707963267948966 0.18849555921538758 0.7696902001294993 0.0175
58 522 0.10868610276302167 1 0 0.03749999999999999 0.037500000000000006 0.08996575 1.5707963267948966 0.18849555921538758 0.7696902001294993 0.0175
54 486 0.11048916307368509 1 0 0.037500000000000006 0.037500000000000006 0.08996575 1.5707963267948966 0.18849555921538758 0.7696902001294993 0.0175
58 522 0.09431136969215381 1 0 0.03749999999999999 0.037500000000000006 0.08996575 1.5707963267948966 0.18849555921538758 0.7696902001294993 0.0175
49 441 0.18060107426819047 1 0 0.03749999999999999 0.037500000000000006 0.08996575 1.5707963267948966 0.18849555921538758 0.7696902001294993 0.0175
59 531 0.11276075970920298 1 0 0.03749999999999999 0.037500000000000006 0.08996575 1.5707963267948966 0.18849555921538758 0.7696902001294993 0.0175
46 414 0.1906009699371963 1 0 0.03749999999999999 0.037500000000000006 0.08996575 1.5707963267948966 0.18849555921538758 0.7696902001294993 0.0175
48 432 0.35755966666306027 1 0 0.03749999999999999 0.037500000000000006 0.08996575 1.5707963267948966 0.18849555921538758 0.7696902001294993 0.0175
59 531 0.07784050957283216 1 0 0.03749999999999999 0.037500000000000006 0.08996575 1.5707963267948966 0.18849555921538758 0.7696902001294993 0.0175
55 495 0.09806699193684704 1 0 0.037500000000000006 0.037500000000000006 0.08996575 1.5707963267948966 0.18849555921538758 0.7696902001294993 0.0175
60 540 0.11402992805494941 1 0 0.03749999999999999 0.037500000000000006 0.08996575 1.5707963267948966 0.18849555921538758 0.7696902001294993 0.0175
50 450 0.1494679510930454 1 0 0.03749999999999999 0.037500000000000006 0.08996575 1.5707963267948966 0.18849555921538758 0.7696902001294993 0.0175
60 540 0.07271615403940455 1 0 0.03749999999999999 0.037500000000000006 0.08996575 1.5707963267948966 0.18849555921538758 0.7696902001294993 0.0175
49 441 0.36538676491433647 1 0 0.03749999999999999 0.037500000000000006 0.08996575 1.5707963267948966 0.18849555921538758 0.7696902001294993 0.0175
56 504 0.10480806767878219 1 0 0.037500000000000006 0.037500000000000006 0.08996575 1.5707963267948966 0.18849555921538758 0.7696902001294993 0.0175
47 423 0.1711584301405871 1 0 0.03749999999999999 0.037500000000000006 0.08996575 1.5707963267948966 0.18849555921538758 0.7696902001294993 0.0175
61 549 0.11743875163694607 1 0 0.03749999999999999 0.037500000000000006 0.08996575 1.5707963267948966 0.18849555921538758 0.7696902001294993 0.0175
61 549 0.0763389698108644 1 0 0.03749999999999999 0.037500000000000006 0.08996575 1.5707963267948966 0.18849555921538758 0.7696902001294993 0.0175
50 450 0.32307761219215 1 0 0.03749999999999999 0.037500000000000006 0.08996575 1.5707963267948966 0.18849555921538758 0.7696902001294993 0.0175
51 459 0.14322995508702235 1 0 0.03749999999999999 0.037500000000000006 0.08996575 1.5707963267948966 0.18849555921538758 0.7696902001294993 0.0175
57 513 0.09609891536486044 1 0 0.037500000000000006 0.037500000000000006 0.08996575 1.5707963267948966 0.18849555921538758 0.7696902001294993 0.0175
62 558 0.11697176931013338 1 0 0.03749999999999999 0.037500000000000006 0.08996575 1.5707963267948966 0.18849555921538758 0.7696902001294993 0.0175
62 558 0.09092928425034826 1 0 0.03749999999999999 0.037500000000000006 0.08996575 1.5707963267948966 0.18849555921538758 0.7696902001294993 0.0175
48 432 0.16617131822498735 1 0 0.03749999999999999 0.037500000000000006 0.08996575 1.5707963267948966 0.18849555921538758 0.7696902001294993 0.0175
58 522 0.08299881152262056 1 0 0.037500000000000006 0.037500000000000006 0.08996575 1.5707963267948966 0.18849555921538758 0.7696902001294993 0.0175
51 459 0.3048117176757161 1 0 0.03749999999999999 0.037500000000000006 0.08996575 1.5707963267948966 0.18849555921538758 0.7696902001294993 0.0175
52 468 0.1429346044529525 1 0 0.03749999999999999 0.037500000000000006 0.08996575 1.5707963267948966 0.18849555921538758 0.7696902001294993 0.0175
63 567 0.11574128253876327 1 0 0.03749999999999999 0.037500000000000006 0.08996575 1.5707963267948966 0.18849555921538758 0.7696902001294993 0.0175
63 567 0.08965512720380735 1 0 0.03749999999999999 0.037500000000000006 0.08996575 1.5707963267948966 0.18849555921538758 0.7696902001294993 0.0175
59 531 0.072958675394759 1 0 0.037500000000000006 0.037500000000000006 0.08996575 1.5707963267948966 0.18849555921538758 0.7696902001294993 0.0175
52 468 0.29109085973360516 1 0 0.03749999999999999 0.037500000000000006 0.08996575 1.5707963267948966 0.18849555921538758 0.7696902001294993 0.0175
49 441 0.14869783051784227 1 0 0.03749999999999999 0.037500000000000006 0.08996575 1.5707963267948966 0.18849555921538758 0.7696902001294993 0.0175
64 576 0.11409476825039305 1 0 0.03749999999999999 0.037500000000000006 0.08996575 1.5707963267948966 0.18849555921538758 0.7696902001294993 0.0175
53 477 0.14593236217430275 1 0 0.03749999999999999 0.037500000000000006 0.08996575 1.5707963267948966 0.18849555921538758 0.7696902001294993 0.0175
64 576 0.08459164191050014 1 0 0.03749999999999999 0.037500000000000006 0.08996575 1.5707963267948966 0.18849555921538758 0.7696902001294993 0.0175
60 540 0.07668563135979538 1 0 0.037500000000000006 0.037500000000000006 0.08996575 1.5707963267948966 0.18849555921538758 0.7696902001294993 0.0175
65 585 0.1122715958124236 1 0 0.03749999999999999 0.037500000000000006 0.08996575 1.5707963267948966 0.18849555921538758 0.7696902001294993 0.0175
53 477 0.26441241935179094 1 0 0.03749999999999999 0.037500000000000006 0.08996575 1.5707963267948966 0.18849555921538758 0.7696902001294993 0.0175
65 585 0.0788503964442146 1 0 0.03749999999999999 0.037500000000000006 0.08996575 1.5707963267948966 0.18849555921538758 0.7696902001294993 0.0175
54 486 0.15362524781522074 1 0 0.03749999999999999 0.037500000000000006 0.08996575 1.5707963267948966 0.18849555921538758 0.7696902001294993 0.0175
50 450 0.14210732385760932 1 0 0.03749999999999999 0.037500000000000006 0.08996575 1.5707963267948966 0.18849555921538758 0.7696902001294993 0.0175
61 549 0.08099970584170595 1 0 0.037500000000000006 0.037500000000000006 0.08996575 1.5707963267948966 0.18849555921538758 0.7696902001294993 0.0175
66 594 0.11266567097906592 1 0 0.03749999999999999 0.037500000000000006 0.08996575 1.5707963267948966 0.18849555921538758 0.7696902001294993 0.0175
66 594 0.07785755326479397 1 0 0.03749999999999999 0.037500000000000006 0.08996575 1.5707963267948966 0.18849555921538758 0.7696902001294993 0.0175
54 486 0.2778163328598971 1 0 0.03749999999999999 0.037500000000000006 0.08996575 1.5707963267948966 0.18849555921538758 0.7696902001294993 0.0175
55 495 0.1666408129781668 1 0 0.03749999999999999 0.037500000000000006 0.08996575 1.5707963267948966 0.18849555921538758 0.7696902001294993 0.0175
62 558 0.08020328750172771 1 0 0.037500000000000006 0.037500000000000006 0.08996575 1.5707963267948966 0.18849555921538758 0.7696902001294993 0.0175
67 603 0.1101665831594027 1 0 0.03749999999999999 0.037500000000000006 0.08996575 1.5707963267948966 0.18849555921538758 0.7696902001294993 0.0175
67 603 0.1101665831594027 1 0 0.03749999999999999 0.037500000000000006 0.08996575 1.5707963267948966 0.18849555921538758 0.7696902001294993 0.0175
51 459 0.12321098961094787 1 0 0.03749999999999999 0.037500000000000006 0.08996575 1.5707963267948966 0.18849555921538758 0.7696902001294993 0.0175
67 603 0.0740656267684246 1 0 0.03749999999999999 0.037500000000000006 0.08996575 1.5707963267948966 0.18849555921538758 0.7696902001294993 0.0175
67 603 0.0740656267684246 1 0 0.03749999999999999 0.037500000000000006 0.08996575 1.5707963267948966 0.18849555921538758 0.7696902001294993 0.0175
55 495 0.26184062723127344 1 0 0.03749999999999999 0.037500000000000006 0.08996575 1.5707963267948966 0.18849555921538758 0.7696902001294993 0.0175
56 504 0.18482869894360873 1 0 0.03749999999999999 0.037500000000000006 0.08996575 1.5707963267948966 0.18849555921538758 0.7696902001294993 0.0175
63 567 0.07400346432876696 1 0 0.037500000000000006 0.037500000000000006 0.08996575 1.5707963267948966 0.18849555921538758 0.7696902001294993 0.0175
56 504 0.22284933100538992 1 0 0.03749999999999999 0.037500000000000006 0.08996575 1.5707963267948966 0.18849555921538758 0.7696902001294993 0.0175
52 468 0.11470541030347535 1 0 0.03749999999999999 0.037500000000000006 0.08996575 1.5707963267948966 0.18849555921538758 0.7696902001294993 0.0175
64 576 0.06829147207323197 1 0 0.037500000000000006 0.037500000000000006 0.08996575 1.5707963267948966 0.18849555921538758 0.7696902001294993 0.0175
57 513 0.19591115858116478 1 0 0.03749999999999999 0.037500000000000006 0.08996575 1.5707963267948966 0.18849555921538758 0.7696902001294993 0.0175
57 513 0.20048881023733295 1 0 0.03749999999999999 0.037500000000000006 0.08996575 1.5707963267948966 0.18849555921538758 0.7696902001294993 0.0175
65 585 0.0725100470654145 1 0 0.037500000000000006 0.037500000000000006 0.08996575 1.5707963267948966 0.18849555921538758 0.7696902001294993 0.0175
53 477 0.0990846064183516 1 0 0.03749999999999999 0.037500000000000006 0.08996575 1.5707963267948966 0.18849555921538758 0.7696902001294993 0.0175
58 522 0.20127991715282773 1 0 0.03749999999999999 0.037500000000000006 0.08996575 1.5707963267948966 0.18849555921538758 0.7696902001294993 0.0175
58 522 0.17288224566569008 1 0 0.03749999999999999 0.037500000000000006 0.08996575 1.5707963267948966 0.18849555921538758 0.7696902001294993 0.0175
66 594 0.06874142608504853 1 0 0.037500000000000006 0.037500000000000006 0.08996575 1.5707963267948966 0.18849555921538758 0.7696902001294993 0.0175
54 486 0.10285914442701957 1 0 0.03749999999999999 0.037500000000000006 0.08996575 1.5707963267948966 0.18849555921538758 0.7696902001294993 0.0175
59 531 0.19351313555619262 1 0 0.03749999999999999 0.037500000000000006 0.08996575 1.5707963267948966 0.18849555921538758 0.7696902001294993 0.0175
67 603 0.06798408022485844 1 0 0.037500000000000006 0.037500000000000006 0.08996575 1.5707963267948966 0.18849555921538758 0.7696902001294993 0.0175
59 531 0.16051003521806284 1 0 0.03749999999999999 0.037500000000000006 0.08996575 1.5707963267948966 0.18849555921538758 0.7696902001294993 0.0175
67 603 0.06798408022485844 1 0 0.037500000000000006 0.037500000000000006 0.08996575 1.5707963267948966 0.18849555921538758 0.7696902001294993 0.0175
60 540 0.2195324013172473 1 0 0.03749999999999999 0.037500000000000006 0.08996575 1.5707963267948966 0.18849555921538758 0.7696902001294993 0.0175
60 540 0.1483619204899453 1 0 0.03749999999999999 0.037500000000000006 0.08996575 1.5707963267948966 0.18849555921538758 0.7696902001294993 0.0175
55 495 0.10356630585683908 1 0 0.03749999999999999 0.037500000000000006 0.08996575 1.5707963267948966 0.18849555921538758 0.7696902001294993 0.0175
61 549 0.15049400783603123 1 0 0.03749999999999999 0.037500000000000006 0.08996575 1.5707963267948966 0.18849555921538758 0.7696902001294993 0.0175
61 549 0.27178802668860524 1 0 0.03749999999999999 0.037500000000000006 0.08996575 1.5707963267948966 0.18849555921538758 0.7696902001294993 0.0175
56 504 0.1003686504176174 1 0 0.03749999999999999 0.037500000000000006 0.08996575 1.5707963267948966 0.18849555921538758 0.7696902001294993 0.0175
62 558 0.14637751411062502 1 0 0.03749999999999999 0.037500000000000006 0.08996575 1.5707963267948966 0.18849555921538758 0.7696902001294993 0.0175
62 558 0.28590121265610047 1 0 0.03749999999999999 0.037500000000000006 0.08996575 1.5707963267948966 0.18849555921538758 0.7696902001294993 0.0175
57 513 0.09917437114839742 1 0 0.03749999999999999 0.037500000000000006 0.08996575 1.5707963267948966 0.18849555921538758 0.7696902001294993 0.0175
63 567 0.14228062123568713 1 0 0.03749999999999999 0.037500000000000006 0.08996575 1.5707963267948966 0.18849555921538758 0.7696902001294993 0.0175
63 567 0.2867901779488763 1 0 0.03749999999999999 0.037500000000000006 0.08996575 1.5707963267948966 0.18849555921538758 0.7696902001294993 0.0175
64 576 0.13520811668057747 1 0 0.03749999999999999 0.037500000000000006 0.08996575 1.5707963267948966 0.18849555921538758 0.7696902001294993 0.0175
58 522 0.10498429615351836 1 0 0.03749999999999999 0.037500000000000006 0.08996575 1.5707963267948966 0.18849555921538758 0.7696902001294993 0.0175
64 576 0.2789739685852511 1 0 0.03749999999999999 0.037500000000000006 0.08996575 1.5707963267948966 0.18849555921538758 0.7696902001294993 0.0175
65 585 0.13189783609038722 1 0 0.03749999999999999 0.037500000000000006 0.08996575 1.5707963267948966 0.18849555921538758 0.7696902001294993 0.0175
65 585 0.2805580350147856 1 0 0.03749999999999999 0.037500000000000006 0.08996575 1.5707963267948966 0.18849555921538758 0.7696902001294993 0.0175
59 531 0.11058674448525939 1 0 0.03749999999999999 0.037500000000000006 0.08996575 1.5707963267948966 0.18849555921538758 0.7696902001294993 0.0175
66 594 0.1266850146015551 1 0 0.03749999999999999 0.037500000000000006 0.08996575 1.5707963267948966 0.18849555921538758 0.7696902001294993 0.0175
67 603 0.12926396382443822 1 0 0.03749999999999999 0.037500000000000006 0.08996575 1.5707963267948966 0.18849555921538758 0.7696902001294993 0.0175
67 603 0.12926396382443822 1 0 0.03749999999999999 0.037500000000000006 0.08996575 1.5707963267948966 0.18849555921538758 0.7696902001294993 0.0175
66 594 0.23975260960740358 1 0 0.03749999999999999 0.037500000000000006 0.08996575 1.5707963267948966 0.18849555921538758 0.7696902001294993 0.0175
60 540 0.11534217987751377 1 0 0.03749999999999999 0.037500000000000006 0.08996575 1.5707963267948966 0.18849555921538758 0.7696902001294993 0.0175
67 603 0.23338728647872486 1 0 0.03749999999999999 0.037500000000000006 0.08996575 1.5707963267948966 0.18849555921538758 0.7696902001294993 0.0175
67 603 0.23338728647872486 1 0 0.03749999999999999 0.037500000000000006 0.08996575 1.5707963267948966 0.18849555921538758 0.7696902001294993 0.0175
61 549 0.11171639661455585 1 0 0.03749999999999999 0.037500000000000006 0.08996575 1.5707963267948966 0.18849555921538758 0.7696902001294993 0.0175
62 558 0.10651211091021669 1 0 0.03749999999999999 0.037500000000000006 0.08996575 1.5707963267948966 0.18849555921538758 0.7696902001294993 0.0175
63 567 0.09857266453739114 1 0 0.03749999999999999 0.037500000000000006 0.08996575 1.5707963267948966 0.18849555921538758 0.7696902001294993 0.0175
64 576 0.09545521075068465 1 0 0.03749999999999999 0.037500000000000006 0.08996575 1.5707963267948966 0.18849555921538758 0.7696902001294993 0.0175
65 585 0.0875184129420481 1 0 0.03749999999999999 0.037500000000000006 0.08996575 1.5707963267948966 0.18849555921538758 0.7696902001294993 0.0175
66 594 0.0896016602747543 1 0 0.03749999999999999 0.037500000000000006 0.08996575 1.5707963267948966 0.18849555921538758 0.7696902001294993 0.0175
67 603 0.08224084906512255 1 0 0.03749999999999999 0.037500000000000006 0.08996575 1.5707963267948966 0.18849555921538758 0.7696902001294993 0.0175
67 603 0.08224084906512255 1 0 0.03749999999999999 0.037500000000000006 0.08996575 1.5707963267948966 0.18849555921538758 0.7696902001294993 0.0175
