% # columns="iteration, evaluation, sigma, void, void,  stds==sigma*sigma_vec.scaling*sqrt(diag(C))", seed=2567, Fri Aug 28 18:38:59 2026, <python>{}</python>
1 9 0.9449729899729059 0 0 0.03587690611771668 0.035765229965352655 0.08048810889316227 1.5376968588120659 0.17692963321268976 0.7141808469386624 0.016413959188801616
2 18 0.9087555735421708 0 0 0.03556048375681241 0.03440087039610023 0.0775097110962569 1.5086792054175466 0.16760484635697626 0.6446680750393435 0.015315522704229234
2 18 0.9087555735421712 0 0 0.03556048375681244 0.034400870396100236 0.07750971109625693 1.5086792054175462 0.1676048463569764 0.644668075039344 0.015315522704229237
2 18 0.9087555735421711 0 0 0.035560483756812436 0.03440087039610023 0.0775097110962569 1.5086792054175455 0.16760484635697634 0.6446680750393442 0.015315522704229237
2 18 0.9087555735421708 0 0 0.035560483756812374 0.03440087039610022 0.07750971109625689 1.508679205417545 0.16760484635697612 0.6446680750393459 0.01531552270422923
2 18 0.9087555735421705 0 0 0.035560483756812346 0.03440087039610023 0.07750971109625686 1.5086792054175466 0.16760484635697623 0.6446680750393435 0.01531552270422923
2 18 0.9087555735421706 0 0 0.035560483756812346 0.03440087039610023 0.07750971109625691 1.5086792054175464 0.16760484635697612 0.6446680750393444 0.015315522704229227
3 27 0.8929064494700619 0 0 0.032897259576056284 0.03434174878550629 0.07624799252026669 1.4282398270977843 0.16236293371412305 0.6424237546425741 0.015272062487237321
3 27 0.8929064494700623 0 0 0.032897259576056326 0.03434174878550631 0.0762479925202667 1.4282398270977852 0.16236293371412314 0.6424237546425743 0.015272062487237299
3 27 0.8929064494700621 0 0 0.03289725957605629 0.03434174878550626 0.07624799252026666 1.4282398270977854 0.1623629337141232 0.6424237546425745 0.01527206248723732
3 27 0.8929064494700623 0 0 0.03289725957605626 0.0343417487855062 0.0762479925202667 1.4282398270977843 0.1623629337141231 0.6424237546425768 0.015272062487237345
3 27 0.8929064494700619 0 0 0.032897259576056194 0.03434174878550625 0.07624799252026669 1.4282398270977832 0.16236293371412316 0.6424237546425744 0.01527206248723737
3 27 0.8929064494700618 0 0 0.03289725957605622 0.034341748785506235 0.07624799252026673 1.4282398270977836 0.16236293371412303 0.6424237546425751 0.015272062487237333
4 36 0.9107936243491089 0 0 0.033416604265543506 0.03444676161343905 0.07319742923994867 1.5286736813608157 0.16541310501614653 0.6632684526898158 0.015292275662676802
4 36 0.9107936243491087 0 0 0.033416604265543506 0.03444676161343903 0.07319742923994858 1.5286736813608188 0.1654131050161465 0.6632684526898149 0.015292275662676777
4 36 0.9107936243491096 0 0 0.0334166042655435 0.03444676161343905 0.07319742923994874 1.528673681360818 0.16541310501614653 0.6632684526898158 0.015292275662676854
5 45 0.960011014998041 0 0 0.03487928211550109 0.03653802380900846 0.07528447340820531 1.553318554667728 0.16810744775063857 0.7188403337493499 0.017308537549241967
4 36 0.910793624349109 0 0 0.03341660426554354 0.03444676161343905 0.07319742923994861 1.5286736813608188 0.16541310501614662 0.6632684526898154 0.015292275662676774
4 36 0.9107936243491093 0 0 0.03341660426554343 0.03444676161343908 0.07319742923994875 1.5286736813608142 0.1654131050161467 0.6632684526898155 0.015292275662676868
5 45 0.9600110149980416 0 0 0.034879282115501106 0.036538023809008495 0.07528447340820545 1.5533185546677206 0.16810744775063888 0.7188403337493521 0.017308537549242012
4 36 0.9107936243491088 0 0 0.033416604265543465 0.03444676161343904 0.07319742923994875 1.5286736813608148 0.16541310501614648 0.6632684526898159 0.01529227566267681
6 54 1.0469016112629923 0 0 0.0374792488653115 0.040415001109530814 0.08048086695103764 1.6335933465334174 0.18227366291718375 0.859176388486579 0.01888703181049882
6 54 1.0469016112629936 0 0 0.037479248865311496 0.04041500110953084 0.08048086695103784 1.6335933465334096 0.18227366291718422 0.8591763884865838 0.01888703181049888
5 45 0.9600110149980428 0 0 0.034879282115501085 0.0365380238090085 0.07528447340820556 1.5533185546677255 0.16810744775063918 0.7188403337493501 0.017308537549242088
5 45 0.9600110149980415 0 0 0.034879282115501134 0.03653802380900849 0.07528447340820536 1.5533185546677264 0.1681074477506387 0.7188403337493514 0.017308537549241967
5 45 0.9600110149980426 0 0 0.03487928211550101 0.03653802380900858 0.0752844734082056 1.5533185546677175 0.16810744775063946 0.7188403337493511 0.01730853754924212
7 63 0.9808150963897778 0 0 0.03450080269588263 0.03826265557904094 0.07495341848196471 1.4369929803953105 0.17154891437668263 0.7959320700772268 0.017942082086870842
5 45 0.9600110149980418 0 0 0.03487928211550107 0.036538023809008495 0.07528447340820557 1.5533185546677202 0.16810744775063896 0.7188403337493514 0.017308537549242026
7 63 0.9808150963897793 0 0 0.03450080269588265 0.03826265557904098 0.07495341848196496 1.4369929803953014 0.1715489143766831 0.7959320700772323 0.017942082086870894
6 54 1.0469016112629932 0 0 0.037479248865311586 0.04041500110953078 0.08048086695103769 1.633593346533416 0.18227366291718392 0.8591763884865833 0.01888703181049881
6 54 1.0469016112629945 0 0 0.037479248865311454 0.04041500110953103 0.08048086695103791 1.6335933465334171 0.18227366291718441 0.8591763884865757 0.018887031810499003
6 54 1.0469016112629945 0 0 0.037479248865311246 0.04041500110953109 0.080480866951038 1.6335933465334067 0.18227366291718464 0.859176388486581 0.01888703181049902
8 72 0.9955610830343318 0 0 0.0353851481534672 0.03808218070752975 0.07673080553091226 1.4131708704238173 0.16762764839460648 0.7994235610837526 0.018302769657939706
8 72 1.0033373561891559 0 0 0.03626854513015594 0.03839755894498426 0.07697407602774345 1.4254000583858084 0.16923604307028692 0.804341518507204 0.0182980111758493
6 54 1.0469016112629936 0 0 0.03747924886531141 0.040415001109530904 0.08048086695103798 1.6335933465334116 0.1822736629171843 0.8591763884865806 0.018887031810498903
7 63 0.9808150963897787 0 0 0.034500802695882724 0.03826265557904091 0.07495341848196485 1.4369929803953096 0.1715489143766827 0.7959320700772313 0.017942082086870814
7 63 0.9808150963897797 0 0 0.03450080269588257 0.03826265557904116 0.074953418481965 1.4369929803953125 0.17154891437668338 0.7959320700772218 0.017942082086870998
7 63 0.9808150963897797 0 0 0.034500802695882335 0.038262655579041266 0.07495341848196495 1.436992980395298 0.17154891437668346 0.7959320700772287 0.017942082086871033
9 81 0.9658966390947998 0 0 0.034878461271998576 0.0351373623345917 0.0726314331052406 1.3069327616971058 0.16259461899925612 0.7834581818686233 0.017724674568660812
9 81 0.9901438707123503 0 0 0.03533962009019843 0.03687561007806591 0.07265242811837354 1.3370749415737795 0.16735871383973253 0.802061242980155 0.018654034686951235
8 72 0.9439356079277088 0 0 0.03259405133976304 0.03600390315232188 0.07324583952264667 1.3347409939401758 0.15894430565302825 0.7616975298123135 0.017402534528154077
7 63 0.9808150963897792 0 0 0.034500802695882585 0.038262655579041065 0.07495341848196509 1.4369929803953023 0.1715489143766832 0.7959320700772285 0.01794208208687091
8 72 0.9955610830343333 0 0 0.03538514815346721 0.038082180707529896 0.07673080553091251 1.4131708704238197 0.16762764839460662 0.799423561083748 0.018302769657939852
8 72 1.0033373561891563 0 0 0.036268545130155816 0.03839755894498445 0.07697407602774335 1.4254000583858055 0.16923604307028703 0.8043415185072017 0.0182980111758494
10 90 0.9702803108103167 0 0 0.03380851304961814 0.03661254791117288 0.07089259709933304 1.2390997601709859 0.16584684426492097 0.7567067724801531 0.018571897407364712
9 81 0.9658966390948014 0 0 0.03487846127199868 0.03513736233459184 0.07263143310524076 1.306932761697107 0.16259461899925606 0.783458181868619 0.01772467456866095
9 81 0.8206293312726289 0 0 0.0283213108576147 0.03184449341503676 0.061707914620535764 1.0964242811394467 0.1346914723044921 0.6392991248892044 0.01519116127225847
11 99 0.9629216191995716 0 0 0.034136984956577326 0.037533256373085716 0.06937629422596626 1.128503319767819 0.16150901888037317 0.7711872812815643 0.018436478497084532
10 90 0.8857070582603391 0 0 0.03246241229935835 0.03162558928989448 0.06635231737020328 1.0955673195350975 0.15169861661688733 0.7069912499886103 0.016399207905715973
9 81 0.9901438707123511 0 0 0.03533962009019837 0.03687561007806616 0.07265242811837334 1.3370749415737775 0.1673587138397327 0.8020612429801534 0.0186540346869513
8 72 0.9439356079277091 0 0 0.03259405133976292 0.036003903152322034 0.0732458395226468 1.3347409939401704 0.15894430565302828 0.7616975298123111 0.017402534528154184
10 90 0.88570705826034 0 0 0.0324624122993584 0.03162558928989455 0.06635231737020339 1.0955673195350986 0.15169861661688744 0.7069912499886064 0.016399207905716074
10 90 0.7289711996298519 0 0 0.024798980344324855 0.027453077728103563 0.05194447453299219 0.9652983755221899 0.11584485526975295 0.5803198010490952 0.0137071433389274
10 90 0.9702803108103177 0 0 0.03380851304961814 0.03661254791117309 0.0708925970993329 1.2390997601709843 0.1658468442649211 0.7567067724801515 0.018571897407364785
11 99 0.8154028175505741 0 0 0.02913672912007869 0.029181165068609113 0.0589039080414145 0.9746564417068405 0.13988300075884144 0.6501510225063768 0.014803702364746584
9 81 0.8206293312726289 0 0 0.02832131085761457 0.03184449341503692 0.06170791462053589 1.0964242811394431 0.13469147230449194 0.6392991248892019 0.015191161272258526
11 99 0.8154028175505733 0 0 0.02913672912007869 0.029181165068609044 0.05890390804141449 0.9746564417068371 0.13988300075884136 0.6501510225063797 0.01480370236474649
12 108 0.8562339986355595 0 0 0.029730442839075256 0.03534037846195572 0.05777611317703906 0.9886527358751628 0.1417009831095618 0.6946557090638684 0.016079792387652878
10 90 0.7289711996298518 0 0 0.024798980344324723 0.027453077728103716 0.051944474532992196 0.965298375522188 0.11584485526975277 0.5803198010490932 0.013707143338927445
11 99 0.6581829545660884 0 0 0.02246489367984559 0.023798892041589133 0.04677181505387625 0.8055707427870124 0.10318909375842678 0.5358392735201014 0.012237374669546103
12 108 0.7587252535166248 0 0 0.02695226642401896 0.026522741885641493 0.05238917579331957 0.8543092576674616 0.13448740113430888 0.5921645039909166 0.01321933179720408
13 117 0.8311299189860732 0 0 0.02792459223358678 0.03294583070383776 0.05567281935871853 0.9427916211020112 0.14984653093446124 0.6732187601203823 0.014734824083901551
12 108 0.6545252902319139 0 0 0.02267528697897584 0.023422689157958514 0.04449958546443092 0.7852413733262772 0.1016142923251822 0.5407291611928337 0.013201986642128209
11 99 0.962921619199573 0 0 0.034136984956577396 0.037533256373086014 0.06937629422596604 1.128503319767818 0.16150901888037342 0.7711872812815622 0.018436478497084588
11 99 0.6581829545660884 0 0 0.022464893679845513 0.023798892041589248 0.046771815053876266 0.8055707427870106 0.10318909375842687 0.5358392735200999 0.012237374669546129
13 117 0.6633481010970345 0 0 0.02314411737863371 0.02284790139521785 0.043608400250303644 0.7165090746420751 0.11812510273017178 0.4946655848808492 0.011753324954446365
12 108 0.7587252535166242 0 0 0.02695226642401897 0.026522741885641504 0.052389175793319614 0.8543092576674564 0.13448740113430857 0.5921645039909185 0.013219331797204024
14 126 0.8954929259095998 0 0 0.03043964934775301 0.03687482616578778 0.055969575280065326 1.029812231300764 0.1780343702720715 0.7369384491559126 0.01575420442974659
12 108 0.6545252902319136 0 0 0.02267528697897578 0.02342268915795856 0.044499585464430925 0.7852413733262751 0.10161429232518208 0.5407291611928314 0.013201986642128261
13 117 0.6024223710435581 0 0 0.020840201407114525 0.021512138344166952 0.039538373157316335 0.693886520426346 0.094395420242637 0.4850522373766949 0.011801882500214435
13 117 0.6024223710435581 0 0 0.02084020140711446 0.021512138344167007 0.039538373157316356 0.6938865204263451 0.09439542024263703 0.48505223737669373 0.011801882500214467
12 108 0.8562339986355604 0 0 0.02973044283907532 0.03534037846195604 0.05777611317703884 0.9886527358751612 0.14170098310956183 0.6946557090638655 0.016079792387652902
14 126 0.604716860369706 0 0 0.02076279162761841 0.020720071857630775 0.038016983570978574 0.6418301910572296 0.1093806017817529 0.4495574910125168 0.010707973610404741
13 117 0.6633481010970338 0 0 0.023144117378633717 0.02284790139521787 0.04360840025030365 0.7165090746420721 0.1181251027301711 0.4946655848808506 0.011753324954446327
14 126 0.5854219039113717 0 0 0.01966278726724806 0.020667905861295296 0.037384570732436576 0.6550980141211709 0.09126874741238683 0.5035245637715056 0.011314311220306765
14 126 0.5854219039113717 0 0 0.019662787267248148 0.020667905861295244 0.03738457073243661 0.6550980141211703 0.09126874741238684 0.5035245637715062 0.011314311220306737
15 135 0.9426740530009298 0 0 0.03166422794166171 0.03712514189480058 0.057951587400072196 1.102137853006512 0.19694899700750773 0.7515751672232769 0.016718711289155832
13 117 0.8311299189860745 0 0 0.02792459223358686 0.03294583070383804 0.05567281935871835 0.9427916211020118 0.1498465309344612 0.6732187601203796 0.014734824083901612
15 135 0.5978422546143435 0 0 0.020294608400353093 0.0208996518876581 0.0356062235776955 0.6610738957423475 0.09018242634736012 0.5458300897600074 0.011294035214777677
15 135 0.633994131572959 0 0 0.02230111041459528 0.02135725193148175 0.03815339746190273 0.6688479322916494 0.1167735911045403 0.5204228685296134 0.010860198536572361
16 144 0.9347249719861093 0 0 0.03102790182332305 0.0363030836989489 0.056050275184722304 1.0666228034006033 0.1867736417910827 0.7285279920113851 0.017667885568263306
14 126 0.6047168603697054 0 0 0.020762791627618463 0.020720071857630737 0.03801698357097856 0.6418301910572264 0.10938060178175228 0.44955749101251896 0.010707973610404709
16 144 0.6416855978704404 0 0 0.022409883429392992 0.021536216328339124 0.03810614792422785 0.650140776238437 0.12236382133059392 0.5286364906758796 0.010821108444487734
15 135 0.5978422546143435 0 0 0.020294608400353215 0.020899651887658074 0.03560622357769551 0.661073895742345 0.09018242634736012 0.545830089760008 0.011294035214777641
17 153 0.5843444266234471 0 0 0.019923034181203485 0.01840629276395941 0.034430088580772684 0.5912317949535602 0.11119581812109007 0.47846625575993806 0.00963001349366885
15 135 0.6339941315729586 0 0 0.022301110414595367 0.02135725193148161 0.03815339746190281 0.6688479322916446 0.11677359110453954 0.5204228685296182 0.010860198536572304
16 144 0.5825756939168044 0 0 0.019911858547525273 0.01988914232690567 0.03410997882823998 0.6104637406102043 0.08918643183597157 0.5327137234940439 0.010676740624531736
14 126 0.8954929259096015 0 0 0.030439649347753027 0.03687482616578823 0.05596957528006506 1.0298122313007663 0.17803437027207128 0.7369384491559099 0.01575420442974665
16 144 0.5825756939168047 0 0 0.01991185854752538 0.01988914232690565 0.03410997882823994 0.6104637406102014 0.08918643183597184 0.5327137234940459 0.010676740624531689
17 153 0.8840071659462525 0 0 0.027941243166387894 0.03310189026864127 0.053528462430262935 0.9767467964316778 0.17920493455032482 0.6989537070778613 0.016629452208660862
16 144 0.64168559787044 0 0 0.02240988342939311 0.021536216328338922 0.03810614792422794 0.6501407762384325 0.12236382133059338 0.5286364906758846 0.01082110844448766
17 153 0.5399298117639397 0 0 0.017899977718687947 0.018184453673531113 0.031138287311261982 0.5869521322221247 0.08142381916914103 0.4857215326113414 0.009694115039754838
18 162 0.5404991983270914 0 0 0.018148286904960235 0.016648714833501516 0.03102487895160393 0.5119231181893372 0.10416069070636551 0.4388034167740325 0.008984269284907311
15 135 0.9426740530009315 0 0 0.03166422794166173 0.037125141894801046 0.057951587400071856 1.1021378530065162 0.19694899700750734 0.7515751672232742 0.01671871128915591
17 153 0.5399298117639393 0 0 0.017899977718688002 0.018184453673531043 0.031138287311261916 0.5869521322221228 0.08142381916914121 0.4857215326113427 0.00969411503975477
18 162 0.8179498211274796 0 0 0.02702592232893348 0.030939994523442056 0.04664187779551097 0.8768132663135105 0.16547245111428144 0.6558451629735499 0.014703394250735434
19 171 0.5667424230727945 0 0 0.018849545150997002 0.01773340387468523 0.030510253319246367 0.5418285288877173 0.11005456360483773 0.45932717118043714 0.009558727844790454
17 153 0.5843444266234469 0 0 0.01992303418120364 0.018406292763959192 0.034430088580772775 0.5912317949535563 0.11119581812108952 0.4784662557599423 0.009630013493668805
16 144 0.9347249719861116 0 0 0.031027901823323097 0.03630308369894936 0.056050275184722095 1.0666228034006076 0.1867736417910825 0.7285279920113824 0.017667885568263396
18 162 0.5302581062521013 0 0 0.018155708151630416 0.017673220577507847 0.029697509741643716 0.5769600476996237 0.08120958111577326 0.4673534576653182 0.009329568866650213
19 171 0.7076861394421482 0 0 0.02375662409255614 0.024750650521638037 0.03994072176456612 0.714996711386203 0.14374802324699998 0.5707486977137277 0.012648344707985098
18 162 0.5302581062521011 0 0 0.018155708151630482 0.017673220577507812 0.02969750974164369 0.5769600476996207 0.08120958111577352 0.4673534576653192 0.00932956886665016
20 180 0.5158264061191571 0 0 0.016768430841423893 0.016286917440905213 0.025721755851429377 0.4840125329408353 0.10402447367174725 0.41328875584921615 0.008594264088892948
18 162 0.5404991983270913 0 0 0.01814828690496039 0.01664871483350133 0.031024878951604048 0.5119231181893343 0.10416069070636502 0.43880341677403617 0.008984269284907264
19 171 0.4732510931188863 0 0 0.016576755885538804 0.015599275324716099 0.0252796431528404 0.5036181210933184 0.06705407249435608 0.4134578375548427 0.008139952391806525
17 153 0.8840071659462541 0 0 0.02794124316638798 0.033101890268641666 0.05352846243026277 0.9767467964316802 0.17920493455032438 0.698953707077858 0.01662945220866093
20 180 0.7038069749270581 0 0 0.024132014826870544 0.024747361101793246 0.03965925652797507 0.6567836804665648 0.1521317511554845 0.5595201238713545 0.012228189351176822
19 171 0.4732510931188862 0 0 0.01657675588553887 0.015599275324716052 0.02527964315284044 0.5036181210933153 0.06705407249435616 0.41345783755484355 0.0081399523918065
20 180 0.46265141914456115 0 0 0.016414294109250754 0.015756383802539218 0.023941033102330197 0.4870477079584896 0.06504379713458436 0.3896583666129204 0.008299634103789805
21 189 0.7427558679486492 0 0 0.024894332250622882 0.02642534085630848 0.04178738234301168 0.6432669120513959 0.17219461782642806 0.5796881811788269 0.013329123745101399
19 171 0.5667424230727943 0 0 0.018849545150997127 0.017733403874684972 0.030510253319246436 0.5418285288877149 0.11005456360483752 0.4593271711804431 0.009558727844790359
18 162 0.817949821127481 0 0 0.027025922328933513 0.03093999452344249 0.04664187779551082 0.8768132663135141 0.16547245111428108 0.655845162973547 0.014703394250735467
21 189 0.5179473260960703 0 0 0.01740285365665468 0.016220571688811716 0.025788277259164716 0.44757549893038356 0.10468512133171731 0.41016832053784463 0.008578246606852082
20 180 0.4437582345565957 0 0 0.015508721653375367 0.014860793080685648 0.023063685969234287 0.46149736884955395 0.062494629045122416 0.3784398556720936 0.007650246835351617
21 189 0.4147416739090208 0 0 0.014383531217372278 0.013645583720088676 0.02089896941740428 0.425995493263819 0.05792577226917154 0.35736501596867354 0.00751862734647077
21 189 0.41573907684285877 0 0 0.014579650037392915 0.013273189082869109 0.02071013751063978 0.4147897124034117 0.05751882174061427 0.3627162812185516 0.007175222548595292
22 198 0.7105110062217465 0 0 0.02316270140458752 0.02585807450989576 0.038233014953279146 0.5862018864402845 0.17114908605910137 0.5597756738992337 0.012154073996638268
20 180 0.5158264061191568 0 0 0.016768430841423983 0.01628691744090496 0.02572175585142941 0.4840125329408325 0.10402447367174725 0.41328875584922165 0.008594264088892849
22 198 0.39371790046246474 0 0 0.013363493322423215 0.013197457760354804 0.018753351129041185 0.3875461983436573 0.05422086807243799 0.32841045293435156 0.006767709433652585
22 198 0.41473744143837493 0 0 0.01452323928174927 0.013712642278586342 0.018819439705021673 0.4170328978144007 0.05929412241004067 0.36974246080766976 0.007430377494390174
19 171 0.7076861394421494 0 0 0.023756624092556144 0.024750650521638422 0.03994072176456607 0.7149967113862059 0.14374802324699973 0.5707486977137249 0.012648344707985138
23 207 0.6712754388377604 0 0 0.02109595556428136 0.0245544035483248 0.03589393224307764 0.556974662403364 0.15371624444851362 0.5260547245699702 0.010914544487519433
22 198 0.5397566618020071 0 0 0.01850878432797638 0.018019713208346104 0.02510350965740911 0.44303306856699454 0.11067202314295635 0.42382966565352304 0.008934540950939072
21 189 0.5179473260960695 0 0 0.01740285365665479 0.01622057168881143 0.025788277259164688 0.4475754989303817 0.10468512133171741 0.4101683205378491 0.008578246606851957
23 207 0.3490475385026151 0 0 0.01204121052233069 0.011819729693120918 0.015822005219880746 0.3420242678807908 0.04616383892920993 0.29095234518611945 0.005972101557109058
23 207 0.3822592955991346 0 0 0.01298485397972848 0.012163356006832438 0.016568356935859237 0.3840892758511932 0.0528465010114731 0.335881908851522 0.007037504450764845
20 180 0.7038069749270593 0 0 0.024132014826870538 0.02474736110179365 0.03965925652797504 0.6567836804665668 0.1521317511554841 0.5595201238713525 0.012228189351176852
23 207 0.5452915122561194 0 0 0.018376284128533087 0.017473542272718457 0.024928239722175727 0.4466567756905188 0.1127704225748154 0.4272153802783057 0.0087876934933369
24 216 0.3133352088330002 0 0 0.010341358060136308 0.010266227876154832 0.014293185796051 0.3016664908814509 0.04037888078581804 0.2530440260172457 0.0052515417738829675
24 216 0.6273924062964885 0 0 0.019261403371791625 0.022530239143294318 0.03247145613577688 0.5217617105165857 0.14009470696735946 0.4846432305754975 0.010550970546065545
22 198 0.539756661802006 0 0 0.018508784327976487 0.018019713208345875 0.02510350965740897 0.44303306856699404 0.11067202314295624 0.42382966565352687 0.008934540950938938
24 216 0.3591086427824277 0 0 0.01289184304181563 0.011626093585098363 0.014977077757586896 0.35252161470987997 0.050628500770657614 0.3150436216580684 0.006754677103462256
21 189 0.7427558679486506 0 0 0.024894332250622847 0.026425340856308942 0.041787382343011645 0.6432669120513975 0.17219461782642728 0.5796881811788268 0.013329123745101439
25 225 0.3152090316731248 0 0 0.010329087065420153 0.010970090121951697 0.013429397949435503 0.29020735056690505 0.040452851330360806 0.2579906562057212 0.0051971034336142355
24 216 0.5330109991819391 0 0 0.018348995362954156 0.01634862247692465 0.024303456869276027 0.4327375644892386 0.10405004182850025 0.4198413048080924 0.008347909102417861
25 225 0.339178664000938 0 0 0.012640141743128771 0.010923600810301592 0.014090008171375894 0.3302426657975119 0.04764739902058331 0.2927004566779835 0.00633542015415526
25 225 0.6313231667877565 0 0 0.01929491926656893 0.022713323614286463 0.02966545557636521 0.5211123889427173 0.13615982309904037 0.5357016870990139 0.010722977711188434
22 198 0.710511006221748 0 0 0.023162701404587482 0.025858074509896235 0.03823301495327916 0.5862018864402865 0.17114908605910062 0.5597756738992339 0.0121540739966383
26 234 0.302243176960542 0 0 0.009870211035115525 0.010816898156723815 0.012351739110864996 0.26165122023851395 0.039825159522657055 0.23650599895518015 0.005074680857404136
23 207 0.5452915122561183 0 0 0.018376284128533184 0.01747354227271825 0.024928239722175574 0.4466567756905213 0.11277042257481515 0.42721538027830913 0.008787693493336761
25 225 0.5104860131887086 0 0 0.01765571106825746 0.01502908310792577 0.02204193994023561 0.40111064111287353 0.09967156122970518 0.39784776944386185 0.008022493229278381
26 234 0.3270404711947538 0 0 0.012412071565086804 0.010192095011784521 0.012470575754526493 0.30911179120236915 0.046772881929782455 0.28527180503004457 0.006130295704943902
23 207 0.6712754388377622 0 0 0.021095955564281312 0.024554403548325245 0.03589393224307766 0.5569746624033654 0.1537162444485128 0.5260547245699706 0.010914544487519506
27 243 0.2818006804201463 0 0 0.00937079510465087 0.009712156867178346 0.010576870258477682 0.24361348686051612 0.0368763357384934 0.22185633324256024 0.004617791692443326
26 234 0.6570797013721664 0 0 0.01945748173930117 0.02299778531558668 0.029422637202404966 0.5159093289402623 0.14170292141836013 0.6290301371706568 0.011110429492899322
24 216 0.5330109991819382 0 0 0.01834899536295427 0.0163486224769244 0.024303456869275947 0.43273756448924156 0.10405004182850008 0.41984130480809656 0.008347909102417714
26 234 0.4602673323581325 0 0 0.01566735122073973 0.013559475652019065 0.018842726103204706 0.3461036351744864 0.08950192971912287 0.35489274364176787 0.007164382615936489
28 252 0.28479795067052616 0 0 0.009954928511785746 0.010041425187098125 0.009983188511796975 0.23819767278192377 0.03705799070482244 0.23478369512368352 0.004647349343980388
24 216 0.6273924062964926 0 0 0.019261403371791688 0.022530239143294824 0.03247145613577703 0.5217617105165877 0.14009470696735926 0.48464323057549974 0.010550970546065647
27 243 0.3289858230637978 0 0 0.012194650391767424 0.009945646248794663 0.01172757172473072 0.31071159774045504 0.052218056624493636 0.2877125413583944 0.0059833021945188075
27 243 0.674575699155434 0 0 0.018900501730453007 0.02265032157599201 0.03023326658923611 0.5262156149276794 0.1395805578992522 0.6811291516229365 0.011523557876034443
25 225 0.5104860131887081 0 0 0.017655711068257546 0.0150290831079256 0.022041939940235518 0.40111064111287664 0.09967156122970497 0.3978477694438662 0.008022493229278262
27 243 0.4384590489901597 0 0 0.014794854865348591 0.013100403289020561 0.01739235432766419 0.31242579713829044 0.08414216295928564 0.3326488694972334 0.006672853838457949
28 252 0.3168213454476544 0 0 0.011638942177859801 0.009415339401776966 0.010777155114123292 0.29886270915895563 0.049342437508682134 0.2886852362934663 0.005936509597099281
25 225 0.6344881915185869 0 0 0.019278255838145356 0.02277718290936025 0.029811747901805897 0.5267309550322776 0.1371560283076134 0.5406347863426452 0.010784307597921643
29 261 0.29915357374638357 0 0 0.010625572574895987 0.010638848247184786 0.010326077110247332 0.23621715882403957 0.03833658631111702 0.24424044500784567 0.0051500461895782985
28 252 0.6378908155117093 0 0 0.017742220319271283 0.021014469351794633 0.027444656150525285 0.46205122372850993 0.1349610243999863 0.6534945351807364 0.010757045639854926
26 234 0.460267332358132 0 0 0.0156673512207398 0.013559475652018916 0.01884272610320467 0.3461036351744874 0.0895019297191228 0.3548927436417716 0.007164382615936375
29 261 0.3154753793481207 0 0 0.010467208103742033 0.009319117176834408 0.01040225497461909 0.29987616604005896 0.05008716759639848 0.29295155636951076 0.00594045503479683
28 252 0.42916757628812363 0 0 0.014970072602085485 0.012977828226554003 0.016422258609483483 0.29449930759325005 0.08499326384248743 0.32324427414402024 0.006413436305227766
30 270 0.3132670744973632 0 0 0.010918163806196904 0.011006685928847269 0.01050122552526542 0.24456194620875582 0.039354710088433095 0.2591720419574731 0.005558816490480844
26 234 0.6610420369511231 0 0 0.019400450244919112 0.023077174934689092 0.029605261663379543 0.5243203381965972 0.14289985537257813 0.6354697881560589 0.011194861399192697
29 261 0.5962073627771469 0 0 0.01614650970135305 0.019213212451203863 0.024920143083083643 0.431182750550843 0.12479212598024729 0.6029028421367277 0.009856686621735585
27 243 0.44085731263975103 0 0 0.014902402691062853 0.013099481915240758 0.017479238395070346 0.3144432042740576 0.08464727384062413 0.33479636777502514 0.006675468293198188
30 270 0.31211393919689684 0 0 0.010122569887972097 0.009168045120990254 0.009941297520464304 0.29784970131165134 0.04924451576489018 0.3021305336095212 0.005616669027551223
31 279 0.30482200924791186 0 0 0.010717461188270752 0.010549642555642282 0.009948328612465578 0.23651729437104496 0.03744118846639453 0.24929545658215777 0.005587285896041682
29 261 0.42105001040059886 0 0 0.014485569704049054 0.012929303208253895 0.015429557166282509 0.28464368037976145 0.08194838042564116 0.31663264837020394 0.0061774354877504505
27 243 0.640973479437596 0 0 0.017817805536137776 0.021531053843478278 0.028726641051048798 0.5054452173805969 0.1328080150361187 0.6338461623604219 0.010884160773789573
31 279 0.30633146407139605 0 0 0.009803096950762178 0.00888907268619367 0.009681937143467437 0.28052227307279115 0.048697019825985205 0.29388073625018796 0.005468031041284602
28 252 0.40279955402991197 0 0 0.01370323304830645 0.011988686647998542 0.015410450176908745 0.27400837272626044 0.078735781855747 0.301836188199292 0.0059617354193510315
32 288 0.30942615355717684 0 0 0.010742192411029129 0.010671736521405979 0.00942090813527262 0.2381952257429024 0.03691371889747589 0.24748637378816715 0.006050302308738255
30 270 0.5783407518105834 0 0 0.015808526481594667 0.018830342019094427 0.023389510173466927 0.4163494380060783 0.11890078315183275 0.5681124232570608 0.009749834295372174
28 252 0.610957075946302 0 0 0.017310163450534023 0.020545912568138945 0.02602955166908356 0.4545409880538587 0.13055422716748594 0.6190840999972155 0.010541047097422646
32 288 0.28833038586197735 0 0 0.008574934099674419 0.008303478495188832 0.008927262605545256 0.25889657089322965 0.04636968079945328 0.2685999748921275 0.004956448944907482
30 270 0.3969367288988079 0 0 0.013349925480370577 0.012158696057760746 0.01383615906450142 0.2639537795677349 0.07777474231192345 0.2970594030177248 0.00562437454254862
33 297 0.322868953410185 0 0 0.011038630244595034 0.010955828606568413 0.009425837594900966 0.24044749313847782 0.03824674519018588 0.2739209977112144 0.006627366789085377
29 261 0.3618845887006987 0 0 0.011692550165303578 0.010546385366977537 0.013115943642524153 0.23918371428347718 0.06904453966973918 0.27314553535734903 0.0053630977330002124
31 279 0.5915287005171169 0 0 0.015834452803195145 0.019753494488706873 0.023764981524659064 0.42048722566416125 0.12269439308277125 0.6321031996537433 0.010219949548538863
33 297 0.28876051359311594 0 0 0.008549235063314812 0.00842734219734661 0.00855695771860168 0.24500547659123392 0.04743608252843717 0.2672924887010604 0.004921278648685069
29 261 0.6102900624990915 0 0 0.016661378780398754 0.0204316198645619 0.025318888324214733 0.45499477080899736 0.13405795303207632 0.598024938806654 0.010449133150052218
34 306 0.3265586268957223 0 0 0.011181711501241028 0.010936581270412917 0.008825571189965804 0.22840191835284215 0.0389099068805317 0.27589850772672425 0.007081255647293419
31 279 0.4016824927693463 0 0 0.013364443252745833 0.01205089990738187 0.013240446364225854 0.26421004554790767 0.07743186478561831 0.3053179111154826 0.006258593316259911
32 288 0.5705176318330841 0 0 0.014973804661243482 0.01920612737460025 0.022166444808629688 0.4005124831344392 0.11871802594096943 0.5792256920278037 0.009845636326439984
34 306 0.27872325043169005 0 0 0.008212668751104848 0.00795180916760237 0.007798368228841157 0.2285379711036106 0.04838400393921197 0.2522741981873832 0.004744405319983621
30 270 0.36513642507211913 0 0 0.011959958510501047 0.010615672963787437 0.012392589705290289 0.24244766978585527 0.06818881201872014 0.2928262073990914 0.005423900084381407
35 315 0.30076223461039625 0 0 0.00978030056084723 0.010040358715251529 0.007867127213322165 0.20535956624635482 0.036575447795155515 0.2548366537297865 0.006501506670860893
30 270 0.6273767574386881 0 0 0.01655186357468699 0.02084678850138571 0.025590500489978425 0.4684515642244802 0.14550874078434936 0.6060045330177223 0.010934908045717113
35 315 0.3090559717006013 0 0 0.008865878687901533 0.008540432046497062 0.008525248507187059 0.23705374326864126 0.05865111760097453 0.29409140790895655 0.005283008574126999
32 288 0.3776039711126255 0 0 0.012119979849174284 0.011105440264770658 0.011726008791617417 0.2408969725190289 0.07036521886759958 0.29707808429518817 0.006125148005460592
33 297 0.5296561348848748 0 0 0.013785724636751458 0.016726857340251054 0.020078409887872156 0.37290847094647506 0.10968928062684613 0.5287448615293835 0.008614085102147255
36 324 0.29252576254004203 0 0 0.009545881714969777 0.009360313974842542 0.007220495502183302 0.20576943826799982 0.03494976800276388 0.26084451344651466 0.006433712132717257
31 279 0.3821573057284405 0 0 0.012410494092916531 0.011811075167223297 0.01233072288874253 0.2510293735984131 0.07342234117996298 0.31426363471789903 0.005775654845639308
36 324 0.29962155446787697 0 0 0.008370147208933252 0.008532746245112613 0.008425053163923939 0.20614039304139137 0.057149240733071816 0.2898299259328899 0.004994881699849823
31 279 0.6397168350876924 0 0 0.015847796899629746 0.021084510959903255 0.025505060457364764 0.4750517119068882 0.14986365485975073 0.6251693563938797 0.011611750345982729
37 333 0.2873784844556642 0 0 0.009320587605624762 0.009018522599168358 0.006811483030834541 0.20248309223767527 0.03524389617807082 0.25852100494129965 0.0065499830695233486
34 306 0.48796965359472605 0 0 0.012661824777198448 0.015500974050102563 0.017918184281847757 0.33953173294132605 0.09767588177098119 0.4867093577142534 0.00786295056455246
33 297 0.3300935905829538 0 0 0.010354875701388658 0.009538121205639785 0.009734096842382415 0.20227205247243232 0.06184964443739378 0.2605985678794836 0.005450604965375184
37 333 0.2789735172662524 0 0 0.007466946501936407 0.007779638507754452 0.007610121176751096 0.18979735590877597 0.053136202628557574 0.2706454335068032 0.004715212233343625
32 288 0.42112433795198556 0 0 0.013091936573988489 0.014200422336963399 0.013392951311443965 0.2675637875719016 0.0837260641024486 0.37061230241280396 0.0063424330728973025
32 288 0.7286720007917163 0 0 0.01710048338636103 0.0231535176591135 0.028345894746390106 0.5412284159412222 0.16638716732431333 0.8121418891487275 0.01308672758015712
38 342 0.2591811752715187 0 0 0.008452206709427713 0.007946574407591092 0.005492267770539729 0.18217088684690302 0.0322723586251943 0.22177130204965598 0.005853630847465241
35 315 0.4956268169933331 0 0 0.013282995275480164 0.015857854412293624 0.01799067889178988 0.32872576547518356 0.09648285961994249 0.48335494079367736 0.00839308277329778
38 342 0.2531907085479079 0 0 0.006567502387972593 0.006721998448220228 0.006724880239551047 0.16909944944989969 0.04783827180182479 0.2555493004624436 0.004390069071778592
34 306 0.31562955974409274 0 0 0.009873071574188335 0.009284855423510093 0.009227789231048479 0.1874544020768741 0.05908614868803403 0.24684385677697018 0.005225048768626051
39 351 0.2584279250252959 0 0 0.00835055774565829 0.008063191308183159 0.004873607403121218 0.19223855850381474 0.03207538102633281 0.2221422861750589 0.006027862702744247
33 297 0.42975994852022953 0 0 0.013158648813041237 0.014478286272510929 0.013280330609056548 0.2533141699075362 0.08877801126636924 0.4115761070634443 0.0063292145726071645
36 324 0.4605390331109082 0 0 0.012315950718076285 0.0140365663976606 0.016504880983855757 0.2990376657833433 0.08643498707361612 0.4465916927584296 0.007972241041749522
33 297 0.8237247626497287 0 0 0.01939913281074257 0.026388164406246205 0.03008073378847138 0.602548857046474 0.18462258163455605 0.9930201820906717 0.01491025830008331
39 351 0.2246535315112711 0 0 0.0057520922818966 0.005850405103449608 0.005518050667072973 0.14635673307972616 0.04429129082868871 0.22785778863406422 0.0037732751483901083
40 360 0.22049067736738992 0 0 0.006918743749753409 0.006925615189429451 0.00400568060142874 0.16427980583267104 0.026229246268243772 0.18491337889679435 0.005222755384135914
35 315 0.3035775574204661 0 0 0.00975571889211349 0.008549060058622498 0.009125325990355045 0.17947096520714886 0.05348059730495073 0.23598419442384347 0.005072229722178935
34 306 0.39591264560930717 0 0 0.012235909312267796 0.01316798856189635 0.011266668348959381 0.22030595697706762 0.08107937773957098 0.38525227290740965 0.005743130758740523
37 333 0.4130171145442703 0 0 0.010638843672378048 0.012651130109984084 0.014116542184025012 0.2655684921774309 0.07667887512065065 0.3972534416215166 0.006894479734162473
40 360 0.2110846728247452 0 0 0.005528746393527351 0.005484263197013353 0.004844655153231292 0.1354910710116246 0.04288015166812428 0.20971866043632614 0.003549560519165697
34 306 0.7868143554106009 0 0 0.01833752968374295 0.025097484354137445 0.02678830531184285 0.5587735462785838 0.17702009831242968 0.9434496055622408 0.013985257989689777
41 369 0.21439430108551613 0 0 0.0065485555165232185 0.006868070511609516 0.003841960043840998 0.16315222032019625 0.02553521120239911 0.19007788051405536 0.0049448426018212826
38 342 0.3809534787490783 0 0 0.009927088123675409 0.011132384617602542 0.011900256842639713 0.23895614958849867 0.07013787129547337 0.36427433087384214 0.00641436259345315
36 324 0.2851956411617477 0 0 0.009194119477624453 0.008006563718650505 0.007891817455752057 0.16806349113684638 0.05116869887782632 0.21948271549515933 0.004741176399964457
41 369 0.19967626432720187 0 0 0.005127317473231173 0.005331697382930728 0.004383895533222853 0.12752770061407148 0.042660112331454406 0.19639590005569577 0.0032513022631974822
35 315 0.3806677935890129 0 0 0.011626946630654389 0.012790441554102897 0.010278529952129252 0.2066552440667113 0.07897526008030294 0.3604896883295762 0.0054816205915001835
42 378 0.2160541635575967 0 0 0.00631719656336786 0.006774899895394738 0.0038544215236615016 0.16259764711137473 0.02621020334528042 0.19401056224353588 0.004902662396127929
39 351 0.33823142543960233 0 0 0.00881622632058757 0.010013636882648025 0.010034689458704185 0.19824861222466245 0.06310457537523145 0.3231981452769762 0.005697136010526491
42 378 0.18630267086525198 0 0 0.004696059841007988 0.004857101556024449 0.003934674494000339 0.11813340253645165 0.04091268891072154 0.1825334255094005 0.002965329015396703
37 333 0.2558813216286098 0 0 0.007801231109950113 0.007431404273425833 0.006797731203731891 0.1505416700500409 0.04524668346553624 0.1930830264923746 0.004241473831531918
35 315 0.7676356416996063 0 0 0.018547193971365592 0.02376734917561729 0.02486874579717465 0.5330774717631738 0.1762578434296421 0.9547640412988835 0.01386081200016818
43 387 0.2078744443674652 0 0 0.006003956470792099 0.006515643723259722 0.0034801888683538003 0.15479433835269704 0.025868719469145852 0.1881929615776338 0.004801763719269799
36 324 0.3715123815046524 0 0 0.011293434566643886 0.012530493055203706 0.009893755499475586 0.19089111799799843 0.08045232671219485 0.3493494579335557 0.005253871492018986
40 360 0.32080249185453624 0 0 0.007890932186745666 0.009446677224776667 0.009140149711716106 0.19226001201255616 0.058351917575208766 0.31217789889829367 0.005533709452687006
43 387 0.1638674800208563 0 0 0.004113410781895777 0.004084746465278218 0.0033248154305958177 0.1004604947244455 0.035362129633950266 0.16041126752346324 0.002593832654227251
44 396 0.18304135842877836 0 0 0.005003080418955777 0.005596596463427155 0.002984271823224044 0.13531116412000133 0.023133395458009638 0.1680636792538799 0.004167485277432046
38 342 0.23536604527525654 0 0 0.007070890620926394 0.0068831134337006845 0.005722029628447838 0.13616993520550652 0.040875789982879523 0.17926683175994176 0.0039004509765004722
36 324 0.6914041076418562 0 0 0.016926741321408315 0.02114405449061699 0.022314680028350447 0.45683900827776514 0.15647997207624476 0.8445094244805456 0.012408748923063666
37 333 0.35180568167728776 0 0 0.010753711593460587 0.011923810733095806 0.008783013449299827 0.17730161648785625 0.07569947773135025 0.33140638349709123 0.004810428914627296
44 396 0.14261859340552246 0 0 0.0033369791266154285 0.003448263247300829 0.002794358337719594 0.08284426180077656 0.031359094085980026 0.13983828039590002 0.002305935423085086
41 369 0.30582369961275385 0 0 0.007331540914794709 0.009059905686848663 0.008427219680674383 0.18217345358877204 0.05557769881348365 0.2975721207633221 0.005121848845723467
45 405 0.17567987891522305 0 0 0.004763736021646538 0.005418630946892183 0.002785263889725334 0.1281510662757823 0.023503526692868787 0.15486351603435927 0.004089604396019648
39 351 0.22423940548391189 0 0 0.006708201203179094 0.006465287290788311 0.004774176658791002 0.12987906904981356 0.04101915934284827 0.16803955940274187 0.0037196323649538224
37 333 0.627734290624034 0 0 0.015527326666856007 0.019110454648214006 0.019199698309036516 0.39156223416181857 0.14200934105834884 0.7755571789309709 0.010840099805565322
45 405 0.12364987205282274 0 0 0.0027328202947043924 0.003027461847302245 0.0023799554315311958 0.07190240626298336 0.027292810832938948 0.11560368286337468 0.002039525610288886
42 378 0.289730881264865 0 0 0.006890642991451389 0.00867081636092017 0.00774410589877136 0.1612112687391786 0.051073951343879716 0.28141593497094086 0.00470537785877305
46 414 0.162820162580364 0 0 0.004253686932533326 0.0048221922295915666 0.002562869799036292 0.11568217221279922 0.022403727942427544 0.14714803969229956 0.003741978340798663
38 342 0.33693276615195883 0 0 0.010058203541700013 0.011579330341991052 0.008121024362758683 0.1660592522230655 0.07281283305531079 0.31738706890776425 0.004726505131861256
46 414 0.12027141457326368 0 0 0.0026260839549081 0.002938036574825014 0.0022066414098373057 0.07007500519274182 0.026797389902790483 0.11337085151891366 0.002028882054949111
40 360 0.2265739851048561 0 0 0.007311707476509123 0.006553652746264213 0.004637655174962702 0.12951121047454178 0.04098428483555015 0.16241253419141558 0.003920449622299046
43 387 0.2561847990745449 0 0 0.0058719731690314355 0.007743804934741754 0.006519625847220685 0.1389781892295711 0.04649385233793074 0.2514270932100455 0.004080139650855923
38 342 0.5407202445259114 0 0 0.013309106922621923 0.016152877861523546 0.015717436237838982 0.3285404816515051 0.11967634950603165 0.6681397248221878 0.00928338297619971
47 423 0.15313230795713373 0 0 0.004045311415272673 0.00443408065311551 0.0024483290991794207 0.10764745022377238 0.02074814647645581 0.13461770857046063 0.003382852110403322
47 423 0.11708969241202771 0 0 0.0024934544050445834 0.0027580698246092166 0.0021111350220427163 0.0699547642986876 0.0266867727069791 0.10820986976995861 0.0020229258957765797
39 351 0.3056323544420929 0 0 0.00907811015179519 0.010872132132101118 0.006800241925915804 0.14905591072213145 0.06662244182080511 0.28753045603632044 0.004192659903281403
44 396 0.25210011384883 0 0 0.005628311266852688 0.007604971233818777 0.00636959843497731 0.1422214994585529 0.04470611050968599 0.25080649699075985 0.0040056922908612395
48 432 0.14459673728494826 0 0 0.0037818792048172883 0.004021091543282292 0.0023318644532341107 0.09935021798919562 0.01968502405267885 0.12437406149416229 0.0032087011037676273
39 351 0.5144522644233371 0 0 0.012392440383810452 0.015315000976378394 0.013329306704146802 0.3335797819518688 0.1147449222687281 0.6478585824901976 0.00872665868811038
41 369 0.23910520096350585 0 0 0.007712985253007741 0.00682471058657076 0.004820950068847371 0.13059116146017352 0.04209744409340187 0.16292804313972908 0.004557660270862459
48 432 0.12332517473167319 0 0 0.002725536614013353 0.00291356594284589 0.002197695125544636 0.07222732947876616 0.02643916003283088 0.12145869384751294 0.0022873026943896397
49 441 0.13850425475167086 0 0 0.0035961561455209057 0.003764842374700939 0.0020568439592594905 0.09512770113753846 0.019752283933461578 0.11776477391064888 0.0030696796540089248
45 405 0.23539932766472016 0 0 0.005296005263605715 0.0069571390355900545 0.005774191813864034 0.13470439980424326 0.04369744366683617 0.22445750630361846 0.003611070926036568
40 360 0.4976605185316395 0 0 0.012015004405742965 0.014742631448580472 0.012158529797390894 0.32014476848352774 0.11300109441253592 0.6182043785317547 0.008632537065131833
40 360 0.30449693441530007 0 0 0.009212677287628392 0.011031110060152156 0.006743857743371724 0.1381850625610487 0.06718269041512907 0.28354107170718984 0.004264227347043471
42 378 0.2289417690461565 0 0 0.007227733136448852 0.006538455529043142 0.0043842389666240555 0.11954585760247721 0.040030309570364166 0.15535551581441068 0.0043417351468842185
49 441 0.12659508067663164 0 0 0.002722094481574385 0.002980257384316646 0.0021401108757981985 0.07227678920303869 0.027271573843010953 0.1411682090801229 0.0025103826251502174
50 450 0.1444605076744148 0 0 0.003800374974299759 0.003886551564024832 0.002132056237682603 0.09833838999900874 0.02192350091262217 0.12196837266309489 0.0032721554175802756
46 414 0.2128587608645549 0 0 0.004522335395570731 0.006447566639686989 0.005194887271865427 0.12137971714841243 0.0389181219841726 0.19309731495208102 0.0032700984480912177
41 369 0.4837140673817976 0 0 0.0116147079444846 0.013877107604997116 0.011448774623145582 0.30426122680685047 0.11358784852113842 0.578322397949764 0.00846469013081737
50 450 0.11817059601652972 0 0 0.0025017561371978763 0.0027265950439041885 0.0019286100762405667 0.06575377017478048 0.023926958816454978 0.1320518499105458 0.002340776140846118
43 387 0.231644165059398 0 0 0.007016388048102758 0.006591292879121479 0.004279223980282209 0.12097510286600698 0.04589541793060306 0.16070722702143284 0.004375791096102868
51 459 0.14064358394097698 0 0 0.0036974107776349364 0.0035637227526430734 0.002062411116598503 0.09301002559032501 0.02232486265722354 0.11620959704145545 0.003197695078253015
47 423 0.20029971826179563 0 0 0.004119430604431564 0.005900660190563174 0.004811717385320137 0.11209449684511039 0.03680936242406766 0.17899453673611532 0.003039374213032166
41 369 0.2746317234590825 0 0 0.008292129159650937 0.009670724802027166 0.005947641317390603 0.1213068209538422 0.05878747641125121 0.2483241661570266 0.003828413865229082
42 378 0.47291465718506825 0 0 0.01155807246738729 0.013449240167675515 0.010700298983659576 0.29103531757418155 0.11471116433542734 0.5607595404930988 0.00799309693309391
51 459 0.11156793134334198 0 0 0.002311307675233177 0.0026664489060287816 0.0017125756877325671 0.06265298903141202 0.02189543057367849 0.12376909427283307 0.0022020846995619457
52 468 0.15671564051496692 0 0 0.004175975858537994 0.003886046126311821 0.002572597148193866 0.098406587432573 0.025136385362894153 0.13774107114317638 0.0035057915567213876
48 432 0.1771165192829076 0 0 0.0035840033680082954 0.005057509368498156 0.004190097980310145 0.10100646912996702 0.0310264984398337 0.15491963019168478 0.002638629365494413
44 396 0.2238173459227275 0 0 0.006829265454393207 0.006054328170187525 0.004041318883064196 0.11582122527276346 0.04577901714890139 0.1538166035070072 0.004152467323344335
52 468 0.117540687341484 0 0 0.002419657624658865 0.0027921015563042682 0.0017680954650370264 0.0645912813495662 0.02415778537009226 0.12517592827729884 0.002376098202501355
42 378 0.2714938769686659 0 0 0.008115922942622505 0.009338915117974732 0.005775362771793712 0.11571510914709239 0.05682923495420242 0.24753622373773113 0.0038290942649549585
43 387 0.4801309814408553 0 0 0.01257925726618976 0.012641908125430649 0.010812921766135608 0.3051021527794135 0.1149289358688755 0.563257362936951 0.007796170355536355
53 477 0.1387967903404547 0 0 0.0037521426406352813 0.003308780869854727 0.002312587035321409 0.08665876714741803 0.02193058914436391 0.1273242070534714 0.003022493585183838
49 441 0.1586034388670127 0 0 0.0030788846444900955 0.004469723888727468 0.003582773713954947 0.08729635039784803 0.027875355974370485 0.13222187695706555 0.0023364419268641495
45 405 0.23124833277716325 0 0 0.007217074329896342 0.0061960378873226075 0.00395093624599002 0.12069269439518894 0.04747967736654524 0.16488508444985223 0.004321510694482533
53 477 0.11207789658331209 0 0 0.0022142348966261664 0.002506745705958023 0.001649973204622768 0.061440557188330136 0.02344776259581374 0.12002447473950914 0.002196448909817577
54 486 0.13204086896801448 0 0 0.0034603480627736108 0.0031313448464872743 0.0022109428311259016 0.08331657579195219 0.020958997078346683 0.12124765500452596 0.002845089204299557
44 396 0.4578466146405282 0 0 0.01227828813276952 0.011643155550317301 0.00993155029942029 0.28375269886555643 0.11183312278211381 0.5229096153002329 0.007162959319291433
50 450 0.14777286253006186 0 0 0.002799509643914951 0.004092926416884037 0.0032648934297145053 0.08080989500161773 0.025050111836980665 0.12211897709104555 0.0022464933325944793
43 387 0.24671091304911721 0 0 0.006948797182661487 0.00850049181308518 0.0051125595943754855 0.1052171690601153 0.051983393147162646 0.22251512637040813 0.0034889600326921933
54 486 0.11276265723870067 0 0 0.0021226092074656915 0.0023873249191201963 0.0016938705097831303 0.06231027868862063 0.025081131968269183 0.12229577206048356 0.002182509120038324
46 414 0.23243251278718502 0 0 0.0069732652522398846 0.00611099676935726 0.003821136479896274 0.11950901773393287 0.04792167423947878 0.17448006242901276 0.004381307123201873
55 495 0.13177274160190566 0 0 0.0033967373387180293 0.0030709419814763388 0.0021962516872779175 0.08122127013685884 0.020958623379774 0.1218833216139925 0.003024903286909372
45 405 0.4641934018441633 0 0 0.012535289029546792 0.011861352395956608 0.00923938091066065 0.288427987351626 0.11271146784040167 0.5678820136600244 0.006983079020697831
51 459 0.1356222011236628 0 0 0.0024964353525521624 0.003659952780281545 0.002868747114506901 0.07417260337137159 0.023006235559053526 0.11117094839566037 0.002016326273663937
55 495 0.1042143758464755 0 0 0.0019473388569769658 0.0022228891818278293 0.0015015588832952898 0.05778725062211667 0.0229350396414803 0.10994839367189416 0.002001754435675849
44 396 0.22143775854254272 0 0 0.006310955465109492 0.007197361819712622 0.004294791039404197 0.0934394227664471 0.04812818390115982 0.20183491412065796 0.0030252589236150927
56 504 0.11808283672930846 0 0 0.0030330206017679974 0.002665445723819833 0.001877202384484172 0.07332203901540518 0.01850769763315822 0.1069933699168555 0.002652924851271998
47 423 0.22458694222271777 0 0 0.006701525664951519 0.005929036888970346 0.003448598758084614 0.11475590345618669 0.046144760291143345 0.16546938686543533 0.00416290752825074
52 468 0.12477768569195383 0 0 0.002268708121388447 0.003163902394821407 0.002539178715121728 0.06857764314562322 0.021143983718438005 0.10416816853303835 0.0018337595820639254
56 504 0.10680435074802445 0 0 0.0019871800675072167 0.0023292349238818225 0.0014865149113125152 0.05864948683740016 0.02405797601492196 0.11249026866465259 0.0019625651203728856
46 414 0.41660098144212876 0 0 0.011139105954858232 0.010232898702011519 0.008312325851664467 0.25415875860618936 0.09918210940071075 0.4979864134141519 0.006181875365607892
57 513 0.11219041674318482 0 0 0.0029055911528178694 0.002464165582123912 0.0017743167525731164 0.06863848634278207 0.017357801658003682 0.09977894221234182 0.0024146025628004027
53 477 0.11669719129895889 0 0 0.0020359847133175598 0.0029915095516475218 0.0022765544659419656 0.06318545927442816 0.018669814817666792 0.09785936979980649 0.0017492047850023635
57 513 0.10189404723328938 0 0 0.0018837619725496173 0.0021910465826441975 0.001376242597356194 0.054804673170018574 0.02294140667684462 0.10343688080771242 0.0018515795768568525
45 405 0.2047077479425262 0 0 0.005771276474455413 0.006537584553936123 0.003708749958359785 0.08772764644763106 0.04449899814605744 0.18396939938791576 0.0027803678293952484
48 432 0.2022596773560881 0 0 0.006133543177880918 0.0054335639859082715 0.002995351797443088 0.09883913621821791 0.03980218105881266 0.14526957048651787 0.0037694894368258862
47 423 0.3975950926717108 0 0 0.010621725681384957 0.009504870655580913 0.008005174648820045 0.2422452501234066 0.09660658105777313 0.4516465261974332 0.0061059752123020635
58 522 0.10868610276302167 0 0 0.002704527157740495 0.0024615988401682437 0.0016549287732202601 0.0634964045787211 0.01665189315065373 0.0958201677566013 0.00232480263404624
54 486 0.11048916307368509 0 0 0.0018451535323832189 0.0030517012469064484 0.0021807977589983207 0.0597532848664303 0.01746290737858983 0.09011959318686803 0.001645573324216298
58 522 0.09431136969215381 0 0 0.0016827597094147184 0.002008977656566067 0.001182758132566023 0.05065650672788775 0.020896848906350775 0.09738612620958655 0.001722906436909157
49 441 0.18060107426819047 0 0 0.0055502830619825385 0.004922711031631266 0.002551678588770668 0.08607088870071357 0.03549414170771277 0.1280782394832565 0.0033078010482529836
59 531 0.11276075970920298 0 0 0.0028025255484762637 0.0025888493282690034 0.0017985577983980507 0.0648378393937562 0.01688249011019983 0.10830100633301669 0.0022592284103612765
46 414 0.1906009699371963 0 0 0.0052939027822824685 0.005970384456332516 0.003424857918685344 0.08318719010554697 0.04268689372306205 0.16562328442447302 0.0025204357941694465
48 432 0.35755966666306027 0 0 0.009367535627022732 0.008024625259213124 0.0072738480127480356 0.20493310357882868 0.08604420468827917 0.3922670555856753 0.005583840075857169
59 531 0.07784050957283216 0 0 0.0013777524432439351 0.0016328017821956168 0.0009623026382005259 0.03896656528539059 0.017344590135237654 0.07734788061498594 0.00131766569367323
55 495 0.09806699193684704 0 0 0.001616948049716434 0.002660160207393183 0.0018754711346929077 0.05293334032442679 0.015974874565377637 0.08076974789513425 0.001469654021109126
60 540 0.11402992805494941 0 0 0.0026838793549759776 0.0026005770742060963 0.0017699095354399275 0.06917224975900015 0.01847398888933042 0.10858139138880075 0.002195602929564731
50 450 0.1494679510930454 0 0 0.004485923520815312 0.004087698064282835 0.002041864105891143 0.0683562165933063 0.029088677960015533 0.10515808812783142 0.002662036457679991
60 540 0.07271615403940455 0 0 0.0012141796133467372 0.0015205068762315574 0.0008780435965450589 0.0343615105819913 0.01605542583683368 0.07129512795802515 0.0012153628119764412
49 441 0.36538676491433647 0 0 0.009769899002968836 0.007942284997016222 0.007362090167513792 0.2104794850080633 0.09082194023511488 0.4074060768316549 0.005646994070101534
56 504 0.10480806767878219 0 0 0.0018405204114429695 0.00279428758867077 0.0019515780734171838 0.058116559739969806 0.017394094460807603 0.08349417867255593 0.0016128261044701022
47 423 0.1711584301405871 0 0 0.004231743662081326 0.0052743246888585305 0.0030206141279163663 0.07305673770893835 0.03880556651479625 0.15000468708221426 0.0022551768015785876
61 549 0.11743875163694607 0 0 0.002608772237039696 0.0027565042266577654 0.0017951942348717294 0.06904890576265435 0.019222306790544524 0.12210023516810738 0.0022795949154129974
61 549 0.0763389698108644 0 0 0.0012653601229874148 0.0015934629990606963 0.0009093608321645472 0.03434019847532484 0.016862059302345637 0.07664861316949668 0.0013545712043630867
50 450 0.32307761219215 0 0 0.008901359572709128 0.0070021502179953565 0.0062327196920452625 0.17411272039392736 0.07800537266899207 0.35478393177817924 0.004972505202602198
51 459 0.14322995508702235 0 0 0.004247275195182073 0.003837245986342958 0.0018872404956543866 0.06765185457229116 0.027855244672562094 0.09667710372644636 0.0026105594479138372
57 513 0.09609891536486044 0 0 0.0017155463665394603 0.0025564906416393153 0.0017857696530697656 0.05260537080771179 0.01563158421889145 0.07516314860168052 0.001470652150678454
62 558 0.11697176931013338 0 0 0.0027386540934933087 0.0026304849742826634 0.00178081066439251 0.06633222524510932 0.019130797191130776 0.12023308057218371 0.0022559241761875514
62 558 0.09092928425034826 0 0 0.0015291219306167447 0.0019484860282466324 0.0010191017212186953 0.041238584788262894 0.019875069196182885 0.09455193565449263 0.0016189934305224163
48 432 0.16617131822498735 0 0 0.004076452903547366 0.005159699016072777 0.0028001959715928735 0.07166110174138463 0.0378450782556959 0.14580768537735722 0.002146170522002054
58 522 0.08299881152262056 0 0 0.0014531416588761106 0.0022498832195635417 0.001471562598404432 0.044421936503426386 0.01349511092988103 0.06393429307880784 0.0012410780658359242
51 459 0.3048117176757161 0 0 0.008332632978332193 0.006485228868665385 0.0057706866925287415 0.16980539206164658 0.07240920665537219 0.3324271684560801 0.004563380896978567
52 468 0.1429346044529525 0 0 0.004557197051701734 0.0039623589276958455 0.0018063140301152135 0.06594931360717497 0.026109261740249082 0.09431467897820339 0.0026077162752432743
63 567 0.11574128253876327 0 0 0.002730821229969138 0.00240241895641767 0.0018667209207831514 0.06514429042480088 0.01871640010410963 0.11779831186024771 0.0023413481820867606
63 567 0.08965512720380735 0 0 0.0014479545619555216 0.0018235500339995392 0.0009595269672503786 0.04231193667207727 0.01970114652617604 0.09420362844267824 0.001592497009284906
59 531 0.072958675394759 0 0 0.0012697229407141143 0.001861493878230818 0.0012320732768962741 0.038790888449457904 0.011859803411973822 0.056903871571805265 0.0010861457396546745
52 468 0.29109085973360516 0 0 0.008061872458476319 0.006148978664080138 0.005455809584153415 0.1581723770269417 0.06992432158187574 0.29980046851904996 0.004386714528417984
49 441 0.14869783051784227 0 0 0.0036325375888634406 0.004467457879647856 0.002253178712232408 0.061836933960818144 0.0341424620612043 0.13330655543721107 0.0019181402671910087
64 576 0.11409476825039305 0 0 0.0026998306384970116 0.0023415422714661983 0.0017945361876102392 0.06237345405695789 0.018090740056198977 0.115194249805885 0.002382962457807736
53 477 0.14593236217430275 0 0 0.004726329921008081 0.003970691386751314 0.0018326289898017826 0.06580958655912009 0.02702555361730769 0.1052772292958821 0.002689080564577626
64 576 0.08459164191050014 0 0 0.0013427136857709849 0.0017451481005750814 0.0008707523519160198 0.03969675530990954 0.019026124752887286 0.08988426431800065 0.0014624394799853046
60 540 0.07668563135979538 0 0 0.00134201636934589 0.0019830104632025743 0.0012622494012099735 0.04237578688839675 0.013020035423532793 0.058902604873982266 0.0012341141172739491
65 585 0.1122715958124236 0 0 0.002629381822015278 0.0022709248831750315 0.0017147158560052347 0.060543699577930814 0.017773771187920555 0.11567825192020534 0.002352740666676071
53 477 0.26441241935179094 0 0 0.007319569158222489 0.005437066150126532 0.004866580174162379 0.1432297093159446 0.06097017013399122 0.27193046525489495 0.0040297772120846224
65 585 0.0788503964442146 0 0 0.001176877648115079 0.0016273017934737627 0.0007749532324464118 0.03716128933903357 0.017623248348402024 0.08521315414127517 0.001409847602806679
54 486 0.15362524781522074 0 0 0.004933876857659462 0.004015051545381201 0.0019593109998132696 0.07064305833870427 0.028384171160789253 0.11219834123993998 0.0029174092947439586
50 450 0.14210732385760932 0 0 0.003445249407199621 0.004142264219720826 0.0020813226085961 0.05723375648939344 0.032598995597795354 0.12996741537844927 0.0017720020346330713
61 549 0.08099970584170595 0 0 0.0013662213938200297 0.002076667461992618 0.0012968637804071453 0.04554786958188627 0.014370434699469343 0.06090424059184261 0.001384917858595895
66 594 0.11266567097906592 0 0 0.002601420963106969 0.0021449819609388105 0.0016344479813465889 0.06020503160723864 0.017674937250076555 0.11750037978837782 0.002282341689886138
66 594 0.07785755326479397 0 0 0.001114571009841334 0.0015450942459365586 0.0007954012133744858 0.03550979962040232 0.018141915598670524 0.08212915012727856 0.0013701800350012536
54 486 0.2778163328598971 0 0 0.007810173411086079 0.005954873497640452 0.00503522886696252 0.15210197362371977 0.06392589869930224 0.2968174067619761 0.004271702344534669
55 495 0.1666408129781668 0 0 0.005386330774774424 0.004471428278777173 0.0020604014404752022 0.07729722580580317 0.031399675962215774 0.12557917608153998 0.0031515924670853642
62 558 0.08020328750172771 0 0 0.0013538235770609534 0.0020791620530563677 0.0012261526299455954 0.050231115645773435 0.014341717964094006 0.05947361209356621 0.0013273607765824037
67 603 0.1101665831594027 0 0 0.0025149936332263447 0.002152808124784989 0.0016129596148962402 0.05837758868668895 0.01686562533587397 0.11774062635122769 0.002230854679116298
67 603 0.1101665831594027 0 0 0.0025149936332263447 0.002152808124784989 0.0016129596148962402 0.05837758868668895 0.01686562533587397 0.11774062635122769 0.002230854679116298
51 459 0.12321098961094787 0 0 0.0028813740966953565 0.00359457999767302 0.0017649859230220596 0.04886564913398391 0.028231698373350593 0.11151460572744594 0.0015420155169024433
67 603 0.0740656267684246 0 0 0.0010062789491385319 0.001457346115456268 0.000726372156964227 0.033499680273859994 0.017635918849570012 0.07763658732601483 0.0012949928000044553
67 603 0.0740656267684246 0 0 0.0010062789491385319 0.001457346115456268 0.000726372156964227 0.033499680273859994 0.017635918849570012 0.07763658732601483 0.0012949928000044553
55 495 0.26184062723127344 0 0 0.006981156663646043 0.005685209561246177 0.004603635811062464 0.14340964491040845 0.058793230197580815 0.27742680935079445 0.003936686543223719
56 504 0.18482869894360873 0 0 0.005859139895333306 0.005282943753869166 0.0021988075655421696 0.0842428493806439 0.03397783052659786 0.1382991143086255 0.0036853469254894446
63 567 0.07400346432876696 0 0 0.001227901312327174 0.0018634866641112418 0.001091196026457192 0.04527317565633161 0.013216816600690011 0.055611726296393375 0.0012150062651604553
56 504 0.22284933100538992 0 0 0.005780739540932035 0.004819736049045282 0.0038330918729168892 0.12383870549031001 0.049348225764920324 0.2279454932214447 0.0033982595782774236
52 468 0.11470541030347535 0 0 0.002631708868744986 0.0032911293347253835 0.0016125694475479001 0.04883333123354255 0.02613104094473692 0.10791357963405875 0.0014721062033133546
64 576 0.06829147207323197 0 0 0.0010896744076315191 0.0016754984549474871 0.0010005125428616225 0.04187607782743684 0.0123856759823959 0.0514012989931726 0.0010554357463411854
57 513 0.19591115858116478 0 0 0.006209576415005725 0.005739361218783927 0.0022357571107999795 0.08748767029947327 0.036842831657896716 0.14658087321976485 0.0038274190765170105
57 513 0.20048881023733295 0 0 0.005203462684932797 0.004023751266416701 0.003359893880818512 0.11027108243888645 0.043386475161675826 0.20101890285237012 0.002995266052699298
65 585 0.0725100470654145 0 0 0.0011397798229099965 0.001855401262366485 0.001029650927195518 0.0445438776749804 0.013504315395814455 0.05501708511047389 0.0011185509185518269
53 477 0.0990846064183516 0 0 0.002248412642255215 0.0028576577897024397 0.0013681796522743432 0.04105856085791743 0.02227612227110274 0.09201094220865541 0.001245611762354454
58 522 0.20127991715282773 0 0 0.006332280278071096 0.005803225787609795 0.0021489080836545656 0.09061319637246787 0.037674393655570224 0.1503996100714446 0.0040040808664113725
58 522 0.17288224566569008 0 0 0.004443101599408606 0.0033748609373375456 0.0027883585814332855 0.09259668465757419 0.03790578733678654 0.17180656312063108 0.0025414219157279144
66 594 0.06874142608504853 0 0 0.0010565630726441508 0.0016891278988912775 0.0009501913243291588 0.0422297039814307 0.012468325126790088 0.05225596108734292 0.001035818660376127
54 486 0.10285914442701957 0 0 0.002272953858216797 0.0030947148594484197 0.0013848053791277464 0.043735147455936575 0.02404393723345966 0.09409588265339555 0.0013007443568867484
59 531 0.19351313555619262 0 0 0.005992602949206577 0.005390471222790477 0.00200913749575206 0.08143996845055125 0.0340090201190423 0.14039861399745118 0.0039375864357761555
67 603 0.06798408022485844 0 0 0.001006116723372106 0.001684198760347384 0.0009099997774279292 0.041792177671796917 0.01233588866592356 0.05245163658004147 0.001024774703030158
59 531 0.16051003521806284 0 0 0.004069983723885733 0.0032830951613320716 0.00257183579663155 0.08364462584755492 0.03427639465312963 0.156960438506711 0.00232283916722451
67 603 0.06798408022485844 0 0 0.001006116723372106 0.001684198760347384 0.0009099997774279292 0.041792177671796917 0.01233588866592356 0.05245163658004147 0.001024774703030158
60 540 0.2195324013172473 0 0 0.006834120346947646 0.00628940449349429 0.002199770273906822 0.09342789478626479 0.037595443716968144 0.15172316527844992 0.005129365648493895
60 540 0.1483619204899453 0 0 0.003809209746175728 0.0029680950784274126 0.002345881874165912 0.07825601246867106 0.03226714552620251 0.14411167633113195 0.0021064375941700435
55 495 0.10356630585683908 0 0 0.002236947320208104 0.003101392305016653 0.001356938897954639 0.04342292433649199 0.0231313830130153 0.0923558826820635 0.001340288525679874
61 549 0.15049400783603123 0 0 0.0037861052117343645 0.0029880840246814494 0.0023772161206100715 0.0807608796924913 0.03293072020775968 0.1420093318075228 0.0020723730697867673
61 549 0.27178802668860524 0 0 0.008556764826311644 0.007783134484066203 0.002750275719901632 0.11413277545223073 0.04675832655295451 0.1835509903575988 0.006563658868949297
56 504 0.1003686504176174 0 0 0.002115719944902746 0.002963005526355831 0.0012591648304171958 0.04331900569128878 0.021910870632540835 0.08862859685829859 0.0013227969992998406
62 558 0.14637751411062502 0 0 0.0037446353634960753 0.0028616518768975435 0.002073788762979965 0.0810885681758845 0.03203409874616608 0.135199499098342 0.0020165676326038243
62 558 0.28590121265610047 0 0 0.008810806536289658 0.008115365784599649 0.0027392546558973148 0.12237224301847263 0.04817261808376222 0.19729703127738998 0.007013237573117672
57 513 0.09917437114839742 0 0 0.0020410798709649598 0.0027750641774663457 0.0012012486343978253 0.0435245356978953 0.022287962321119344 0.08630313108493069 0.0013575378898339555
63 567 0.14228062123568713 0 0 0.003657526260695843 0.0028254044147014426 0.001881812921808138 0.07898752341447972 0.031324779154739656 0.13305593018598416 0.001946609007803769
63 567 0.2867901779488763 0 0 0.00841060551737126 0.007996801727232763 0.0026143242984659064 0.12275819274401727 0.048926021338328365 0.20088391240741468 0.0070882617021980916
64 576 0.13520811668057747 0 0 0.003454308057350732 0.002693165325253235 0.001785124618823987 0.07664199380269765 0.0284935171442987 0.1275940380536962 0.0018978988767417576
58 522 0.10498429615351836 0 0 0.002036506548451406 0.002921814496938727 0.001219439139512625 0.04529986791949309 0.023819324095163713 0.08834296152410903 0.0015559641429042862
64 576 0.2789739685852511 0 0 0.008023762801277451 0.007631861705809579 0.0023751075423803242 0.11678323054440094 0.04696980961598862 0.19602553199044287 0.007180384136506717
65 585 0.13189783609038722 0 0 0.003226907083771518 0.0027284395423311683 0.001629353233910218 0.07437770785845083 0.027156010318421953 0.1244438672551731 0.001849504160819133
65 585 0.2805580350147856 0 0 0.00766482011111039 0.00734403634998154 0.002261645884222964 0.11782525960899723 0.04752994280405967 0.1950230290170286 0.0076472133819964275
59 531 0.11058674448525939 0 0 0.002111127588638925 0.0029814361464975633 0.0012052103931973431 0.046903662572492094 0.02398914338853084 0.0960653525779188 0.0016830804501000369
66 594 0.1266850146015551 0 0 0.0031647494612912224 0.0025347347900220338 0.0015161755177064927 0.07159865323505792 0.02514200394408481 0.11257039248113639 0.0017582630919956682
67 603 0.12926396382443822 0 0 0.003480315488397736 0.0025286797015518746 0.0014602488016097963 0.0738962178535332 0.025223151510771934 0.12007433519656904 0.0017601337673164015
67 603 0.12926396382443822 0 0 0.003480315488397736 0.0025286797015518746 0.0014602488016097963 0.0738962178535332 0.025223151510771934 0.12007433519656904 0.0017601337673164015
66 594 0.23975260960740358 0 0 0.006429950091838296 0.00604610294564978 0.0019143073863040136 0.09968332607748599 0.03866565829499991 0.16873475966024598 0.00635517424952779
60 540 0.11534217987751377 0 0 0.002222765967957893 0.003031864491265732 0.0012111981571824618 0.047878006010862034 0.0251140222612869 0.0966552893837716 0.001828384961190427
67 603 0.23338728647872486 0 0 0.006032864034092298 0.005864796017885492 0.001869727592957939 0.08991374524169973 0.038011580601242025 0.16430714447467498 0.006404307678067771
67 603 0.23338728647872486 0 0 0.006032864034092298 0.005864796017885492 0.001869727592957939 0.08991374524169973 0.038011580601242025 0.16430714447467498 0.006404307678067771
61 549 0.11171639661455585 0 0 0.0020967674626499056 0.0028480963135486723 0.0011210839247411636 0.048373750382827825 0.024664109947090014 0.09278528984075655 0.0018192323934567642
62 558 0.10651211091021669 0 0 0.0019553834161194863 0.002749475812741153 0.0009876440243344184 0.04706110527959401 0.023340876623414164 0.09303228198532201 0.00173612976309551
63 567 0.09857266453739114 0 0 0.001829394138512437 0.002440793239604872 0.0008447812108622827 0.045379484407055165 0.02150250658415272 0.08564855907084991 0.0016397504638450589
64 576 0.09545521075068465 0 0 0.0017432022083472298 0.002379496790662123 0.0007865685652145464 0.04330032680855307 0.020241853912770794 0.08483848405294596 0.0015882007506457245
65 585 0.0875184129420481 0 0 0.001584908697464974 0.002107331423902537 0.0006876896268357362 0.039255111141180875 0.01800162178007355 0.0770683426197749 0.0015066070713280883
66 594 0.0896016602747543 0 0 0.0015950307252045235 0.002158519288566575 0.0006821319107347716 0.03871229871389454 0.017825565472077788 0.07584478742337454 0.0016053440209531922
67 603 0.08224084906512255 0 0 0.001451466844619432 0.0019197948659974485 0.0006315055810330519 0.03430767562898733 0.016311928616719092 0.06797912993855784 0.0014519477105373196
67 603 0.08224084906512255 0 0 0.001451466844619432 0.0019197948659974485 0.0006315055810330519 0.03430767562898733 0.016311928616719092 0.06797912993855784 0.0014519477105373196
