% # columns="iteration, evaluation, void, void, void, xmean", seed=2567, Fri Aug 28 18:38:59 2026, <python>{}</python> # scaling_of_variables: 1, typical_x: 0
1 9 0 0 0 0.45967009665213254 0.05651645563554067 0.10510828452150658 -0.9640260454045447 -0.11677519162340762 0.05196965985161189 0.058900864566966776
2 18 0 0 0 0.3406181172643859 -0.050898870238040565 0.057835404586135515 -1.445504104194166 -0.06443902248645376 0.11288292160996112 0.060466853127369616
2 18 0 0 0 0.43133140962469146 0.06365093796613328 0.05783540551745832 -1.445504104194151 -0.06443902248645435 0.11288292160996047 0.060466853127369796
2 18 0 0 0 0.4360200003896909 -0.009798398026202882 0.05783540644878092 -1.445504104194153 -0.06443902248645392 0.11288292160995957 0.06046685312736972
2 18 0 0 0 0.42096201937543953 0.09642596005561452 0.0578354017921678 -1.4455041041941783 -0.06443902248645277 0.11288292160996209 0.06046685312736973
2 18 0 0 0 0.4646845297132693 -0.05282514334556877 0.057835387822329117 -1.445504104194178 -0.06443902248645263 0.11288292160996113 0.06046685312736944
2 18 0 0 0 0.46420262616026026 0.09270726352098117 0.05783540644878054 -1.4455041041941792 -0.06443902248645242 0.11288292160996637 0.06046685312736966
3 27 0 0 0 0.34864738171973264 -0.033635929311143446 0.09475983866747181 -2.1536388758361262 -0.03858937903474943 0.5286149649159969 0.07161204145403317
3 27 0 0 0 0.43936067408003854 0.08091387889303069 0.09475983959879411 -2.153638875836137 -0.03858937903474915 0.5286149649159947 0.0716120414540331
3 27 0 0 0 0.44404926484503787 0.007464542900693856 0.0947598405301167 -2.1536388758361436 -0.03858937903474868 0.5286149649159898 0.07161204145403328
3 27 0 0 0 0.42899128383078644 0.1136889009825107 0.09475983587350403 -2.1536388758361573 -0.03858937903474909 0.5286149649159906 0.07161204145403359
3 27 0 0 0 0.4727137941686158 -0.03556220241867258 0.09475982190366612 -2.153638875836123 -0.03858937903474917 0.5286149649159906 0.0716120414540335
3 27 0 0 0 0.47223189061560716 0.10997020444787774 0.09475984053011743 -2.1536388758361356 -0.038589379034749544 0.5286149649159948 0.07161204145403348
4 36 0 0 0 0.36196807626557614 -0.049723384596240636 0.11092865197291908 -3.3666854745158825 -0.011377600627338452 0.8007619180122278 0.07948208182030278
4 36 0 0 0 0.4573699593908815 -0.008622912384403585 0.11092865383556334 -3.3666854745159216 -0.011377600627340775 0.8007619180122061 0.0794820818203027
4 36 0 0 0 0.4423119783766296 0.09760144569741254 0.11092864917895129 -3.3666854745159225 -0.011377600627343231 0.8007619180121808 0.07948208182030356
5 45 0 0 0 0.4669945837903539 -0.025225434114958048 0.12908682906626748 -3.5227822240989246 -0.07051707455553476 1.052138856782984 0.09467028816625857
4 36 0 0 0 0.45268136862588204 0.06482642360793366 0.11092865290424105 -3.3666854745159105 -0.011377600627338115 0.8007619180122215 0.07948208182030252
4 36 0 0 0 0.48603448871445853 -0.05164965770377064 0.1109286352091132 -3.366685474515867 -0.011377600627340398 0.8007619180122062 0.07948208182030354
5 45 0 0 0 0.3715927006650483 -0.06632590632679515 0.1290868272036233 -3.522782224098874 -0.07051707455553163 1.0521388567830146 0.09467028816625866
4 36 0 0 0 0.4855525851614509 0.0938827491627803 0.11092865383556527 -3.3666854745158914 -0.011377600627341443 0.8007619180122136 0.07948208182030311
6 54 0 0 0 0.48824177314038714 -0.05220795487507662 0.12817915496786708 -3.620498114785572 -0.1277889999814994 1.7854741499810096 0.09555055336161226
6 54 0 0 0 0.39283989001508157 -0.0933084270869135 0.12817915310522304 -3.6204981147855024 -0.1277889999814946 1.7854741499810476 0.09555055336161238
5 45 0 0 0 0.4519366027761015 0.08099892396685761 0.1290868244096551 -3.5227822240989104 -0.07051707455554189 1.0521388567829422 0.09467028816625946
5 45 0 0 0 0.4623059930253548 0.048223901877379474 0.1290868281349459 -3.5227822240989135 -0.07051707455552894 1.0521388567830126 0.09467028816625839
5 45 0 0 0 0.4956591131139296 -0.06825217943432596 0.1290868104398158 -3.522782224098846 -0.07051707455553638 1.0521388567829804 0.0946702881662595
7 63 0 0 0 0.49094561311536067 -0.0392621191048727 0.06800522914673997 -3.384319936867983 -0.14813919045185941 1.4935187771068594 0.07918554721722144
5 45 0 0 0 0.49517720956092304 0.07728022743222551 0.12908682906626925 -3.522782224098883 -0.07051707455553696 1.0521388567829852 0.09467028816625898
7 63 0 0 0 0.3955437299900555 -0.08036259131670984 0.06800522728409558 -3.384319936867945 -0.14813919045185373 1.493518777106888 0.07918554721722156
6 54 0 0 0 0.4835531823753882 0.021241381117261177 0.12817915403654553 -3.6204981147855655 -0.12778899998149093 1.785474149981046 0.09555055336161193
6 54 0 0 0 0.47318379212613476 0.05401640320673801 0.12817915031125432 -3.620498114785581 -0.12778899998150703 1.7854741499809517 0.09555055336161335
6 54 0 0 0 0.5169063024639622 -0.0952347001944452 0.12817913634141478 -3.620498114785482 -0.12778899998149862 1.7854741499810085 0.0955505533616134
8 72 0 0 0 0.517424422964115 -0.02117709393161168 0.05122451640369097 -3.8242753504566713 -0.13152410941623796 1.415016356458441 0.06288301843396425
8 72 0 0 0 0.4311416064323347 -0.07188633448561155 0.06454592210338733 -3.8605469705778797 -0.10835359444263604 1.5298395311543547 0.06484915133802997
6 54 0 0 0 0.5164243989109563 0.05029770667210662 0.128179154967869 -3.6204981147855237 -0.12778899998150164 1.7854741499810092 0.09555055336161267
7 63 0 0 0 0.4862570223503614 0.034187216887464456 0.0680052282154175 -3.3843199368679864 -0.14813919045185286 1.4935187771068805 0.07918554721722122
7 63 0 0 0 0.4758876321011091 0.06696223897694265 0.06800522449012718 -3.384319936868021 -0.14813919045186036 1.4935187771068155 0.07918554721722236
7 63 0 0 0 0.5196101424389374 -0.08228886442424031 0.06800521052028882 -3.3843199368679406 -0.14813919045185417 1.4935187771068665 0.07918554721722237
9 81 0 0 0 0.5364358462463064 -0.03524411417977375 0.06389708117777816 -3.8162031106110006 -0.23354986008528333 1.1530300326449092 0.07419302431932714
9 81 0 0 0 0.435232416200907 -0.09101783666975616 0.06328224125364092 -3.5279158483611712 0.003194532131753219 2.1172412923436794 0.062452851783465727
8 72 0 0 0 0.4943248048341697 0.04980367971584882 0.040104643620429405 -3.6683744868566017 -0.13248688425079985 1.1039447211807123 0.062312046094227774
7 63 0 0 0 0.5191282388859303 0.06324354244231105 0.06800522914674156 -3.384319936867963 -0.1481391904518574 1.4935187771068632 0.07918554721722182
8 72 0 0 0 0.5023664419498641 0.08504726415020376 0.05122451174707831 -3.824275350456738 -0.13152410941622567 1.415016356458407 0.06288301843396557
8 72 0 0 0 0.5552080188812176 -0.07381260759314248 0.0645459053395831 -3.8605469705778788 -0.10835359444263275 1.5298395311543456 0.06484915133803133
10 90 0 0 0 0.4212808434067994 -0.12396510179873416 0.03457671071157382 -3.4695877148416905 0.047176570408801716 2.1339497351137897 0.058083235956804626
9 81 0 0 0 0.5213778652320555 0.07098024390204241 0.06389707652116655 -3.816203110611024 -0.23354986008527764 1.1530300326448726 0.07419302431932812
9 81 0 0 0 0.4902845679854121 0.047411976779398804 0.06632108643175295 -3.5455823304132927 -0.02703114782251042 1.1785572010695713 0.06282924702645226
10 90 0 0 0 0.5359230279700644 -0.049842175957736316 0.056114901080914194 -3.4073014500447836 -0.20241313948745787 0.914014748677649 0.08418320519068183
11 99 0 0 0 0.41200583843532146 -0.1454551790268161 0.0775604724259676 -3.415458583060716 0.027593185892474247 2.791421242889519 0.0699280176727014
9 81 0 0 0 0.5592988286497895 -0.09294410977728768 0.06328222448983645 -3.527915848361166 0.0031945321317553583 2.1172412923436696 0.06245285178346731
8 72 0 0 0 0.5271960213697394 0.07886000527069643 0.04010464455175468 -3.668374486856582 -0.1324868842507974 1.1039447211807167 0.062312046094228385
10 90 0 0 0 0.5208650469558128 0.05638218212407995 0.05611489642430288 -3.4073014500447747 -0.20241313948745968 0.9140147486775976 0.08418320519068273
10 90 0 0 0 0.489298849183443 0.035970017901684456 0.07655333500043682 -3.0604439811886284 -0.04489748006240162 0.794627253623336 0.05636363596171225
10 90 0 0 0 0.5453472558556813 -0.12589137490626506 0.03457669394776752 -3.469587714841689 0.04717657040880328 2.1339497351137764 0.058083235956805826
11 99 0 0 0 0.5227688883549793 0.04280373816946322 0.06523800446396454 -3.2219419286815487 -0.1000738769781117 0.9430456079228657 0.09105072282029798
9 81 0 0 0 0.5231557845209815 0.07646830233424591 0.06632108736307844 -3.5455823304132617 -0.027031147822508976 1.1785572010695735 0.06282924702645315
11 99 0 0 0 0.5378268693692317 -0.06342061991235241 0.06523800912057594 -3.2219419286815714 -0.10007387697810566 0.9430456079229373 0.09105072282029672
12 108 0 0 0 0.42124829757151794 -0.08223256958049163 0.0402537240037949 -3.3472539425205623 0.03975475256644691 1.8897024722810745 0.054669680355452346
10 90 0 0 0 0.5221700657190124 0.06502634345653202 0.0765533359317616 -3.06044398118861 -0.044897480062400186 0.7946272536233384 0.05636363596171279
11 99 0 0 0 0.4710857756039384 0.02507688535600675 0.05910060802842304 -2.9069383913544553 -0.08982429841043202 0.801275307865663 0.06634883000152912
12 108 0 0 0 0.5355733129963565 0.04420819114932513 0.04973990765823827 -2.4025355471463925 -0.09489035015133239 0.8214857234344484 0.08658614848732173
13 117 0 0 0 0.4210545105669715 -0.10921978947245822 0.050815125515256014 -3.66052676282969 0.22912290113162945 1.8569175681983896 0.05504879428663802
12 108 0 0 0 0.4916674523309561 0.017484947391769354 0.04561105687336854 -2.2864011826613795 -0.09900543979372656 0.41299129409556307 0.04782112752084851
11 99 0 0 0 0.536072250884202 -0.14738145213434778 0.0775604556621593 -3.415458583060708 0.02759318589247288 2.7914212428894936 0.06992801767270271
11 99 0 0 0 0.5039569921395074 0.05413321091085425 0.0591006089597464 -2.9069383913544597 -0.08982429841043416 0.8012753078656518 0.06634883000152934
13 117 0 0 0 0.5240518297756132 0.04297539214384817 0.060207604763605385 -3.089200517705054 -0.18115895309348065 0.9689141641247141 0.09576907788874964
12 108 0 0 0 0.550631294010609 -0.06201616693249051 0.049739912314849755 -2.4025355471464147 -0.09489035015132917 0.8214857234345112 0.08658614848732055
12 108 0 0 0 0.5245386688665253 0.04654127294661773 0.045611057804692184 -2.2864011826613866 -0.09900543979372468 0.41299129409556623 0.04782112752084853
14 126 0 0 0 0.43852341759226965 -0.1409003146490626 0.0956786215212248 -3.1567993271185535 0.3841814718199961 2.078488027001189 0.06011523074930086
13 117 0 0 0 0.4940624879976235 0.015469554800121747 0.04926512439446684 -2.7480851265453405 -0.15578198320993672 0.28923887117223157 0.05963692523827603
13 117 0 0 0 0.5269337045331927 0.04452588035497003 0.049265125325790075 -2.748085126545342 -0.15578198320993805 0.28923887117222524 0.05963692523827589
12 108 0 0 0 0.5453147100204012 -0.08415884268802233 0.04025370723999035 -3.3472539425205614 0.039754752566450426 1.889702472281072 0.05466968035545375
14 126 0 0 0 0.511496723320917 0.0625114709855564 0.07392136769014279 -3.252870275506071 -0.25204047239962174 0.8252539173341016 0.09180014071730862
14 126 0 0 0 0.5250109828762625 0.04193304813375717 0.07005358637010113 -2.8463539122198647 -0.16572476755237567 -0.1955205024756308 0.05847963885589076
13 117 0 0 0 0.5391098107898655 -0.06324896593796776 0.06020760942021666 -3.08920051770509 -0.18115895309347269 0.9689141641247792 0.09576907788874864
14 126 0 0 0 0.49213976634069334 0.01287672257890858 0.07005358543877827 -2.8463539122198567 -0.165724767552374 -0.19552050247562408 0.058479638855891164
15 135 0 0 0 0.44581353449762473 -0.13097762182832837 0.08171384453208885 -2.2989456798287975 0.4662218935031776 2.0034803157986945 0.07070877990508397
13 117 0 0 0 0.5451209230158541 -0.11114606257998952 0.05081510875144992 -3.660526762829695 0.22912290113163158 1.8569175681983745 0.05504879428663953
15 135 0 0 0 0.5079211314908233 0.03761221092285909 0.04162889778545287 -3.1363154204824206 -0.1288913675463689 -0.5081853223263125 0.05531045455573781
15 135 0 0 0 0.4965413061087832 0.07268788555792284 0.04050944674799767 -2.6791842084233273 -0.24751303118797455 0.10658531970462105 0.08787517649597619
16 144 0 0 0 0.4343916665733109 -0.11326452809359215 0.09914969689145813 -2.518910088287265 0.4708789883997754 1.5345838138904482 0.053009860098632414
14 126 0 0 0 0.5265547043351687 -0.04371288709626026 0.0739213723467539 -3.252870275506103 -0.2520404723996157 0.8252539173341435 0.09180014071730803
16 144 0 0 0 0.4967929189259592 0.07913764302293876 0.025394059383580962 -2.946713139592677 -0.3755067827492076 0.4653995443294787 0.0891200686587837
15 135 0 0 0 0.47504991495525384 0.008555885368009894 0.04162889685413042 -3.136315420482388 -0.12889136754636868 -0.5081853223263075 0.0553104545557384
17 153 0 0 0 0.5060399875454575 0.06545700744366635 0.04525066221518537 -2.908831619472894 -0.3892364337732877 0.7991896265478531 0.09416585310644457
15 135 0 0 0 0.5115992871230347 -0.033536472523895126 0.04050945140460807 -2.679184208423379 -0.24751303118796583 0.10658531970465256 0.08787517649597605
16 144 0 0 0 0.5168436906720222 0.04621100764605742 0.019202886729298242 -3.1812397503964776 -0.19517416478725633 -0.5887628527606072 0.05175857372817821
14 126 0 0 0 0.5625898300411508 -0.14282658775659554 0.09567860475741846 -3.156799327118562 0.38418147181999573 2.078488027001156 0.060115230749302605
16 144 0 0 0 0.4839724741364525 0.017154682091207796 0.01920288579797573 -3.1812397503964607 -0.1951741647872576 -0.5887628527606104 0.05175857372817884
17 153 0 0 0 0.44525904527684845 -0.10076426557761925 0.07231874020971622 -2.9111851369497903 0.40702898694635214 0.9478180909269344 0.05053890850463451
16 144 0 0 0 0.5118508999402103 -0.027086715058879267 0.025394064040191597 -2.9467131395927213 -0.37550678274920085 0.4653995443294981 0.08912006865878386
17 153 0 0 0 0.5261450249660496 0.04101684549156364 0.03984379548868037 -3.601689738232842 -0.12034986459758218 -0.26255730410570643 0.05787445502413481
18 162 0 0 0 0.5066385137876909 0.06986591690024872 0.031380022493918934 -3.307381133873087 -0.32368371309624816 0.7345773276462925 0.10056307097896662
15 135 0 0 0 0.5698799469465055 -0.13290389493586174 0.081713827768284 -2.298945679828785 0.4662218935031769 2.0034803157986545 0.07070877990508578
17 153 0 0 0 0.49327380843047974 0.011960519936714688 0.03984379455735848 -3.601689738232838 -0.12034986459758121 -0.2625573041057025 0.05787445502413501
18 162 0 0 0 0.4087751355579291 -0.09343551338761018 0.04635718727940772 -2.6980546357232047 0.28350771410344455 0.8696333698112209 0.05486669611255106
19 171 0 0 0 0.5004934684032701 0.051916843914226365 0.0269650755685572 -3.6665639586039243 -0.2318735400085468 1.0771401970741983 0.10451893753191127
17 153 0 0 0 0.5210979685597088 -0.04076735063815107 0.04525066687179624 -2.9088316194729376 -0.38923643377328015 0.799189626547881 0.09416585310644462
16 144 0 0 0 0.5584580790221929 -0.11519080120112464 0.09914968012765386 -2.5189100882872846 0.47087898839977704 1.5345838138904204 0.05300986009863409
18 162 0 0 0 0.5398658671028477 0.059346024952944096 0.019612856589074017 -3.2286429564253485 -0.15718565092839956 -0.13261539871018085 0.0549280784229484
19 171 0 0 0 0.40790156053249405 -0.10076573035613642 0.0657679260501608 -2.791704937057271 0.25237190473026166 1.3969139816386047 0.05984325274660049
18 162 0 0 0 0.506994650567278 0.030289699398095126 0.019612855657750925 -3.2286429564253827 -0.1571856509284004 -0.13261539871018607 0.054928078422948425
20 180 0 0 0 0.5038865785851219 0.056564315312006536 0.038182611755175885 -3.68143086813296 -0.3814304514584687 1.0829418488694964 0.09878698184012513
18 162 0 0 0 0.5216964948019426 -0.03635844118156851 0.03138002715052955 -3.307381133873146 -0.32368371309623767 0.734577327646333 0.10056307097896632
19 171 0 0 0 0.5440079245641091 0.05030521382408643 0.02304000626604194 -3.1668457407836774 -0.12474528783595921 -0.17400858225496507 0.05664429809438787
17 153 0 0 0 0.5693254577257312 -0.10269053868515132 0.0723187234459115 -2.9111851369497983 0.4070289869463536 0.9478180909269146 0.050538908504636125
20 180 0 0 0 0.39354360867577176 -0.08112043915839522 0.0523680999922858 -3.0939983734789274 0.04783484713153319 1.2265801299707588 0.05836890458877552
19 171 0 0 0 0.5111367080285395 0.021248888269237654 0.02304000533471899 -3.1668457407837103 -0.12474528783595885 -0.17400858225496496 0.05664429809438789
20 180 0 0 0 0.526903054291661 0.06501766817223296 0.014682194133275286 -2.7983630616403126 -0.1433137533716399 -0.5493948339971393 0.04730864743300154
21 189 0 0 0 0.39323022369039634 -0.08149407998751483 0.03946218402496093 -3.0138890834460272 -0.07248284408956664 1.5540619514302039 0.048228303049612446
19 171 0 0 0 0.5155514494175225 -0.05430751416758992 0.026965080225168404 -3.666563958603972 -0.23187354000853364 1.0771401970742664 0.10451893753191044
18 162 0 0 0 0.5328415480068118 -0.09536178649514075 0.04635717051560207 -2.6980546357232074 0.2835077141034456 0.8696333698112068 0.05486669611255209
21 189 0 0 0 0.4887136068914297 0.06233412138585772 0.018554324441679718 -3.427568736316624 -0.3797834460737372 1.2469771832824632 0.09136727336210032
20 180 0 0 0 0.5002144709430112 0.03225438007506559 0.012476888919323645 -2.921790829133377 -0.15131701677935558 -0.6090475895402502 0.051695362703916954
21 189 0 0 0 0.524943800486891 0.06842274198746026 0.021958382804718426 -3.233998286946337 -0.10608030733425114 -0.33374539928828223 0.052498963429521664
21 189 0 0 0 0.4995365757099954 0.0351892516297789 0.013438459241459687 -2.8895846572940025 -0.1561065840535655 -0.7293323819970486 0.05638014898117242
22 198 0 0 0 0.4000032213972473 -0.0780949575808289 0.030809491366871933 -3.1424817113322576 -0.11314478508659655 1.4162543658178706 0.05476640354261262
20 180 0 0 0 0.5189445595993734 -0.04966004276981047 0.038182616411787086 -3.6814308681330004 -0.38143045145845883 1.0829418488695413 0.09878698184012484
22 198 0 0 0 0.506490707400443 0.015440437748383782 0.02317935171922203 -2.8079730110906107 -0.19315480603809285 -0.6366721537271414 0.05408450379403362
22 198 0 0 0 0.5149678647557091 0.07006760474220075 0.014414488827222089 -2.843252936566649 -0.08194654431069774 -0.6810949929862239 0.05050672868466255
19 171 0 0 0 0.5319679729813763 -0.10269200346366746 0.06576790928635498 -2.7917049370572737 0.25237190473026255 1.3969139816385867 0.059843252746601676
23 207 0 0 0 0.40619139371108054 -0.06034016045495388 0.020138845884497495 -3.397207140625804 -0.02101870746933384 1.0718959649662958 0.0552341136395074
22 198 0 0 0 0.48317456333702535 0.08063797709772784 0.016389843939151865 -3.3391301877369757 -0.2923212714521168 1.4393324979590674 0.09160133399325153
21 189 0 0 0 0.5037715879056808 -0.0438902366959592 0.0185543290982919 -3.427568736316628 -0.37978344607373077 1.2469771832824996 0.09136727336210018
23 207 0 0 0 0.49633530683201427 0.02113638937480393 0.02885872334927051 -2.8042623634066044 -0.16308374122277858 -0.3611283384401358 0.05632841121110953
23 207 0 0 0 0.5178274477560058 0.07031449231826865 0.0098340524770484 -3.098800303955807 -0.08707928867085807 -0.429738123800245 0.05775693817742294
20 180 0 0 0 0.5176100211246548 -0.08304671226592499 0.05236808322847962 -3.0939983734789305 0.04783484713153498 1.2265801299707546 0.05836890458877642
23 207 0 0 0 0.48724564452407354 0.07608384003226243 0.008741579590380676 -3.150544705928587 -0.2145714116974407 1.6358255915142015 0.0927640195358422
24 216 0 0 0 0.5006344972553214 0.0272636125843487 0.012382651435598297 -2.941041480623174 -0.15586488360906378 -0.2869402587783168 0.054983800166659436
24 216 0 0 0 0.40731181941686745 -0.08159988678647796 0.03564414136955434 -3.0677345389827004 -0.021214415061361076 1.3121751425371657 0.06861403694087764
22 198 0 0 0 0.49823254435127656 -0.025586380984088473 0.016389848595764544 -3.3391301877369677 -0.2923212714521131 1.4393324979590985 0.09160133399325111
24 216 0 0 0 0.5326224481821171 0.059323789603080566 0.01616439214393368 -2.9349641588689575 -0.043164705105073004 -0.4341239752832217 0.0528477373760148
21 189 0 0 0 0.51729663613928 -0.08342035309504389 0.03946216726115512 -3.0138890834460375 -0.07248284408956249 1.5540619514302139 0.04822830304961325
25 225 0 0 0 0.4970512253356034 0.04093450088876588 0.014265089796596438 -2.8948947880433806 -0.1501400748987619 -0.1755797619056443 0.04987375087140309
24 216 0 0 0 0.48084387343680074 0.07758307582662664 0.035760081498340895 -3.144576911387761 -0.20841707637447401 1.7173557817690472 0.09395460761904201
25 225 0 0 0 0.5134657810622925 0.06723800312206457 0.009930382988682956 -3.192308153230654 -0.03435598019197333 -0.5482864678245674 0.05726870571506007
25 225 0 0 0 0.39428541675826495 -0.0780296306796066 0.03252256295824662 -3.3247571683947954 -0.10938714933237337 2.1466935440603594 0.06437250028798944
22 198 0 0 0 0.5240696338461309 -0.08002123068835813 0.03080947460306583 -3.142481711332256 -0.1131447850865935 1.4162543658178792 0.05476640354261344
26 234 0 0 0 0.49938628134083973 0.04399451179393037 0.021195043241305004 -2.897399267784571 -0.18665354168100204 -0.28147407991993123 0.0507547369188391
23 207 0 0 0 0.5023036255383251 -0.030140518049553162 0.00874158424699397 -3.1505447059285694 -0.21457141169743774 1.6358255915142428 0.09276401953584143
25 225 0 0 0 0.470603134256218 0.0794348131404377 0.010055082458183342 -3.1603400242387485 -0.17410192756370466 1.7806548600108518 0.09178765946146863
26 234 0 0 0 0.5107428904650755 0.06554847729371119 0.010635793425019703 -3.2197088354020735 -0.005006760529300034 -0.31341165509457797 0.059858637171821154
23 207 0 0 0 0.5302578061599648 -0.06226643356248328 0.020138829120692016 -3.397207140625794 -0.02101870746933036 1.0718959649663025 0.05523411363950846
27 243 0 0 0 0.5042753629966725 0.04291699241583132 0.018222104317961237 -2.8395728973433467 -0.1862613666937889 -0.13355628876767905 0.04847549893930831
26 234 0 0 0 0.3923456243884845 -0.08289603804896596 0.03848962101343872 -3.430742852044698 -0.07742711937465552 2.708911681698064 0.06641232587228207
24 216 0 0 0 0.49590185445105234 -0.02864128225518889 0.03576008615495435 -3.1445769113877495 -0.20841707637447068 1.717355781769084 0.0939546076190413
26 234 0 0 0 0.4859807901461632 0.08109925510523049 0.013239760518129938 -3.310324125196325 -0.1825581856681616 1.9620866172669857 0.09234963861646839
28 252 0 0 0 0.512567854095021 0.03217649710862561 0.023842945581643498 -2.8484252919192103 -0.18319233951225722 0.029595176936207845 0.05010171381060991
24 216 0 0 0 0.5313782318657504 -0.08352615989400819 0.03564412460574658 -3.0677345389826907 -0.021214415061360535 1.312175142537159 0.06861403694087875
27 243 0 0 0 0.51607173873273 0.06755738671594712 0.011705878745619635 -3.049299757189123 0.04477535842006557 -0.2592867455692155 0.060362938477920666
27 243 0 0 0 0.4007799690690996 -0.06714539877828243 0.029702297484278672 -3.269029334805801 -0.0945282657888729 2.914822973528766 0.056089339552178555
25 225 0 0 0 0.4856611152704695 -0.026789544941377717 0.010055087114797065 -3.1603400242387134 -0.17410192756370188 1.7806548600108925 0.0917876594614679
27 243 0 0 0 0.47612311256254325 0.08684284450113441 0.01051265431270931 -3.3321726440116515 -0.20583456821525567 2.1950388727171024 0.09327751647343602
28 252 0 0 0 0.5168090629143346 0.07472760418875529 0.01342613207371406 -3.1688861491173586 -0.0007145918458118175 -0.6351945432590792 0.05467271946101334
25 225 0 0 0 0.5224831753537281 -0.07675186976104731 0.03217970228210956 -3.40100160497265 -0.11618290649177809 2.1672718703238902 0.06471025003048812
29 261 0 0 0 0.5169572513925058 0.033209623533332205 0.017485772305647972 -2.925289543200023 -0.18876729273370368 0.11073438123069741 0.044910852177086014
28 252 0 0 0 0.4027433155179554 -0.07409934487402628 0.044986313241347706 -3.3323384454026224 0.015105071397285676 2.608107105864267 0.05123314800674011
26 234 0 0 0 0.5010387711604146 -0.02512510297658447 0.013239765174743703 -3.3103241251962867 -0.18255818566816134 1.9620866172670275 0.09234963861646743
29 261 0 0 0 0.5189220775919688 0.07558851841050619 0.012695958790892562 -3.311115561477691 -0.03216104693806931 -0.8239558870335312 0.05195767530288803
28 252 0 0 0 0.4663140697284708 0.09099268353007882 0.020160849449219774 -3.3094857996733382 -0.1164592821019736 2.188154282474623 0.09495054170317124
30 270 0 0 0 0.5068767366440368 0.03895097141345853 0.013846168550693698 -3.03790293733701 -0.18706585004892196 0.27503840302979515 0.04215883842572419
26 234 0 0 0 0.5216227944999446 -0.08133396385622968 0.03863681034346622 -3.516302450308984 -0.0813628574353488 2.7312735977584204 0.06692660386454605
29 261 0 0 0 0.4121958678589797 -0.0786099368390827 0.03879803523079241 -3.150343675569144 0.06542256920212385 2.326065591183 0.04851590566901603
27 243 0 0 0 0.4888599037438503 -0.020624765024626856 0.011618857004069692 -3.3763470432063967 -0.20827223114543006 2.205212239486493 0.0941058746958058
30 270 0 0 0 0.5194176999209068 0.07469636125183801 0.014648162997336634 -3.126946319342193 0.014059500818901982 -0.9852407197650985 0.050981299978837394
31 279 0 0 0 0.5159748767585907 0.036320744223928836 0.014961437169956475 -3.0509111062795395 -0.18133739468564467 0.05946544246947613 0.03963800101650287
29 261 0 0 0 0.4622615743921288 0.07157213104997907 0.015046394861455103 -3.2696722435100987 -0.1334438269151465 2.182991119337176 0.09266606052534908
27 243 0 0 0 0.5296265001061217 -0.06426531239783248 0.029756038597033758 -3.425258912326626 -0.09528802998077801 2.7235303707765515 0.05845328726802667
31 279 0 0 0 0.5253474910739176 0.06741418642036365 0.006430298888707994 -3.3004547312566723 -0.02021800944832795 -0.9442954459819692 0.049317800207548904
28 252 0 0 0 0.4837653463479619 -0.020789806723434 0.00951817041176865 -3.216942187596282 -0.1346155654888383 2.1207451357504556 0.09358303117349326
32 288 0 0 0 0.5115645767168794 0.039605163947879746 0.019214711171312467 -3.049634418330073 -0.16871455235945843 0.20654635451896708 0.03494549408243209
30 270 0 0 0 0.398235062372862 -0.06682368282718393 0.015440679123695015 -3.222311314819992 0.05626193452873678 2.1553652273422035 0.041472725902463085
28 252 0 0 0 0.5425847072246002 -0.08054334184872544 0.03011627016824206 -3.165696225231337 0.0589480631766632 2.05874844415032 0.05492692057992018
32 288 0 0 0 0.5238054421353617 0.07107472043286148 0.01112836513307636 -3.355669393710771 0.017696964172131187 -0.9072163480247675 0.049142519476954936
30 270 0 0 0 0.4636638584495012 0.06626074489244725 0.013465954160206291 -3.1388563072152054 -0.1346709428672391 2.0651722546769387 0.09179486128060542
33 297 0 0 0 0.5133989443419102 0.04154640320462144 0.02042766379096023 -3.1395287181216345 -0.16633672698820198 0.44408286760185783 0.031336063232704464
29 261 0 0 0 0.48874150329658683 -0.019103420664721597 0.012854221948232514 -3.3053744016428483 -0.17780995369041475 2.209169381127504 0.0983624542757734
31 279 0 0 0 0.40557965523592443 -0.05811998856561201 0.01728562935679366 -3.4024718696131404 0.08077975700758665 1.4444746874147047 0.0379731563497064
33 297 0 0 0 0.5158060724484962 0.07398620269051548 0.01077606001284209 -3.4813781548001463 0.045902169137814454 -1.0095378645151443 0.04976134942166949
29 261 0 0 0 0.5271709202324718 -0.072993684025412 0.025253443185623496 -3.2716942317677105 0.153234883440972 2.074683437155432 0.05257103502426267
34 306 0 0 0 0.5099215344727775 0.042446312837774815 0.017345132278326916 -3.2269710543222074 -0.15102396044710042 0.4378155622239119 0.027771526177813005
31 279 0 0 0 0.46708467494324996 0.07496123239548043 0.013752357107838415 -3.2306871764747305 -0.11559465269135401 1.7835755593323346 0.08392921744209428
32 288 0 0 0 0.4017711126440234 -0.050944946013426265 0.029719822321649724 -3.2627264158065605 0.13414244247331064 1.769676554885014 0.04514085452339217
34 306 0 0 0 0.5182426632144562 0.07311886925531207 0.010101688802987483 -3.3553174785416253 0.08077520376356713 -0.9340796458767051 0.04815821404030578
30 270 0 0 0 0.4979104244241573 -0.02220320899552429 0.0061984980753909125 -3.219489319601817 -0.1510698873733349 2.5283719616660454 0.09384086775476251
35 315 0 0 0 0.5092998062868441 0.03943931436730637 0.016547638301016746 -3.244656724640087 -0.14970281309563233 0.1610877971319742 0.030407358345004003
30 270 0 0 0 0.5221189237733553 -0.09155680797216145 0.01942748903803941 -2.9648209137007675 0.24011884535492542 1.8878384217543134 0.0493423354732814
35 315 0 0 0 0.516620178840268 0.0700543401858389 0.005445439781832812 -3.329448671835259 0.12644701755349938 -1.2298927461123155 0.0467317578741066
32 288 0 0 0 0.4602478580961348 0.07162355380380786 0.02054041844003168 -3.0908400460118415 -0.10895464405616592 1.9587988498477586 0.08337255100671692
33 297 0 0 0 0.40861201019224647 -0.05758836686478646 0.03191253861297799 -3.015404794813151 0.1811633669391886 1.830976164137472 0.04217091959464782
36 324 0 0 0 0.5070737723114285 0.037218060131001866 0.01628198899296064 -3.355691245163054 -0.16732893541426314 0.4714902359510098 0.025547826064854232
31 279 0 0 0 0.49268732651217456 -0.03312004327515585 0.013261384306652604 -3.1460294124931294 -0.08793466379912317 2.5854346976992106 0.0912838524749548
36 324 0 0 0 0.5190252451594503 0.06505929401478777 0.014895030826083334 -3.457533069815434 0.09188182044987893 -1.1886881522821406 0.047236946975591707
31 279 0 0 0 0.5247848853998647 -0.0793452391407227 0.03272264978213326 -2.9538067960621097 0.18701549443734122 2.306918292283224 0.039530472935713504
37 333 0 0 0 0.5110742213033397 0.044244008064432606 0.01882392281250827 -3.4074906485259073 -0.14614189960022803 0.660720153033459 0.02279054718372642
34 306 0 0 0 0.3960590222798631 -0.07091471601787779 0.022753241533524288 -3.3198664035224064 0.15950604437015178 1.772320906008574 0.043047148117575686
33 297 0 0 0 0.46848744478640497 0.06954190139376115 0.01927682616945886 -3.284521825170299 -0.16384474579957425 1.9055844188428872 0.08621584907699137
37 333 0 0 0 0.516122358218962 0.07388736789038083 0.006669131804797889 -3.321274755206944 0.1202140759235347 -1.1580787787473923 0.04380182931021026
32 288 0 0 0 0.4984432700118336 -0.04669928433842168 0.0076494944392034026 -3.2222767977079516 -0.040635938658584864 2.9289713834307234 0.09675283087448142
32 288 0 0 0 0.5390722312835705 -0.08527881615319773 0.022931264760912905 -2.9972562511254575 0.06634878836986224 3.346246603842409 0.03957604329610515
38 342 0 0 0 0.5101564425955651 0.03981894047880557 0.015133589904806543 -3.3757824306557245 -0.13022723721356494 0.4659241527595708 0.024142912905427864
35 315 0 0 0 0.3844573284662779 -0.05965720918441746 0.018428435220179132 -3.2700561752816832 0.14741204639082384 1.789421734449971 0.03307045870068653
38 342 0 0 0 0.5178373073088459 0.07360588649322686 0.010779110413805082 -3.2990283420162347 0.12085744898522525 -1.2983107477285698 0.0420451821786552
34 306 0 0 0 0.46980009681557183 0.06391443462729789 0.009440900855884567 -3.3351524357449995 -0.1781955172361384 2.011747612642371 0.08402099066369173
39 351 0 0 0 0.5062393346588061 0.03415711501502459 0.013888249896688855 -3.0972166610852825 -0.12425640736620999 0.3941325772097276 0.031216742889780803
33 297 0 0 0 0.4897942991449019 -0.033395643113475953 0.006176972257812857 -3.1281659291965305 -0.04165772278482656 3.1785420390888848 0.0963376452491702
36 324 0 0 0 0.3955422259170608 -0.0656758632805975 0.012123609851628555 -3.2731636593692657 0.16040497200378515 1.601948332369462 0.030875873184575426
33 297 0 0 0 0.5266236750380003 -0.09933231180157473 0.030588295488823167 -2.556890202010838 0.15273787724989213 3.9031957593330104 0.05417205349803742
39 351 0 0 0 0.5203582708396269 0.06947594072402513 0.007929872468704921 -3.2874813621240335 0.14409696720699047 -1.1432626627230202 0.04404721338089001
40 360 0 0 0 0.5110725909662445 0.03463365199585278 0.016338280617684088 -3.2169444227709794 -0.12210630252284718 0.3755085970226644 0.028028445713229922
35 315 0 0 0 0.46139132677001543 0.0720598872882694 0.002538174711142795 -3.3668956302284996 -0.15153624606340624 2.0355443196887144 0.08767207567171667
34 306 0 0 0 0.48354927750517596 -0.030060562187172162 0.009820629121363689 -3.257104851406046 -0.05520516539785067 3.1108521175029433 0.09837293935339426
37 333 0 0 0 0.39317031174008576 -0.06841066067758125 0.011865406901277395 -3.2055119562702092 0.12925754671368792 1.8796163321125399 0.03003950682470152
40 360 0 0 0 0.5250280041732844 0.06622489056055225 0.006697493310828097 -3.3071792050137696 0.10602815233832161 -1.2463149147784707 0.04189530855877998
34 306 0 0 0 0.5258287821953322 -0.09761391943995573 0.0430417298970554 -2.716857264675506 0.2032708541638911 3.8371535257158107 0.05214627786459423
41 369 0 0 0 0.5052433645050872 0.04244179563820743 0.014335122607888006 -3.399117886700722 -0.11215349550579928 0.604714125477989 0.02737911986867798
38 342 0 0 0 0.4021707720140733 -0.06241351765279891 0.012574316355010664 -3.280812059058012 0.1282197227075779 1.7099111591951823 0.02625613837615406
36 324 0 0 0 0.4666526116697996 0.07389268681758591 0.004125324888852808 -3.2189698820163737 -0.1777857478329773 1.8861179526376937 0.08926988912685166
41 369 0 0 0 0.5187681372723889 0.07070572987653193 0.003886122313015936 -3.2527349703211077 0.16769996537515272 -1.1598639142229539 0.0421057667897697
35 315 0 0 0 0.48305945844296666 -0.04315445218256096 0.0035288548411693947 -3.23632577550324 0.012535881270675028 2.9489337932476265 0.09741462880838835
42 378 0 0 0 0.5039067969185538 0.045704571624052295 0.012066856728150492 -3.4998193013329413 -0.10104695569847123 0.6484272529582001 0.027166943959643676
39 351 0 0 0 0.40186310227897515 -0.06632455569849445 0.01824453029326098 -3.222695040557765 0.1514788891918543 1.4499395413325726 0.0284854581663391
42 378 0 0 0 0.5208976590186256 0.06912951103021976 0.004770476297163077 -3.178796576116566 0.1878715108553552 -1.1922783129296533 0.040912275490943985
37 333 0 0 0 0.4649310161480044 0.07839194429378218 0.003169100109619342 -3.223803346753254 -0.15357959733784393 1.9922272845706364 0.0871657080460883
35 315 0 0 0 0.5069771787159407 -0.09918972474267462 0.04788604708080524 -2.6927177369810904 0.37355331132696123 2.87853302557419 0.05754206413300255
43 387 0 0 0 0.5039104851487567 0.04633734351003144 0.011417621392165324 -3.414073871032955 -0.08632533316908789 0.7122892206266095 0.02708823419515537
36 324 0 0 0 0.4819511071339176 -0.04057808715768391 0.004622611211927797 -3.4128898799838963 0.0626466367933001 3.1310957689932226 0.0994509838388221
40 360 0 0 0 0.4055073764825266 -0.06320904551782176 0.012673263665197677 -3.1168830701110535 0.13657708355645012 1.2917277400659095 0.026091500223444645
43 387 0 0 0 0.5214812216595768 0.06841595861470827 0.0059848324845290304 -3.20208600561191 0.14555330012316378 -1.2070124207878508 0.03972307842897134
44 396 0 0 0 0.5079597707684549 0.047464809973533424 0.012059414765077324 -3.3547810564511416 -0.11424146112829915 0.593212140137735 0.025173887103470044
38 342 0 0 0 0.4646768992712241 0.07993315637210342 0.0039077321862397586 -3.2858070050611654 -0.1523009279286831 2.135860602879887 0.08627123952283679
36 324 0 0 0 0.5049713207535713 -0.10358867769464754 0.030597103990645 -2.9883524572755653 0.3131088689901872 3.141237414773981 0.05137369947287912
37 333 0 0 0 0.48894425358979027 -0.03265192225181022 0.005131467236706234 -3.438142263203474 0.01880958806656614 3.327291219361586 0.09816129825590164
44 396 0 0 0 0.5206080911022255 0.0698951957972108 0.005374938962702998 -3.209848007031148 0.13583126254448058 -1.2166274521561928 0.039274445274695514
41 369 0 0 0 0.40144187714302754 -0.0722750611778452 0.010643011341109525 -3.151152981187092 0.12974041672137487 1.3221278416816569 0.031470058435344304
45 405 0 0 0 0.5044693989511486 0.0500343023276826 0.01139044332676599 -3.35388642317282 -0.08959111531377474 0.6312247453189084 0.02305054678182208
39 351 0 0 0 0.46444168826454435 0.0810065663566415 0.004865794414104614 -3.174287781245057 -0.1987035837055248 2.044849662523692 0.08764812434791913
37 333 0 0 0 0.5257576861335405 -0.09345068628401497 0.016750999506897842 -2.8779913422187704 0.2161653927311618 2.8057127377110187 0.04945501864925375
45 405 0 0 0 0.5197095493073791 0.07188605663183839 0.005485719793806826 -3.2048084958970473 0.16057672969009676 -1.2092743026131385 0.03940552920035561
42 378 0 0 0 0.4008576746226354 -0.07535493333062532 0.013260259075812393 -3.1869322635929045 0.11787243499743282 1.2650606845859802 0.0328880543893686
46 414 0 0 0 0.5013088768443285 0.04727113189903913 0.013491164062397013 -3.3614861011892594 -0.08288601716405344 0.6911408512310921 0.024953873666230888
38 342 0 0 0 0.4919904306939689 -0.03013558110807563 0.006257579357562269 -3.507978691248293 0.0300361349726207 3.3183177606472447 0.10297953272448769
46 414 0 0 0 0.5216883350920913 0.07245344254263286 0.005541578844119333 -3.18413788395002 0.1688153659290401 -1.2804236131034081 0.037346224471862526
40 360 0 0 0 0.47404107919459315 0.07442449425182461 0.003431842302996764 -3.173870650211011 -0.15923043808979798 2.0205627391127106 0.09092414504734153
43 387 0 0 0 0.4021554816506884 -0.07316831058166781 0.01265357984997135 -3.142190454921961 0.15388978590105018 1.1249472163597463 0.03210736539100817
38 342 0 0 0 0.512186878895128 -0.08890249330539471 0.015185964813699344 -2.9757292693551634 0.2219172569049789 2.894750487622034 0.051254597870695716
47 423 0 0 0 0.5030723242694396 0.04755540331330563 0.01031618775436472 -3.290788349654482 -0.07958739382278794 0.6673210899888874 0.02487403287105028
47 423 0 0 0 0.5223953362765404 0.072396312442045 0.00443905665912814 -3.1403103079353225 0.18262829564937244 -1.2917113060874965 0.036288297198154754
39 351 0 0 0 0.49384032458028926 -0.04155976639671172 0.0017162261278782977 -3.4110890582169096 0.07761242787725117 3.4161912289168486 0.10291241246686958
44 396 0 0 0 0.39832388259603174 -0.07228595363062093 0.011947731346225586 -2.9905971756233054 0.1673484551755342 1.013877188242989 0.02976730834254131
48 432 0 0 0 0.5005057470510028 0.04592951982621775 0.01025284877796703 -3.390691547614389 -0.07448321411685699 0.7016426468667928 0.027783601050191693
39 351 0 0 0 0.5229083765468459 -0.09067327843097674 0.01610517814710679 -3.378716999953111 0.19289564563620137 3.440355158947731 0.04822021489925169
41 369 0 0 0 0.47401679977623834 0.0740311349621974 0.00014720873333198898 -3.2630517611916376 -0.15778416229268633 2.00727987149138 0.09627585767903256
48 432 0 0 0 0.5198260180697217 0.07355100623133232 0.006354047624374451 -3.10927559096243 0.19511276666573024 -1.3948895222835795 0.03468648444876489
49 441 0 0 0 0.5004915598120615 0.04579236322586203 0.00983995909714951 -3.4215415195026133 -0.05885194797231881 0.6722250721823986 0.027386621904847072
45 405 0 0 0 0.40080987242947047 -0.07415645490399995 0.01369455930173668 -2.981663721132301 0.19988464782497808 0.9859810524901298 0.029722200250068873
40 360 0 0 0 0.5170682339482198 -0.08896045494831627 0.011385891280777351 -3.3752972902077496 0.2705250843385201 3.0942845772689744 0.037497054530598435
40 360 0 0 0 0.49884281928733143 -0.04784335756845552 0.001151000696559302 -3.30762789197097 -0.013098203875544855 3.3530162569472015 0.09896295261578851
42 378 0 0 0 0.47675468941247545 0.07408131944890875 0.001057680113161953 -3.2083010219311525 -0.14389013549819663 1.9968479789291258 0.09573323558288385
49 441 0 0 0 0.5209907794184732 0.07304136696178168 0.005515849879203729 -3.10550511217434 0.18942956509561173 -1.5135826764477815 0.033127601582599565
50 450 0 0 0 0.4971842120919411 0.04595079969946687 0.00954088540754444 -3.3762419765709586 -0.04069191989271523 0.7763025565535324 0.028858871842824995
46 414 0 0 0 0.3981193659596084 -0.07510591155257411 0.012009131176401648 -3.1108641181593315 0.19068133922185307 1.120606660508413 0.03222806533697223
41 369 0 0 0 0.5232485971670304 -0.08458151469263445 0.012776046578951102 -3.3129603315316354 0.10187341981383077 3.0592479966965285 0.03738750454649166
50 450 0 0 0 0.521524437781179 0.07191163718236412 0.00494997638477687 -3.1087315619857465 0.16744750102384942 -1.4861713661663187 0.033941306864662193
43 387 0 0 0 0.4761471649495205 0.07513168587945455 -0.0010724677531096418 -3.330208280500524 -0.0844410781598705 2.0962501103985147 0.09447698113995681
51 459 0 0 0 0.4987505800100338 0.045647087057360106 0.009179584812385977 -3.449571206150865 -0.030472322600202682 0.746635625798823 0.028516994938129838
47 423 0 0 0 0.397100142483411 -0.07217079273184321 0.009805199031806041 -3.1832596961099497 0.19051974544090644 1.140388854872898 0.03155280494625167
41 369 0 0 0 0.490960000863249 -0.049446529365242506 0.000266696150498135 -3.3849600949716714 0.04697465096454732 3.2795487290005747 0.10147783986521791
42 378 0 0 0 0.5282979028953313 -0.08060723868447563 0.010831471442744111 -3.3518222056760867 0.06625745162644048 3.01469309393519 0.03222556248198712
51 459 0 0 0 0.5204643773098955 0.0744034837446644 0.0046751574059007515 -3.159801372981478 0.18605407787618272 -1.4405929177552417 0.033452789096468705
52 468 0 0 0 0.5035099489359711 0.04391791834157378 0.005807292024467856 -3.421519588127628 -0.030056607772699945 0.571878935957443 0.02988912208967958
48 432 0 0 0 0.3984696551428076 -0.07008108709955581 0.00829891890568033 -3.176862264444018 0.18256273509071116 1.11894899174111 0.030272569381059412
44 396 0 0 0 0.4787313080122346 0.07624673826286237 -0.0013308377781424557 -3.3536762047940836 -0.07111660020723995 2.134787207190869 0.09533776895891999
52 468 0 0 0 0.5198226486988466 0.07555444813578623 0.005788044618941453 -3.1322092463125424 0.20141246369044494 -1.4579138348583558 0.031179887953806423
42 378 0 0 0 0.48877193238825895 -0.048213016418215994 0.0007437969633760633 -3.429559633977172 0.044307306205465226 3.0102794261715475 0.09905591882275219
43 387 0 0 0 0.5402099620868172 -0.09120944539576406 0.015116744712048475 -3.0653180878420776 0.07806935591329488 3.095285232894482 0.033607298635714565
53 477 0 0 0 0.49889415693215394 0.04489737869819315 0.008397119899703969 -3.475718796320599 -0.037814102109916134 0.7191662955904873 0.028684497618124555
49 441 0 0 0 0.39944551408890894 -0.06983618887148264 0.00760999391243651 -3.1271186285259938 0.16215735956594182 1.0902326938561306 0.03170233390828513
45 405 0 0 0 0.47317193381815736 0.07568118702338218 -0.0009557068075090496 -3.447220143943657 -0.07002378945764562 1.9944777238930411 0.0984203281928903
53 477 0 0 0 0.5196319322136729 0.07419055609585837 0.005826144087137012 -3.129828250122127 0.2024292365676471 -1.3580878762052695 0.03246028910852535
54 486 0 0 0 0.4982213175905181 0.04481315867797959 0.008663979857555418 -3.42267903851269 -0.06449174199507167 0.6566594880488451 0.027044732045888198
44 396 0 0 0 0.5426590007634677 -0.08857279975049884 0.012450733029959839 -3.1309798851422963 -0.004922918366740664 3.3621330007888397 0.037074095752655176
50 450 0 0 0 0.39837363317981833 -0.07223478438399762 0.007218938686327273 -3.1246517542598062 0.17111524700753541 1.1194737728680912 0.034080446969001976
43 387 0 0 0 0.492143347140781 -0.05290030273149392 0.0018036677445362249 -3.3432607559081258 0.007357562096070241 3.040093537851272 0.09971321086784594
54 486 0 0 0 0.5197389188388983 0.07400669846011228 0.007070673238929259 -3.1142145798535408 0.22728119268301114 -1.3696851653523658 0.033055921792094045
46 414 0 0 0 0.4746967463139447 0.07676684349368701 -0.0013658700333635397 -3.3912240131891287 -0.08558320958831886 1.7835018975783012 0.09706421336938958
55 495 0 0 0 0.4960076249109789 0.04485238745310579 0.007649522142156157 -3.4143364036904047 -0.04508847912466359 0.7097800305146869 0.031855959577622016
45 405 0 0 0 0.5422565300362752 -0.09071972125235987 0.019615510672898014 -3.2132812883322828 -0.01062053951727415 4.093919193016428 0.04093876391982244
51 459 0 0 0 0.3992855801885815 -0.07083351036804988 0.006159722525306091 -3.19586615702322 0.16795643871714191 1.0477883564365482 0.03174668705688027
55 495 0 0 0 0.5212939777650157 0.07236335609381954 0.006583531084246527 -3.1003269247684795 0.21698305100347573 -1.4833580983868488 0.031487433690876934
44 396 0 0 0 0.49600757617454 -0.05185163875469836 0.00037975757685970507 -3.324629496375711 -0.02026978396692604 3.1096179776583894 0.09975581999787601
56 504 0 0 0 0.49800125354317437 0.044512212472853765 0.0071504567985391605 -3.4742548663259094 -0.035122981352676746 0.6591572412125329 0.030320150966537056
47 423 0 0 0 0.47160865268232144 0.0803098812653227 -0.0009412756459857558 -3.3944841866133313 -0.06416381325785436 1.7886406400745123 0.09746123964139267
52 468 0 0 0 0.3982622891457677 -0.07340294699410242 0.00647266605617355 -3.197862729051929 0.1788454481116537 1.1228307771267556 0.031279505157776014
56 504 0 0 0 0.5224259045929561 0.07102820417480207 0.006907570524786867 -3.130595506699366 0.2314085236521457 -1.524242320729762 0.03154393904424046
46 414 0 0 0 0.5344649510510954 -0.08854854918336859 0.022083891196466678 -3.3086726617226927 -0.027163355571091355 3.7367686248271994 0.03988997581829425
57 513 0 0 0 0.49581932819540564 0.042139998383606304 0.0072051960177934695 -3.4617267875661826 -0.03406069461493122 0.6282932566033984 0.031152694759294466
53 477 0 0 0 0.3974433383770051 -0.07402686889412244 0.0065961015886009475 -3.1978026677424647 0.18531776699853217 1.0693920072638765 0.030369536511008016
57 513 0 0 0 0.5222139989320147 0.07217261277830309 0.005672630581052734 -3.1360227167929993 0.23300042998860468 -1.5499614207468355 0.030780736767159447
45 405 0 0 0 0.4919977764407582 -0.04960955669971849 -0.0018707852250519218 -3.3074410263042466 -0.030648141538404127 3.0624769699801107 0.10009943620902038
48 432 0 0 0 0.4760747325207836 0.07687536254984853 -0.0015124051829883962 -3.307839042094281 -0.05463192882107027 1.882648807969176 0.09459519428144052
47 423 0 0 0 0.5415437767251613 -0.08628053953171967 0.012167271082641675 -3.4465695784210815 -0.08434032856361459 3.6221399024003365 0.033347291415772314
58 522 0 0 0 0.4947573426301796 0.04091826639107181 0.00691869493509359 -3.426723357827544 -0.03468468010369299 0.5974537641426453 0.031451029645843016
54 486 0 0 0 0.397914160519687 -0.06874310951904089 0.005331231089851886 -3.213795264211969 0.16774080189225915 1.1013774853985785 0.030768472928705368
58 522 0 0 0 0.5223790946936095 0.07334307454686274 0.006142220242256143 -3.117776214563336 0.24003058622898843 -1.5905364964696027 0.03001046142838951
49 441 0 0 0 0.47218522537589686 0.08062118474192383 -0.0005995184576804214 -3.3081688037888686 -0.07141391722722461 1.8472598245636647 0.09221362854646656
59 531 0 0 0 0.49566594994774793 0.0400816940104014 0.005274683019392936 -3.4233868095067312 -0.03757773337726239 0.4773410760199483 0.031412915600127524
46 414 0 0 0 0.4947355197578939 -0.05231601860292762 -0.0021643703125470114 -3.2407085295399627 -0.04393491425504238 3.049403463651997 0.09951475929829864
48 432 0 0 0 0.5433385760289727 -0.08684521945393246 0.009294216535515492 -3.259858403034875 -0.04240284980372817 3.6783224738724583 0.03932651493637701
59 531 0 0 0 0.5216828744286875 0.07328048056745125 0.005704061605495881 -3.122953504085351 0.22556656164065014 -1.5307092709530925 0.03134045473031965
55 495 0 0 0 0.39795353364814634 -0.07137649008046179 0.006216730644222826 -3.160930997584156 0.18373942860958012 1.1082028972896492 0.03234337987857545
60 540 0 0 0 0.49486689841361636 0.04016992805106734 0.006023808888779887 -3.3603423573274585 -0.0626405062911491 0.5192928719266008 0.031156098595855587
50 450 0 0 0 0.4731406618579309 0.07844014094869897 -0.0019061536982817654 -3.336964000406279 -0.05823258653362811 1.8813041134364592 0.09368672236512794
60 540 0 0 0 0.5209430460679508 0.07429137666256307 0.005550011735136396 -3.123238556239479 0.23849654665243836 -1.508223022012194 0.030420455681500612
49 441 0 0 0 0.5315600685968357 -0.08374086506113462 0.004602816789107358 -3.169209516497662 0.04609684667589637 3.4183367873688173 0.03925209986383515
56 504 0 0 0 0.39594309011254125 -0.07352542000299295 0.004969095495566615 -3.1269276790339027 0.19513330369917645 1.071486613985847 0.03355849734315767
47 423 0 0 0 0.4950224689823712 -0.053882657286818826 -0.0027320131157979126 -3.2663083858180326 -0.03048514580942977 2.9576773595445904 0.0998656940037494
61 549 0 0 0 0.49528202259827886 0.03941794733360179 0.004889642844272735 -3.369035049564082 -0.06530548689431001 0.40847033700243396 0.03266800489024824
61 549 0 0 0 0.520732975840269 0.07447429150886525 0.005701076568166481 -3.1374245921765795 0.23702873095549398 -1.5802211730385847 0.02880468255996663
50 450 0 0 0 0.5422937373525478 -0.0822377840221299 0.007117471575518454 -3.1960207404822514 -0.029241572253503236 3.376365472699517 0.04021434490890255
51 459 0 0 0 0.47323786952095975 0.07882786303716406 -0.002836318106593974 -3.2668521283721614 -0.04665461564237344 1.9089678089787936 0.09177402125578779
57 513 0 0 0 0.39572066717112686 -0.0745865054061506 0.005531271108286249 -3.163150076586091 0.18374482521659258 1.0946923599137064 0.03309265227990549
62 558 0 0 0 0.4937519957185746 0.03839769481868064 0.005443282895922529 -3.4043737384866506 -0.0634923595156874 0.39430220724980714 0.03344082158978709
62 558 0 0 0 0.5203590053520218 0.07273555072521143 0.005655864948482608 -3.1697549536664478 0.2245640531103478 -1.4796581595319018 0.029557818260606706
48 432 0 0 0 0.49326865827457644 -0.04876087079458575 -0.0019408289767418709 -3.3190828778798367 -0.010232413344475213 2.8384111777872083 0.0992320311601264
58 522 0 0 0 0.39625153722178186 -0.07503749435355582 0.005497911063288388 -3.1677891178819806 0.18882269228566292 1.0923869339761452 0.03285732934599132
51 459 0 0 0 0.5459819385927648 -0.08051682854418472 0.005266499787478265 -3.387445820663009 -0.009434882155080766 3.4353536945216705 0.037118146091555435
52 468 0 0 0 0.46654890955197126 0.08274701086598016 -0.0022373432419131706 -3.2792149634694105 -0.04982746654982425 1.9385838747199238 0.0903892589947447
63 567 0 0 0 0.4954615825969529 0.03902605959399074 0.0034838793153225116 -3.3914537492906778 -0.05334596507429204 0.3864519799655518 0.03521205116041323
63 567 0 0 0 0.5204594668278607 0.07396697716958978 0.005620458372249849 -3.1907738201989515 0.22472096745878517 -1.5198005301337856 0.029443940376585206
59 531 0 0 0 0.39630217011316826 -0.07375796132064025 0.004823753499661083 -3.1999917103253495 0.17756486418195155 1.1322258233689393 0.032665188899206894
52 468 0 0 0 0.5369496500022813 -0.08141717778806733 0.005995923985538565 -3.415201120931946 0.05504976344244183 3.219102859918739 0.035596880457714385
49 441 0 0 0 0.4931268042260608 -0.04869871990691087 -0.0028128112985969103 -3.3221911634655004 -0.023584152213631294 2.98187372085138 0.0987382629786635
64 576 0 0 0 0.4957291269498222 0.04036456409665321 0.0033476804585321003 -3.4014041626711524 -0.04223727137784626 0.4401016967422036 0.0361375643096604
53 477 0 0 0 0.46993690638870456 0.07928600116732351 -0.0022509953987683933 -3.231430548629898 -0.04643734977211197 2.084058739581702 0.0906205455557004
64 576 0 0 0 0.5206923448918117 0.07415292174021135 0.0054314289009561294 -3.1968349229928683 0.2100755756964127 -1.5409023290486812 0.02945271517630508
60 540 0 0 0 0.39707262788332626 -0.07199075704417211 0.003982671077623809 -3.2347997846110172 0.1648834931638556 1.1100354965234653 0.03107306460933583
65 585 0 0 0 0.4965415219689391 0.04047199521164351 0.0022588132086084523 -3.3742975174088086 -0.044781013568272784 0.37863428359127355 0.03700374724808933
53 477 0 0 0 0.5389370800399642 -0.08381783781451108 0.006716958969183818 -3.4407908509976224 0.01401040386317762 3.4976708628200663 0.033097255919838836
65 585 0 0 0 0.5208834284642758 0.07451314246133231 0.005337823134582935 -3.1892408973595936 0.21519344084823097 -1.5797712193374767 0.028243728323134192
54 486 0 0 0 0.4693591248082753 0.0792548244633762 -0.0005127641817665088 -3.2144012378750686 -0.03355331647068663 2.0662640621741293 0.0872950309219428
50 450 0 0 0 0.4938767084251284 -0.04804182993106897 -0.0016318941047331085 -3.2906840658413112 -0.0555876643018101 3.0653138680108323 0.09993191052397925
61 549 0 0 0 0.3964793623547759 -0.07287465977767006 0.004277079192286126 -3.240871005067294 0.15744934324612128 1.1325023834857488 0.030212834132240858
66 594 0 0 0 0.49403840735893356 0.041912849516533804 0.003013526483761416 -3.3740809942818637 -0.043644919020834554 0.4791823651647603 0.03702211392163993
66 594 0 0 0 0.521372186834716 0.07410169896300223 0.004623859826677932 -3.1854862339702117 0.19402815900547093 -1.5428787619357236 0.029212831577810124
54 486 0 0 0 0.5342261202488475 -0.08870086492040223 0.008954361286582422 -3.427676023423072 -0.02921516394245326 3.712886357210731 0.03264431978455825
55 495 0 0 0 0.4754463157480401 0.07322745730312956 -0.0018154730856968278 -3.2094707295279203 -0.013784752104559405 2.129445503476654 0.08673543659867419
62 558 0 0 0 0.39688975427280654 -0.07362030984981419 0.005566775944497555 -3.1487777209700933 0.1762367818716283 1.142351960345729 0.03138728015163911
67 603 0 0 0 0.49326072345093874 0.039267908481929924 0.0017739291362401494 -3.371038053580335 -0.03977393880180336 0.35814221481737396 0.03728621184614606
67 603 0 0 0 0.49326072345093874 0.039267908481929924 0.0017739291362401494 -3.371038053580335 -0.03977393880180336 0.35814221481737396 0.03728621184614606
51 459 0 0 0 0.4939016207635842 -0.04715060010702646 -0.001653417193291257 -3.3437780744974175 -0.0343258227527722 3.0113682112820297 0.10025869590081325
67 603 0 0 0 0.5217208740015035 0.07398822419329147 0.00462703364368077 -3.1786561815021495 0.1868288134618994 -1.5202534707362045 0.029376248535599808
67 603 0 0 0 0.5217208740015035 0.07398822419329147 0.00462703364368077 -3.1786561815021495 0.1868288134618994 -1.5202534707362045 0.029376248535599808
55 495 0 0 0 0.5344790836440951 -0.08797927085520381 0.006435562035948713 -3.3550212388438343 -0.023735366493857393 3.789953664192281 0.03493405709449234
56 504 0 0 0 0.4763377762267812 0.06949324834953631 -0.0018074702669489229 -3.2662410221816747 -0.00010835824461551814 2.1073714960661007 0.08477578140422475
63 567 0 0 0 0.3969276080908109 -0.07466932277155255 0.0053186512563163195 -3.176610414391671 0.17540987467463665 1.1726823280251786 0.03166161218701634
56 504 0 0 0 0.5358681929097217 -0.08683235802635486 0.00776277349302379 -3.443007821612179 -0.017078014879427016 3.701298879668173 0.03561086865569369
52 468 0 0 0 0.4947563497753317 -0.045953995578756145 -0.0025506663556753165 -3.2837864526734664 -0.05741189013093764 2.9211825542029333 0.09893842358316926
64 576 0 0 0 0.3961329044659906 -0.0751435446814077 0.004498103804067025 -3.186526833228656 0.18406033237813477 1.1481894543620008 0.03217516868637118
57 513 0 0 0 0.47587704346725757 0.06854936640469009 -0.0010677009764900657 -3.2780573716625128 0.01609128531417175 2.0064692854901254 0.08428322765090468
57 513 0 0 0 0.5365498872857862 -0.08626797070597836 0.006599388002778455 -3.4723758905709965 0.005878655421607757 3.503781837890576 0.035111717109660136
65 585 0 0 0 0.39557985485195335 -0.07639167179941488 0.0037950102797217134 -3.205529176434378 0.17206943786193393 1.1750574906435252 0.03143411772167486
53 477 0 0 0 0.4935866274407139 -0.044663805409406905 -0.0019053714023285814 -3.2980939675032714 -0.04771989147082397 2.9472573114827 0.09937379937439077
58 522 0 0 0 0.47653022624673713 0.07021009908533583 -0.002010044672759322 -3.317654158508948 0.011867566797766673 1.9375839154172458 0.08212112587871376
58 522 0 0 0 0.5384424957663675 -0.08673159482604395 0.006308547489178565 -3.488166594979515 -0.028588356858648436 3.583943427309079 0.0338323320661792
66 594 0 0 0 0.3956846701830679 -0.07634640368872803 0.004423771264095445 -3.2299751761483395 0.17110738779714466 1.1988997503429883 0.031647777978875156
54 486 0 0 0 0.49168351297214274 -0.04157262117024235 -0.0020358733304759033 -3.3289644733342083 -0.021546513562223518 3.0136655783223096 0.09923790065077132
59 531 0 0 0 0.4779366617914734 0.07051843452704434 -0.0017315304529740875 -3.3130755734233825 0.00898642107146707 1.9292889289925532 0.08109599028032025
67 603 0 0 0 0.39524990805452653 -0.07669497272949062 0.004074778043711315 -3.240350352849071 0.17368364564255998 1.2171986877329133 0.030974741377597183
59 531 0 0 0 0.5351774912824816 -0.08263370969148301 0.004647951884188983 -3.487227928005398 -0.02728823787146879 3.452402660616992 0.033714628808583884
67 603 0 0 0 0.39524990805452653 -0.07669497272949062 0.004074778043711315 -3.240350352849071 0.17368364564255998 1.2171986877329133 0.030974741377597183
60 540 0 0 0 0.4822804376347685 0.06475393583631518 -0.0011350098238831522 -3.251270157136838 0.006680782392979334 2.003832250017929 0.07465939338313239
60 540 0 0 0 0.5355334401073771 -0.0833911546201202 0.003919283744006377 -3.403532953206242 -0.0009343956472351757 3.4289354212290952 0.03617197125214295
55 495 0 0 0 0.49398128694651894 -0.04303339885992803 -0.00276495656921616 -3.315914039233677 -0.04429736319691987 3.0426479330498157 0.09801372554951754
61 549 0 0 0 0.5371798500262597 -0.08486624170558174 0.003967961899844979 -3.32247000229944 -0.033121842392370704 3.468724831632823 0.036073072738276576
61 549 0 0 0 0.48785576500002087 0.05781320842764104 0.0006914990041489291 -3.3245762920649766 -0.016679141635657254 1.9429777009997988 0.07017353821321981
56 504 0 0 0 0.4935438950811352 -0.045119410097892935 -0.002933169456378227 -3.2702559835204266 -0.04208500756079228 3.0147876811255334 0.09708019929107949
62 558 0 0 0 0.5336982090259226 -0.081945772401791 0.003910964825094408 -3.4159565594680723 -0.03851348661766307 3.3819175695434445 0.03653041668189079
62 558 0 0 0 0.48560061674204547 0.06237448558516839 0.0015746298063106508 -3.2106330508577487 -0.036869098875637094 1.804027459705406 0.07288179984232085
57 513 0 0 0 0.49258470025584056 -0.04494311253513069 -0.0026201992681218348 -3.2736803322742216 -0.020889845464254066 3.0143621860181673 0.09662121719660285
63 567 0 0 0 0.5307175576590555 -0.07997485768894633 0.003934574003244107 -3.442855503456474 -0.020468081432877917 3.345822884169875 0.03637884297755654
63 567 0 0 0 0.4839746635720304 0.0627128292584941 0.001537762804414795 -3.3607074563468027 -0.04886379542269851 1.7399433118386098 0.07086011580211063
64 576 0 0 0 0.5324131717207815 -0.08009933271249885 0.0020978172568299172 -3.3611460386192573 -0.014877622723187524 3.3105282634281643 0.03754243528519139
58 522 0 0 0 0.49225552237243764 -0.045824869315874095 -0.0032904222339279593 -3.2730501749960226 -0.017557851026289505 2.976020392515057 0.09528607880648722
64 576 0 0 0 0.47722048201042105 0.06460587678065341 0.0008717503970646064 -3.3036260081851836 -0.03825557995322226 1.7619945907128896 0.0662111844965732
65 585 0 0 0 0.5310376490606944 -0.07814888135734949 0.001653874699119863 -3.347124323000319 -0.01744275350571226 3.2872218045854202 0.03760857043631937
65 585 0 0 0 0.48307291496801563 0.06156544344444094 0.00027164719999169624 -3.28760903969002 -0.01457870049973761 1.8271565536267418 0.060041870430446266
59 531 0 0 0 0.49164497378733574 -0.0463187533604246 -0.0031628128590068297 -3.2951164112749844 -0.009857367494774342 3.055284046916868 0.0949488633731025
66 594 0 0 0 0.5294787899674809 -0.08022069681918162 0.0022866089576205582 -3.2985518683944144 -0.01564817034369562 3.3093206890765035 0.03796096272872568
67 603 0 0 0 0.5260574999752153 -0.08031644054441267 0.0026045242245643714 -3.362097371258194 -0.024645602598405137 3.4219154871341093 0.03688882932599776
67 603 0 0 0 0.5260574999752153 -0.08031644054441267 0.0026045242245643714 -3.362097371258194 -0.024645602598405137 3.4219154871341093 0.03688882932599776
66 594 0 0 0 0.48377470490972796 0.06323923655913893 0.001397330372926338 -3.2626058998802385 -0.04268898404723562 1.7547283592921095 0.06515552651210507
60 540 0 0 0 0.4912964353182434 -0.04648439699870049 -0.002880138386627334 -3.3069201219586746 0.009865432646788637 2.9729319904259484 0.09449631080119572
67 603 0 0 0 0.47942772905848874 0.062038369523351525 0.00017545340009482194 -3.281401350219177 -0.0013944889277999523 1.7315090149789985 0.059085501393773485
67 603 0 0 0 0.47942772905848874 0.062038369523351525 0.00017545340009482194 -3.281401350219177 -0.0013944889277999523 1.7315090149789985 0.059085501393773485
61 549 0 0 0 0.493115286772776 -0.04607895037071494 -0.002362536910917332 -3.2367907348064064 -0.021219080960601412 2.9586369521505573 0.09339604125086681
62 558 0 0 0 0.49185575029903833 -0.04591830476111332 -0.002801928975302772 -3.296836406961741 -0.005584162985976156 3.0735463355706307 0.0938760174858398
63 567 0 0 0 0.49331906461612907 -0.04515498931458963 -0.0028724403765282075 -3.2566549849115174 -0.004170560603163009 3.048186520970721 0.09327498795307325
64 576 0 0 0 0.49301793372521846 -0.044062969570171646 -0.0033964890211711303 -3.267915088565587 -0.001986205564681036 3.0560171747003984 0.09245489579566186
65 585 0 0 0 0.49282640838907815 -0.04427584643394518 -0.0030367626716887816 -3.2450900409761405 -0.011911701877547615 3.039596517148504 0.09155313702498613
66 594 0 0 0 0.4930613882434236 -0.04484290484044635 -0.0025189480436534468 -3.2435754816456557 -0.010986935715272957 3.05139951296103 0.09008910245805934
67 603 0 0 0 0.49252289924665166 -0.04286779465043334 -0.0031897576876951375 -3.255822489019187 -0.015631447596848647 3.0176322907126134 0.09098482199391052
67 603 0 0 0 0.49252289924665166 -0.04286779465043334 -0.0031897576876951375 -3.255822489019187 -0.015631447596848647 3.0176322907126134 0.09098482199391052
