% # columns="iter, evals, sigma, 0, fitness, xbest" seed=2567, Fri Aug 28 18:38:59 2026, <python>{}</python>
1 9 0.9449729899729059 0 2.025499952633445 0.4499845213722613 0.09790833967434619 0.09036130804300689 -2.5599636463043867 -0.2344314727627191 0.68547248421146 0.059895911604224916
2 18 0.9087555735421708 0 1.8119083436734627 0.34682371717415544 -0.033640981894744945 0.10211851105002713 -2.617117577369903 -0.19553353785062746 0.22208860526691698 0.06117326482244742
2 18 0.9087555735421712 0 1.811902352065634 0.43753700953446095 0.08090882630942894 0.10211851198134952 -2.6171175773698954 -0.19553353785062816 0.22208860526691396 0.06117326482244747
2 18 0.9087555735421711 0 1.8119130145313822 0.4422256002994604 0.00745949031709274 0.1021185129126721 -2.617117577369895 -0.19553353785062796 0.22208860526691374 0.06117326482244744
2 18 0.9087555735421708 0 1.811913688869359 0.4271676192852089 0.11368384839891055 0.10211850825605946 -2.6171175773698985 -0.19553353785062724 0.22208860526691562 0.06117326482244741
2 18 0.9087555735421705 0 1.8119140258943687 0.4708901296230388 -0.035567255002273306 0.1021184942862211 -2.617117577369907 -0.19553353785062672 0.22208860526691712 0.06117326482244738
2 18 0.9087555735421706 0 1.8119032338413277 0.47040822607002963 0.10996515186427698 0.10211851291267249 -2.617117577369906 -0.19553353785062627 0.22208860526692056 0.06117326482244742
3 27 0.8929064494700619 0 1.7386466974069545 0.34701304336475786 -0.019836426430002583 0.08976809109334147 -1.7389104595154214 -0.03602833884654277 0.2786485886693987 0.06876437764890173
3 27 0.8929064494700623 0 1.7386420495812542 0.43772633572506375 0.09471338177417156 0.08976809202466404 -1.738910459515428 -0.03602833884654247 0.27864858866939957 0.06876437764890167
3 27 0.8929064494700621 0 1.7386577132585872 0.4424149264900632 0.021264045781835068 0.08976809295598678 -1.7389104595154345 -0.036028338846541094 0.2786485886693989 0.06876437764890175
3 27 0.8929064494700623 0 1.738658367456092 0.42735694547581143 0.1274884038636523 0.08976808829937367 -1.7389104595154394 -0.03602833884653969 0.27864858866941117 0.06876437764890192
3 27 0.8929064494700619 0 1.7386567535480373 0.4710794558136411 -0.021762699537531457 0.08976807432953592 -1.738910459515416 -0.03602833884654219 0.2786485886693957 0.06876437764890188
3 27 0.8929064494700618 0 1.7386417273423969 0.47059755226063216 0.1237697073290189 0.089768092955987 -1.7389104595154272 -0.03602833884654164 0.2786485886694025 0.06876437764890188
4 36 0.9107936243491089 0 0.003970794155663368 0.34814156522094264 -0.07247525723080461 0.17088976860875343 -3.1134031900407195 -0.1298690175913147 0.4384769179802374 0.07246959896190568
4 36 0.9107936243491087 0 0.003971325112734378 0.44354344834624804 -0.03137478501896717 0.17088977047139814 -3.113403190040714 -0.1298690175913183 0.4384769179802173 0.07246959896190566
4 36 0.9107936243491096 0 0.003972909699781956 0.42848546733199594 0.07484957306285002 0.170889765814786 -3.113403190040725 -0.1298690175913252 0.4384769179801826 0.07246959896190582
5 45 0.960011014998041 0 0.0028546598901277253 0.4864049731552754 -0.028056899025977442 0.11747577398970298 -3.133722193397246 -0.06256435292380769 0.6035688104793318 0.07909090415041992
4 36 0.910793624349109 0 0.003968283340233885 0.43885485758124876 0.04207455097336968 0.1708897695400765 -3.1134031900407155 -0.12986901759131342 0.43847691798023714 0.07246959896190569
4 36 0.9107936243491093 0 0.003971474044033307 0.4722079776698248 -0.07440153033833412 0.17088975184494568 -3.113403190040732 -0.12986901759132163 0.43847691798021254 0.07246959896190579
5 45 0.9600110149980416 0 0.0028518189075682683 0.39100309002996975 -0.06915737123781474 0.11747577212705888 -3.133722193397258 -0.06256435292380358 0.603568810479368 0.07909090415041996
4 36 0.9107936243491088 0 0.0039676699495221806 0.47172607411681705 0.07113087652821673 0.1708897704713987 -3.1134031900407146 -0.1298690175913195 0.4384769179802134 0.07246959896190569
6 54 1.0469016112629923 0 0.17309823885425235 0.5282622332462118 -0.07650553193718451 0.11614315382137033 -3.1318903539662433 -0.06177922459315292 0.798329830072311 0.07861803252125793
6 54 1.0469016112629936 0 0.1730980961715702 0.432860350120906 -0.11760600414902118 0.11614315195872649 -3.131890353966216 -0.06177922459314627 0.7983298300722634 0.07861803252125797
5 45 0.9600110149980428 0 0.0028563569564118703 0.47134699214102255 0.07816745905583847 0.11747576933309084 -3.133722193397256 -0.06256435292381668 0.6035688104792829 0.07909090415042005
5 45 0.9600110149980415 0 0.0028508366734069646 0.4817163823902765 0.04539243696636007 0.11747577305838178 -3.1337221933972477 -0.06256435292379997 0.6035688104793667 0.0790909041504199
5 45 0.9600110149980426 0 0.0028567575818856284 0.5150695024788505 -0.07108364434534592 0.11747575536325083 -3.1337221933972663 -0.06256435292381002 0.603568810479327 0.07909090415042008
7 63 0.9808150963897778 0 0.0012668539116348053 0.5018640277832803 -0.01161529825285907 0.034165680741275586 -3.1083555761608737 -0.0428040339966505 1.4185249811851592 0.0571469380689946
5 45 0.9600110149980418 0 0.002852559562816048 0.5145875989258444 0.07444876252120605 0.11747577398970484 -3.133722193397257 -0.0625643529238094 0.6035688104793322 0.07909090415041999
7 63 0.9808150963897793 0 0.0012688114278461688 0.40646214465797514 -0.05271577046469627 0.034165678878630715 -3.1083555761608834 -0.04280403399664201 1.418524981185175 0.05714693806899476
6 54 1.0469016112629932 0 0.17310084501486767 0.5235736424812129 -0.0030561959448463724 0.11614315289004873 -3.13189035396624 -0.06177922459314121 0.7983298300722625 0.07861803252125782
6 54 1.0469016112629945 0 0.1730984951208047 0.5132042522319592 0.02971882614462932 0.11614314916475717 -3.1318903539662455 -0.0617792245931612 0.7983298300723851 0.07861803252125825
6 54 1.0469016112629945 0 0.17310219066728835 0.556926762569786 -0.1195322772565538 0.11614313519491765 -3.1318903539662086 -0.061779224593150016 0.7983298300723105 0.07861803252125828
8 72 0.9955610830343318 0 0.0020291229755603065 0.5416651119122854 -2.4428184064867464e-05 0.05987420771831076 -2.3690683862729625 -0.15353076827021872 1.3649547231942418 0.05837711257361926
8 72 1.0033373561891559 0 0.00203837827297811 0.4462632287869805 -0.04112490039590176 0.05987420585566565 -2.3690683862730024 -0.1535307682702037 1.364954723194212 0.05837711257361955
6 54 1.0469016112629936 0 0.17310421242646493 0.5564448590167803 0.026000129609998472 0.11614315382137277 -3.1318903539662197 -0.0617792245931559 0.7983298300723078 0.07861803252125805
7 63 0.9808150963897787 0 0.0012618633092017408 0.49717543701828026 0.061834037739477814 0.0341656798099511 -3.108355576160866 -0.042804033996645244 1.418524981185159 0.05714693806899436
7 63 0.9808150963897797 0 0.001273485439019093 0.4868060467690293 0.09460905982895597 0.034165676084662464 -3.108355576160836 -0.042804033996638305 1.41852498118513 0.057146938068995706
7 63 0.9808150963897797 0 0.0012729363381808745 0.5305285571068589 -0.054642043572226136 0.03416566211482727 -3.108355576160882 -0.04280403399663717 1.4185249811851766 0.057146938068995706
9 81 0.9658966390947998 0 0.0013075109550001766 0.5028189797750021 -0.04797580619170444 0.030625037195656495 -2.4095656032954267 -0.17920858887755944 0.46103962497659257 0.07486838736524906
9 81 0.9901438707123503 0 0.0026461701817447653 0.45426409057391426 -0.07219675917019883 0.10377874834366173 -2.6413048155695185 -0.027585333214293586 0.6281330856044709 0.04322270784505517
8 72 0.9439356079277088 0 0.0019137889170426775 0.45490091639036945 0.06257828352672634 0.007580230782700627 -3.0801761638837517 -0.15805845750681882 0.40485202224036443 0.05621509127702466
7 63 0.9808150963897792 0 0.0012625760182299731 0.5300466535538501 0.09089036329432507 0.03416568074127729 -3.108355576160883 -0.042804033996641136 1.4185249811851715 0.057146938068995214
8 72 0.9955610830343333 0 0.0020349598966575132 0.5266071308980347 0.1061999298977504 0.059874203061697835 -2.3690683862728728 -0.15353076827019493 1.364954723194262 0.05837711257362063
8 72 1.0033373561891563 0 0.0020331268509511157 0.5703296412358642 -0.04305117350343273 0.059874189091864136 -2.369068386272998 -0.15353076827019782 1.36495472319421 0.05837711257362102
10 90 0.9702803108103167 0 0.00164037711909232 0.3851412275269913 -0.13389990498179552 0.04374245252358237 -2.8754683991623913 0.1718695968028277 0.578544260733012 0.045439367279796174
9 81 0.9658966390948014 0 0.0013023159670969425 0.48776099876075063 0.05824855189011244 0.030625032539045995 -2.4095656032954516 -0.17920858887756974 0.4610396249765244 0.0748683873652494
9 81 0.8206293312726289 0 0.0017795007323510382 0.5162189089773712 0.021440949332850495 0.058930492866169026 -2.9057611888252066 0.14399643043495575 1.5288345462504138 0.062180779757213214
11 99 0.9629216191995716 0 0.002249153656084005 0.37691638478643696 -0.1383454397809942 0.06746114307657115 -2.9956503003865667 -0.06426717844495171 0.9108267083903618 0.07395135441202412
10 90 0.8857070582603391 0 0.0010843262016845974 0.5195999907415796 -0.03960476279043143 0.022275053242674682 -3.1381458609016297 -0.30106787358010634 0.9809917464617672 0.06518023992899115
9 81 0.9901438707123511 0 0.0026470221441440103 0.5783305030227976 -0.07412303227773091 0.10377873157986062 -2.6413048155695087 -0.02758533321428698 0.6281330856044633 0.04322270784505741
8 72 0.9439356079277091 0 0.001211279662492871 0.48777213292593946 0.09163460908157503 0.007580231714024908 -3.080176163883732 -0.15805845750681488 0.40485202224037575 0.056215091277024655
10 90 0.88570705826034 0 0.0010904261543110715 0.5045420097273292 0.06661959529138554 0.022275048586062926 -3.138145860901625 -0.30106787358010223 0.9809917464617375 0.06518023992899143
10 90 0.7289711996298519 0 0.0014550864972422493 0.47564247528465925 0.052578350145921535 0.04920941394599555 -3.1034098231129406 -0.07813781793962601 1.2667057312347514 0.05456792227823533
10 90 0.9702803108103177 0 0.0016545648102533547 0.5092076399758733 -0.13582617808932518 0.0437424357597756 -2.8754683991623993 0.171869596802829 0.5785442607330213 0.04543936727979716
11 99 0.8154028175505741 0 0.0019925062712420625 0.5106978535999926 0.05569901071997745 0.06268154784103772 -2.4879728696548358 -0.10267268771883624 1.3126943378718612 0.07543580513179196
9 81 0.8206293312726289 0 0.0017787343487010688 0.5490901255129405 0.050497274887696564 0.05893049379749538 -2.905761188825271 0.1439964304349552 1.528834546250416 0.06218077975721428
11 99 0.8154028175505733 0 0.0019908110891922 0.5257558346142449 -0.05052534736183779 0.06268155249764992 -2.4879728696548367 -0.10267268771883375 1.312694337871915 0.07543580513179159
12 108 0.8562339986355595 0 0.0013726831696627207 0.4067004900265651 -0.08420552159453729 0.047014645960524445 -3.1383680440679576 0.12357945930261746 1.0854103547963805 0.049585387043536225
10 90 0.7289711996298518 0 0.0014549995628928521 0.5085136918202288 0.08163467570076907 0.04920941487732048 -3.103409823112936 -0.0781378179396221 1.2667057312347607 0.05456792227823594
11 99 0.6581829545660884 0 0.0014361728608023496 0.469970129179607 0.02623807695873416 0.04219256430231986 -2.696171636377452 -0.15410742764924198 0.12456657745210087 0.06487531893417291
12 108 0.7587252535166248 0 0.0020512275277719647 0.5301454750392235 0.057135267529576025 0.0525404423354183 -2.2417387134364732 0.06476563986264387 1.1501688000185535 0.07320457794714093
13 117 0.8311299189860732 0 0.00163038153757983 0.4277575882520677 -0.11742770506461433 0.021104241892843642 -2.4393513862268117 0.3684737574067194 1.4615305655180142 0.048389131824244244
12 108 0.6545252902319139 0 0.0012595662947326568 0.5049199563742364 0.013254306965413415 0.03674387658060311 -2.221631523608183 -0.15033917328489457 0.5959018933122833 0.031840123528300186
11 99 0.962921619199573 0 0.0022575468731180536 0.5009827972353167 -0.14027171288852397 0.06746112631276005 -2.995650300386575 -0.06426717844495572 0.9108267083903978 0.07395135441202438
11 99 0.6581829545660884 0 0.0014302679023458589 0.502841345715176 0.05529440251358233 0.04219256523364246 -2.696171636377472 -0.15410742764924473 0.12456657745208743 0.06487531893417273
13 117 0.6633481010970345 0 0.001761633813650117 0.5121560366477793 0.02699353541037812 0.03102136713512832 -2.653569630197673 -0.2297995631635562 0.8549253709022578 0.07692364624769898
12 108 0.7587252535166242 0 0.0020541038076850927 0.545203456053476 -0.04908909055223827 0.05254044699203059 -2.241738713436474 0.06476563986264189 1.1501688000186212 0.07320457794714011
12 108 0.6545252902319136 0 0.0012644991055814547 0.5377911729098062 0.04231063252026235 0.0367438775119272 -2.2216315236081927 -0.15033917328488783 0.5959018933123024 0.0318401235283002
14 126 0.8954929259095998 0 0.002356518878505538 0.44184015080227734 -0.13991156083318346 0.06480279716429564 -1.9976841644388348 0.314567822179059 0.39955612835766674 0.04834188116876677
13 117 0.6024223710435581 0 0.0015524548723578316 0.4911078415616366 -0.002085069196232789 0.037672382629609855 -2.258993070884746 -0.19869395874356666 0.12653397479094208 0.05660201827422277
13 117 0.6024223710435581 0 0.0015569613729252262 0.5239790580972055 0.026971256358615643 0.037672383560932 -2.2589930708847645 -0.1986939587435687 0.1265339747909296 0.05660201827422236
12 108 0.8562339986355604 0 0.0013801227606693636 0.5307669024754484 -0.08613179470206778 0.04701462919672027 -3.1383680440679598 0.12357945930262207 1.0854103547963823 0.04958538704353754
14 126 0.604716860369706 0 0.0015359276178727858 0.48650526852576637 0.07865140516925781 0.04843118033060819 -2.9515216405489557 -0.22139194537882922 1.2402758123995747 0.07287880354525897
13 117 0.6633481010970338 0 0.0017706817947137003 0.5272140176620316 -0.07923082267143862 0.031021371791739766 -2.653569630197706 -0.22979956316354483 0.8549253709023272 0.07692364624769882
14 126 0.5854219039113717 0 0.0015701992208434778 0.5371482599488496 0.03152619426178682 0.050107501947687635 -3.0537846090444387 -0.20315218180892805 -0.8039412211599014 0.0568763798795923
14 126 0.5854219039113717 0 0.0015733459497270024 0.5042770434132801 0.0024698687069377168 0.05010750101636517 -3.0537846090444303 -0.20315218180892608 -0.8039412211598944 0.05687637987959294
15 135 0.9426740530009298 0 0.0021853914065121474 0.433877894487381 -0.11126796070784452 0.07174697625397077 -2.1036603396590157 0.2760587995235363 0.829448069429936 0.06916416735673048
13 117 0.8311299189860745 0 0.0016219532726890254 0.5518240007009506 -0.11935397817214521 0.021104225129037132 -2.43935138622681 0.36847375740672067 1.461530565518029 0.04838913182424588
15 135 0.5978422546143435 0 0.0012770704200847718 0.4979729197364293 0.04133308449317737 0.03201445253075124 -3.084321492830808 -0.12201509509506472 -0.9183806872637958 0.056545981693518405
15 135 0.633994131572959 0 0.001152545064991592 0.49882314664104566 0.0788148014541385 0.030175369560490772 -2.5446597805372013 -0.15445486657425522 -0.13144180385930193 0.07352926722561666
16 144 0.9347249719861093 0 0.002208049478718228 0.4445615592263558 -0.12144555659530873 0.07730653447401334 -2.2131109600211354 0.3074449471590154 1.5257847060234182 0.02963212915528589
14 126 0.6047168603697054 0 0.0015334019559243206 0.5015632495400176 -0.027572952912558353 0.048431184987220266 -2.9515216405489464 -0.2213919453788291 1.2402758123996032 0.07287880354525875
16 144 0.6416855978704404 0 0.000974089983234897 0.4939233133780259 0.09804001091244563 0.01223480024229609 -3.0681694888071855 -0.3465537879077024 0.17707691895298208 0.07170820984099863
15 135 0.5978422546143435 0 0.001269974146889856 0.4651017032008597 0.012276758938327834 0.03201445159942915 -3.084321492830781 -0.122015095095064 -0.9183806872637896 0.05654598169351906
17 153 0.5843444266234471 0 0.0014097527822327786 0.5040476751699414 0.05763855229397477 0.031031157031961798 -2.797522447916813 -0.37336807654119447 0.9804141870285884 0.07591966799695851
15 135 0.6339941315729586 0 0.001153583341408464 0.5138811276552974 -0.027409556627679434 0.030175374217101057 -2.5446597805372533 -0.1544548665742475 -0.1314418038592674 0.07352926722561648
16 144 0.5825756939168044 0 0.00071466826106395 0.5355381021507124 0.04573563579081426 0.005109101614844437 -3.0437778678326146 -0.2353264463305573 -0.8510916222418744 0.04824556119823715
14 126 0.8954929259096015 0 0.0023654359593005005 0.5659065632511591 -0.1418378339407144 0.06480278040049199 -1.9976841644388434 0.3145678221790563 0.39955612835769516 0.0483418811687686
16 144 0.5825756939168047 0 0.000715469681370682 0.5026668856151427 0.016679310235964244 0.005109100683521925 -3.0437778678326155 -0.23532644633055894 -0.8510916222418816 0.0482455611982378
17 153 0.8840071659462525 0 0.0010229861921372335 0.4374604956962849 -0.07575921244945402 0.008323545139962404 -3.1166295334688012 0.28465009105519107 0.7934816113549193 0.03944563618231231
16 144 0.64168559787044 0 0.0009776979220683945 0.5089812943922764 -0.008184347169372753 0.012234804898906576 -3.068169488807211 -0.34655378790770014 0.17707691895298924 0.07170820984099868
17 153 0.5399298117639397 0 0.001286191850858498 0.533104228637128 0.03487475069182747 0.025904112178438816 -2.3713458297355494 -0.14138349158905683 -0.2545539637846822 0.055790050069931416
18 162 0.5404991983270914 0 0.0012725169821888609 0.5136213222750404 0.05911971218187182 0.02593313834750437 -3.1354766844801674 -0.3639126827454583 0.4153424307951324 0.07938195572968602
15 135 0.9426740530009315 0 0.002194759978482299 0.5579443069362623 -0.1131942338153776 0.07174695949016763 -2.103660339658996 0.2760587995235353 0.8294480694299786 0.0691641673567316
17 153 0.5399298117639393 0 0.001282956619219226 0.5002330121015578 0.00581842513697825 0.025904111247118337 -2.3713458297355414 -0.1413834915890557 -0.25455396378468065 0.055790050069931506
18 162 0.8179498211274796 0 0.0016148888530940118 0.3892299008636664 -0.06564153152163903 0.05859539124602901 -3.120058697344893 0.21335666428867642 0.967961994235403 0.053197480843208717
19 171 0.5667424230727945 0 0.001281360568772544 0.5047073619281424 0.041104083418206754 0.01725030073521626 -3.102307595796035 -0.15800528471070507 1.2698324246866957 0.0782684907868498
17 153 0.5843444266234469 0 0.0014020966981531263 0.5191056561841928 -0.04858580578784244 0.03103116168857305 -2.797522447916841 -0.37336807654119275 0.9804141870286187 0.07591966799695854
16 144 0.9347249719861116 0 0.0021996080633181585 0.5686279716752387 -0.12337182970284016 0.07730651771021034 -2.213110960021175 0.3074449471590103 1.525784706023412 0.029632129155287165
18 162 0.5302581062521013 0 0.0007986742525256148 0.5463079326866137 0.06824193087083955 0.005552883047212624 -3.060473224705025 -0.2364905105884287 0.15687932591089043 0.05704353353676635
19 171 0.7076861394421482 0 0.0014351342131921055 0.4034112209082022 -0.09773430276565545 0.05372361419551682 -2.183564882649104 0.225621230098722 1.2698451887058704 0.049859977875653556
18 162 0.5302581062521011 0 0.0007965214303113584 0.5134367161510438 0.03918560531599055 0.005552882115889481 -3.060473224704979 -0.23649051058842924 0.15687932591088222 0.057043533536766264
20 180 0.5158264061191571 0 0.0013472899096897367 0.4991401287801814 0.06960486731010733 0.03145140891500599 -2.692039864467306 -0.3526108970350364 0.9705042201738147 0.07701533192278337
18 162 0.5404991983270913 0 0.0012713230410133273 0.5286793032892922 -0.04710464589994608 0.025933143004114416 -3.1354766844801847 -0.3639126827454506 0.4153424307951779 0.07938195572968601
19 171 0.4732510931188863 0 0.0011849964028128957 0.5583978424559205 0.03854382844002996 0.017579028904254414 -3.058499533980916 -0.04926776362188595 -0.06069586702482713 0.05156947901770452
17 153 0.8840071659462541 0 0.0009909954315438776 0.561526908145169 -0.07768548555698437 0.008323528376158129 -3.1166295334688003 0.2846500910551964 0.7934816113549217 0.03944563618231368
20 180 0.7038069749270581 0 0.001053768291650105 0.3937568611116769 -0.09130288664656888 0.026570173160978372 -2.7931054738266736 0.04155039453455789 1.3147717593198451 0.05381408835287269
19 171 0.4732510931188862 0 0.0011822707683956273 0.525526625920351 0.009487502885181423 0.017579027972931364 -3.058499533980946 -0.04926776362188584 -0.060695867024826836 0.05156947901770431
20 180 0.46265141914456115 0 0.0006898060700534489 0.5170560929959652 0.07410933295505735 0.014047874916357133 -2.667540784638678 -0.11980223267213105 -0.47009061678019215 0.03780720791182632
21 189 0.7427558679486492 0 0.0010028163510510987 0.39462704124618064 -0.06351818293662675 0.03084757729938795 -3.095108240106136 -0.15090423920341617 1.2139843444020648 0.03730317326933717
19 171 0.5667424230727943 0 0.0012730159127868953 0.519765342942395 -0.06512027466360895 0.017250305391827973 -3.1023075957960224 -0.1580052847106947 1.2698324246867736 0.07826849078684955
18 162 0.817949821127481 0 0.0016227463792176664 0.51329631331255 -0.06756780462916884 0.05859537448222366 -3.1200586973448896 0.21335666428867972 0.9679619942353966 0.053197480843209674
21 189 0.5179473260960703 0 0.0009737063566054635 0.4773223203372564 0.06414691310873921 0.00849782710489196 -3.016475438941076 -0.3445354714135141 1.1799393267781557 0.07652100559183672
20 180 0.4437582345565957 0 0.0007958322610430016 0.5132539117995532 0.027620089753501154 0.0036768795371238117 -3.1375045633446725 -0.1574395786929873 -0.7506226056822982 0.05681207653663114
21 189 0.4147416739090208 0 0.0008836924708130213 0.5256711017453487 0.07703677861182646 0.01700037174953003 -2.8506752220352647 -0.10083953953309757 0.12313980328591023 0.05784447390768472
21 189 0.41573907684285877 0 0.000774519688210695 0.49378227757097976 0.042969096430549955 0.008826145203038663 -2.9892776506025114 -0.2057807426116506 -0.9471754511195896 0.05602104658067268
22 198 0.7105110062217465 0 0.001041507959208743 0.4050835399246841 -0.0908948657365791 0.025012877349286484 -3.1323277063616186 -0.1355863272417343 1.1546914600258016 0.0525621902689952
20 180 0.5158264061191568 0 0.0013440305222480276 0.5141981097944321 -0.03661949077171049 0.031451413571616994 -2.6920398644672683 -0.3526108970350419 0.9705042201738395 0.07701533192278341
22 198 0.39371790046246474 0 0.000958212776928903 0.5121819782796202 0.007541681409716394 0.012350210321868286 -2.947180861603026 -0.19940958003389397 -0.6187719308228589 0.04884650654846663
22 198 0.41473744143837493 0 0.0007876843970968431 0.5113396234141449 0.07666014801560685 0.01051807054961322 -2.914662789944088 -0.02577425019270692 -0.6917806583573254 0.0490859543704741
19 171 0.7076861394421494 0 0.001427360736311288 0.5274776333570849 -0.0996605758731858 0.05372359743171182 -2.183564882649116 0.22562123009872428 1.2698451887058613 0.04985997787565442
23 207 0.6712754388377604 0 0.0008784825346789813 0.4216321498304951 -0.052491823525972675 0.001618977302965792 -3.116576801627146 -0.0069430136574267776 0.8577210841410833 0.05157195867584932
22 198 0.5397566618020071 0 0.0009670070957397769 0.47285755247594186 0.093073081642335 0.008304359187468498 -3.1001958896389694 -0.23209903152862246 1.3718311166209245 0.07633259289649674
21 189 0.5179473260960695 0 0.0009669698071181666 0.4923803013515077 -0.0420774449730778 0.008497831761503916 -3.0164754389410726 -0.3445354714135074 1.1799393267781983 0.07652100559183665
23 207 0.3490475385026151 0 0.000957716844734385 0.496945888426599 0.035948195791736304 0.028092418893335087 -2.432940747827828 -0.16164603881395503 -0.11108360530692107 0.048563165642647135
23 207 0.3822592955991346 0 0.0007080724788353814 0.5217766849935088 0.07236092150216626 0.002343016833382493 -3.1222413909888034 -0.08398431042866322 -0.23928674150822132 0.05740089803340148
20 180 0.7038069749270593 0 0.001044856811716948 0.5178232735605598 -0.09322915975409828 0.026570156397172147 -2.793105473826671 0.04155039453456025 1.3147717593198451 0.053814088352873345
23 207 0.5452915122561194 0 0.0008938468186104992 0.4829307749185861 0.08551181260602297 0.003972447344675799 -3.1096486214797685 -0.1935898699176082 1.5235368025038976 0.0755580550608892
24 216 0.3133352088330002 0 0.000822806366732945 0.5047594669541144 0.03183379806321378 0.010504788686446206 -2.958656686425588 -0.1722012702053004 -0.1781096321309495 0.05486069153002045
24 216 0.6273924062964885 0 0.0012499983041969448 0.4103147687734368 -0.09081555010814615 0.027215766624616965 -2.6809580273005365 0.009106787930161852 0.9345285340437537 0.06633498538204355
22 198 0.539756661802006 0 0.0009632243260552147 0.4879155334901931 -0.013151276439481285 0.008304363844081017 -3.100195889638974 -0.23209903152861872 1.3718311166209545 0.07633259289649656
24 216 0.3591086427824277 0 0.0008891164156470359 0.5370769324382288 0.05177639732071855 0.018759788188373507 -2.786091866023388 -0.033022525011197165 -0.8087945939287925 0.04506585998627792
21 189 0.7427558679486506 0 0.0010099020253622225 0.5186934536950653 -0.06544445604415525 0.030847560535583816 -3.0951082401061463 -0.15090423920340773 1.213984344402039 0.03730317326933807
25 225 0.3152090316731248 0 0.0007615170314046996 0.5059382703363874 0.04585356777267758 0.010119901429667797 -3.048087017150492 -0.15409433295923428 -0.09871081654107638 0.04809854856704913
24 216 0.5330109991819391 0 0.0012494121885968839 0.47538781577951394 0.08783197206547444 0.029232984381332025 -3.0302984784612197 -0.19524852671729684 1.534605360576578 0.07613553899596566
25 225 0.339178664000938 0 0.0007433319761215851 0.5074767349514132 0.06924262936102796 0.001873702328942949 -3.1077129735960187 -0.047742581141636604 -0.591569449751256 0.056813000519368155
25 225 0.6313231667877565 0 0.0009409986744038889 0.39420066684046184 -0.06338338123942483 0.022422002848892147 -2.837594434579098 -0.1370618165396521 0.9644889913269437 0.05476047442147351
22 198 0.710511006221748 0 0.0010396080249256568 0.5291499523735674 -0.09282113884410824 0.025012860585479284 -3.1323277063616186 -0.13558632724173258 1.154691460025811 0.05256219026899579
26 234 0.302243176960542 0 0.0007898392196722665 0.5063818668327564 0.041661287797807936 0.014643437989164391 -2.8873956104035354 -0.18150300364010055 -0.44459677746067483 0.048127285737978844
23 207 0.5452915122561183 0 0.0008915468765383965 0.49798875593283753 -0.020712545475792734 0.003972452001289024 -3.1096486214797583 -0.1935898699176066 1.5235368025039138 0.07555805506088892
25 225 0.5104860131887086 0 0.0009229187570520854 0.4666057702597689 0.07022339879086062 0.004542113139307361 -3.1380663147601444 -0.17410792768995573 1.5391519029269314 0.07824881354065441
26 234 0.3270404711947538 0 0.0007904690649731571 0.5074177220079654 0.06626918173171617 0.0056399285206766596 -3.140817578999086 -0.015448603700053635 -0.18899585945460196 0.059232368706332444
23 207 0.6712754388377622 0 0.0008684850350271054 0.5456985622793797 -0.054418096633502194 0.0016189605391609858 -3.1165768016271542 -0.006943013657422628 0.8577210841410939 0.05157195867585038
27 243 0.2818006804201463 0 0.0008367041834520507 0.5132319868757705 0.0454126821820868 0.0151100285591306 -2.7963645827907455 -0.17262780111898365 -0.14566179279884361 0.04886469389711218
26 234 0.6570797013721664 0 0.0012138645548630494 0.3982301492379512 -0.07129790387712868 0.03687007208092358 -2.7927295171822144 -0.15512991621502098 -0.11031582484514191 0.06154918126092093
24 216 0.5330109991819382 0 0.0012418917314293131 0.49044579679376543 -0.01839238601634134 0.02923298903794547 -3.030298478461209 -0.19524852671729434 1.5346053605765853 0.07613553899596545
26 234 0.4602673323581325 0 0.0009012727897217107 0.4859117420473875 0.06969056274320969 0.003958686987477972 -3.081123644660874 -0.19660007918227404 1.3074821316416385 0.07627951751859358
28 252 0.28479795067052616 0 0.001008297668761481 0.5059044129314068 0.02925676652990155 0.023394172412867047 -3.0205462120899416 -0.15994388455471545 0.29790827082409616 0.05076436272604793
24 216 0.6273924062964926 0 0.0012407480250073133 0.5343811812223195 -0.09274182321567652 0.02721574986080755 -2.680958027300539 0.0091067879301606 0.9345285340437409 0.06633498538204416
27 243 0.3289858230637978 0 0.0007930070594535935 0.5235946237763828 0.0756594373905426 0.01272982405750085 -2.7603237695069294 0.11545154866528445 -0.02848592663413907 0.055300075218863744
27 243 0.674575699155434 0 0.0008754108685779294 0.393562019582079 -0.05939169008664076 0.01450227965276554 -3.089411969158627 -0.17010666960972196 0.46128511582088283 0.05719267745731697
25 225 0.5104860131887081 0 0.0009130366731041437 0.48166375127402095 -0.03600095929095507 0.004542117795920432 -3.138066314760147 -0.17410792768994732 1.5391519029269285 0.07824881354065426
27 243 0.4384590489901597 0 0.0009230434795114312 0.473748441876241 0.08967139163368266 0.0052090659811713045 -3.1412421894828415 -0.21519690539200764 0.9134929891388099 0.07684041909741282
28 252 0.3168213454476544 0 0.0008698736650972369 0.5242043672488577 0.07563524947691257 0.01856355774863326 -3.0043824407023565 0.008089817201458536 -0.7375866305526545 0.049592690937295736
25 225 0.6344881915185869 0 0.0009434874541858881 0.5182670792893456 -0.06530965434695413 0.02242198608508717 -2.8375944345791106 -0.13706181653964633 0.964488991326925 0.054760474421474484
29 261 0.29915357374638357 0 0.0008903118849746051 0.5235618350659849 0.027407840137448895 0.012016189454585784 -2.8602967825147543 -0.20924691846617818 -0.027918099018969026 0.04092969030300226
28 252 0.6378908155117093 0 0.0011818999262919409 0.4099602338341725 -0.07179626125100363 0.03868278795526205 -2.917332783396108 -0.10739612776916227 0.2733344674366385 0.04431084598049805
26 234 0.460267332358132 0 0.0009006254707456968 0.500969723061639 -0.0365337953386054 0.003958691644091597 -3.081123644660897 -0.19660007918227218 1.3074821316415872 0.07627951751859327
29 261 0.3154753793481207 0 0.0007838408247752366 0.5190217991644687 0.07503696330381274 0.012027545968413999 -3.1141567701189588 -0.02521855804539726 -0.8881662341784695 0.04913823829325907
28 252 0.42916757628812363 0 0.0012557966471968237 0.4451635939536642 0.0993127663057399 0.018048901577489267 -3.1406421725236693 -0.11987143281087531 0.806330800539578 0.07839266233016287
30 270 0.3132670744973632 0 0.0007401878595652069 0.5037491312934455 0.050426638018870276 0.011495151739610899 -3.0722357456778506 -0.1945355830138335 0.3523500109143967 0.04303259152335073
26 234 0.6610420369511231 0 0.0011943904569097243 0.5288578737189443 -0.06934408139721984 0.037490056073390975 -2.6915804698002925 -0.15621842135822883 -0.1347816198000582 0.06203564283400824
29 261 0.5962073627771469 0 0.001147602013469002 0.41538816318351224 -0.07869462991107201 0.027021361001319397 -2.7887808501325644 0.1293188951723397 1.1009341359721019 0.05270185172857466
27 243 0.44085731263975103 0 0.0009261001639973218 0.48880642289049214 -0.016552966448132034 0.005209070637785923 -3.141242189482844 -0.21519690539200836 0.9134929891387771 0.07684041909741259
30 270 0.31211393919689684 0 0.0007928568683558604 0.5187351331797765 0.07504638132023603 0.013340297537063301 -2.836014431100305 0.06565962598845215 -1.1546427858835473 0.04941911561769366
31 279 0.30482200924791186 0 0.0008361716815319807 0.5189653125878004 0.03995637247385465 0.01179255845608673 -2.999931273174878 -0.1470712831728879 -0.03836214768681956 0.04255138749840506
29 261 0.42105001040059886 0 0.0009865032506144638 0.46033575564453405 0.08130135567643433 0.013448532870603694 -3.005475824706957 -0.12362875839975208 1.1933960029836512 0.07326893754344649
27 243 0.640973479437596 0 0.0009092139507421855 0.5227192321001538 -0.05783412790339859 0.015053075585205172 -3.129241628532487 -0.17683573128997168 0.396180967174788 0.05771797087639026
31 279 0.30633146407139605 0 0.0006569176026163358 0.527700578362646 0.06299912243493169 0.002023908363502981 -3.1361923820478927 -0.003153904362730839 -0.9212056451165753 0.05158596460290933
28 252 0.40279955402991197 0 0.0009524542909163942 0.48973166656563005 -0.027719343677732017 -0.0014834235232993338 -3.1175995616868253 -0.17461103934798589 1.2689736214339238 0.07566600011181189
32 288 0.30942615355717684 0 0.0007963343640538957 0.5085749106438524 0.04155036684973896 0.01930483844780016 -3.0548082157625225 -0.2195308447954174 0.14692340510212615 0.03228153753324693
30 270 0.5783407518105834 0 0.0007442190131748555 0.3842433843162725 -0.0743933526879112 0.01609136265058793 -2.9891914197059646 0.08450630978827368 1.055431291427783 0.03875578208117518
28 252 0.610957075946302 0 0.0011202933090727182 0.5531753042169792 -0.09096638559199297 0.018117991909306852 -3.042716204085532 0.06371874234439287 1.5306879130225448 0.06372500661099378
32 288 0.28833038586197735 0 0.0007846826230115398 0.516747447683762 0.0737064353809525 0.013408870003141334 -3.1381105860067278 0.039680116300290585 -0.813977942420011 0.04709548695907044
30 270 0.3969367288988079 0 0.0009659642576059277 0.47331400679900626 0.06575122705330597 0.009646417392609012 -2.9814380403607963 -0.08967905266394127 0.9333258133915809 0.07495041804038852
33 297 0.322868953410185 0 0.0008183254410775976 0.517030159363363 0.0445423971817143 0.016457133376406596 -3.081516915210601 -0.1876239694895599 0.35912147946795947 0.030894593348505514
29 261 0.3618845887006987 0 0.0010088962303288652 0.49283081755366814 -0.018551323790081616 0.010238571409778106 -3.140469247273859 -0.13991067219390596 1.2491652411023024 0.07846563774708495
31 279 0.5915287005171169 0 0.0010144227125974366 0.4032312854040069 -0.03843246728511959 0.011350576915470499 -3.1141091235903353 0.2613878060527886 0.7780088690987301 0.040063318739978926
33 297 0.28876051359311594 0 0.0007313433080370937 0.5207876189690656 0.07694084245015616 0.010248951577159864 -3.118878985370975 0.025680740475109043 -1.1805437006562014 0.04620672180761144
29 261 0.6102900624990915 0 0.0010435572259898966 0.5160876105000689 -0.07235233152567402 0.023797585006514924 -3.099168786485652 0.12255038369940924 1.5355221380924555 0.059165573720798184
34 306 0.3265586268957223 0 0.0007532184133724087 0.5156294833156232 0.03957656651866763 0.014016058267289851 -3.104582491626703 -0.13800339750507992 0.2957983207367374 0.026776189754589008
31 279 0.4016824927693463 0 0.0009423473616913886 0.46409312837448 0.06384430430072192 0.00973886103115471 -3.0805045736098275 -0.13587794730937755 1.3526649367992154 0.07091715161052427
32 288 0.5705176318330841 0 0.001135512936730897 0.39377988539401887 -0.04951235077274487 0.029468429318311607 -3.111883755892743 0.03780613334092431 1.2453985784869679 0.04468316994266744
34 306 0.27872325043169005 0 0.0007028192005851326 0.521068451921254 0.07542624797475263 0.007240935930606077 -3.128841929342147 0.06314222208062623 -1.0095230619162305 0.0487103372846532
30 270 0.36513642507211913 0 0.0008979798780690769 0.506061157744487 -0.022544488599361208 0.0025622908116112626 -3.1177187976066074 -0.1574454828468544 0.5849874871508147 0.07633857375302358
35 315 0.30076223461039625 0 0.0006858505968649844 0.5108000963068794 0.03507261947846473 0.012430717667934583 -3.136176402169115 -0.17007569027150068 0.2031814823704151 0.02782551870138543
30 270 0.6273767574386881 0 0.0009042875919581507 0.498791491340422 -0.10667866863835102 0.0174546466974908 -2.9442384243053716 0.264803021232581 1.2587195027950935 0.04530254889376963
35 315 0.3090559717006013 0 0.0006506161680903235 0.5104270299895085 0.06916957806739865 0.004133763285001804 -3.1406905173400097 0.11649909941092898 -1.3456497650681993 0.04707559867911453
32 288 0.3776039711126255 0 0.001065409273481883 0.4698280565104367 0.07493261803944656 0.017786505362568573 -3.1184314469744785 -0.10105514230841013 0.8688499216879773 0.07446414221080931
33 297 0.5296561348848748 0 0.0010462806245324172 0.41126776412834737 -0.07212933446054365 0.02694563642155874 -2.954098188053024 0.2840037555647801 1.5368598584109328 0.04630488285121151
36 324 0.29252576254004203 0 0.0006906179257016821 0.50940858393684 0.04179429765856299 0.013396069212271895 -3.068674966280436 -0.19264489243580646 0.4461462848427814 0.02783900287775428
31 279 0.3821573057284405 0 0.0010238873508096205 0.49482484362155804 -0.05163587445610719 0.012175371456574107 -3.0308214694459052 -0.13882958364228715 0.5056043340534297 0.07410048533938869
36 324 0.29962155446787697 0 0.0007898764595403477 0.5195836373687723 0.07200729555714118 0.01415086914126219 -3.0483769691689617 0.06075688921083945 -0.8693992441208516 0.047647441036198536
31 279 0.6397168350876924 0 0.000986157078856266 0.5300903834685828 -0.07359691058020056 0.028922640360468006 -3.1256023591077606 0.18268197600059105 1.0853706619883148 0.03512004459980378
37 333 0.2873784844556642 0 0.0007933075399221118 0.5105884139188095 0.05004695477300664 0.01959157101785623 -3.109201784352684 -0.16596184520205184 0.8145989739553601 0.02195822904028815
34 306 0.48796965359472605 0 0.0008544159129547252 0.4011763696904787 -0.08628219265253512 0.02168381514581226 -2.948586259521647 0.2084967601373349 1.4658560028839205 0.03842307284269372
33 297 0.3300935905829538 0 0.0010289191989302146 0.46580338472893723 0.06834357716900342 0.01691867580221437 -3.099422427871294 -0.15174487046364432 1.5350580889921457 0.07185162105048183
37 333 0.2789735172662524 0 0.000637739061116966 0.5146345843582217 0.0755020068919517 0.0037996221972952868 -3.139285811692623 0.15619783088094813 -0.8927716000882561 0.0463417316630544
32 288 0.42112433795198556 0 0.0009445677834004855 0.5075653056062501 -0.05205631551970989 0.0014693596851017583 -3.1090402964439208 -0.0157363943760295 0.047503257920479935 0.07823664906335416
32 288 0.7286720007917163 0 0.0008873492430769629 0.5332099058737548 -0.08212176619529134 0.007346687047455405 -2.9488329507727187 0.09995779163534911 0.3384014637209205 0.03427103941174852
38 342 0.2591811752715187 0 0.0007278063019686375 0.512827441602201 0.03250053599321396 0.013486041695131413 -3.1095025620640935 -0.15581145107576116 0.31748218244313703 0.028037673823071374
35 315 0.4956268169933331 0 0.0008824677967198735 0.37253909632170235 -0.06949674934623062 0.020988838927329216 -3.0842733713218076 0.1253936082018089 1.3175935585542646 0.03483615791677142
38 342 0.2531907085479079 0 0.0006351304599550333 0.5169603062681634 0.07355347492625908 0.008492838544934619 -3.1339065762950624 0.1531304008237406 -1.539341402186946 0.03955294483814014
34 306 0.31562955974409274 0 0.0009262397826122545 0.46670279590423985 0.06571941820308956 0.0055999720304265276 -3.080510945269557 -0.18581067787655028 0.9652839495089396 0.07414035414565069
39 351 0.2584279250252959 0 0.0007177595365441481 0.5071354821247368 0.03454812772552889 0.011505220869980397 -2.906020741982529 -0.12068214130777084 0.2868160971968259 0.034304263142052795
33 297 0.42975994852022953 0 0.0008878076066672585 0.489239334307569 -0.03216826792211255 0.0026498979964235158 -3.055060614353728 0.03961329784923205 -0.34274447669102637 0.07753192401049314
36 324 0.4605390331109082 0 0.0006425695835811216 0.40181378085281927 -0.06185829470045729 0.006429836273566121 -3.0893579804563176 0.15143985399331364 1.329940968667552 0.03225837021836118
33 297 0.8237247626497287 0 0.001187222578582694 0.5214746901626836 -0.09409675519524305 0.024641601598430932 -2.3168250236710994 0.18110476466391234 -0.8469849636699691 0.051681150382593216
39 351 0.2246535315112711 0 0.0006463280814079061 0.520834345958601 0.06475905588179771 0.006086079633013644 -3.113944871253818 0.19912489523633614 -1.116235506330534 0.044112437202502394
40 360 0.22049067736738992 0 0.0007639347334007556 0.5059828761936015 0.041814466261355314 0.019170837739964034 -3.1101712114898725 -0.11326235364924978 0.3508476810619937 0.02518722398902487
35 315 0.3035775574204661 0 0.0008584015476062469 0.45498568818046403 0.07191127297276018 0.000259448277772174 -3.1248966496624044 -0.11984013656882034 1.3046581785619857 0.0727209297632749
34 306 0.39591264560930717 0 0.000999680035926021 0.47867475806632037 -0.03222333514310749 0.010441271889332995 -3.06479212287888 -0.031062403434971974 0.03455696582651502 0.07747919099870108
37 333 0.4130171145442703 0 0.0006817391768642472 0.39912601346705495 -0.053468787359291683 0.0052924007124168365 -3.127291780874082 0.11628523545802504 1.3535802092170275 0.029825823297598877
40 360 0.2110846728247452 0 0.0006122002695146613 0.5273343832784085 0.06470452424637388 0.005478879228442083 -3.1164007665712203 0.06534079057503853 -1.2827273512158803 0.04067756563113471
34 306 0.7868143554106009 0 0.0012036152234621018 0.535794796642982 -0.09610837390437693 0.03788919874196186 -2.5210860177484613 0.11879553932634584 -0.6517161829688041 0.04410345480477437
41 369 0.21439430108551613 0 0.0006961778367792651 0.5047408264926676 0.04469634998389668 0.014034131807546778 -3.0855391511330623 -0.10904793549555274 0.5686791602368166 0.02819878647748033
38 342 0.3809534787490783 0 0.0007120870676840643 0.4003532833847871 -0.0506699786947613 0.005434049284475585 -3.139045206255087 0.11754056224659774 1.4758997732377137 0.02850640839558187
36 324 0.2851956411617477 0 0.0008600427337766462 0.46627085159892445 0.06948106496828439 0.001061171650251437 -3.1235405870535673 -0.24375410469780484 1.3193995215444954 0.07435882576549542
41 369 0.19967626432720187 0 0.000573248397483934 0.5160291191019146 0.07824112395802692 0.0029487047360949735 -3.141001046054713 0.1636540529839369 -1.1590147605357293 0.039566424306589326
35 315 0.3806677935890129 0 0.0008827216800454555 0.48465340017655706 -0.04703671770249725 0.001092686517265384 -3.0859612965870076 -0.011183229308924104 0.20881326217454532 0.07648680980216231
42 378 0.2160541635575967 0 0.0006685001692083871 0.5005422779910964 0.04829655028833501 0.012693184292557032 -3.1109935025721205 -0.10793916180920418 0.6098899614478931 0.029349612853279625
39 351 0.33823142543960233 0 0.0008474977099371886 0.39580533797593737 -0.07720869714251731 0.023654595233279722 -3.0907214857127703 0.2134150936120166 1.4599716798611724 0.03428677496915093
42 378 0.18630267086525198 0 0.0005730896800831994 0.521624666318144 0.06899021106348704 0.0039224409134819 -3.1182081895934926 0.18160208941427014 -1.1732254271016942 0.03973746788996001
37 333 0.2558813216286098 0 0.0008810939635157311 0.4620593134582218 0.07214360068137503 0.0025498515814664493 -3.1253027505457567 -0.16554387693707717 1.1500402179279552 0.07408381393232136
35 315 0.7676356416996063 0 0.0013432272400562004 0.49355116401559324 -0.07613574899330466 0.041193389097192806 -2.855707903765993 0.3189187064845571 1.5107444243268366 0.06678594431014125
43 387 0.2078744443674652 0 0.0006661882502105648 0.5097441384090475 0.044765130404221115 0.010704031034350808 -3.1076310844129273 -0.10563513500083073 0.6331772255848925 0.025530384200262813
36 324 0.3715123815046524 0 0.0008596231180829608 0.48684985803679914 -0.03839111430650057 -0.0010793668860816425 -3.1065904445977344 0.08070081773868203 -0.11053822266718605 0.07894241599175024
40 360 0.32080249185453624 0 0.0007562329363649758 0.41463789596307604 -0.06222765030595602 0.006362911416603171 -3.00627018216248 0.1661265066171833 1.0793920700159443 0.024507431323601697
43 387 0.1638674800208563 0 0.0005793272104112785 0.5252089370403873 0.0666981191838216 0.0038152625664172983 -3.1106370080803547 0.14025007462680716 -1.299144083563509 0.04000446820470873
44 396 0.18304135842877836 0 0.000697077388432824 0.5074235309218569 0.04573620038406289 0.012822071884704158 -3.1396252463860317 -0.13230198429020684 0.496761735141107 0.02932032666461535
38 342 0.23536604527525654 0 0.000867374719796723 0.45976229452186274 0.08054193761832686 0.0019214076080950316 -3.136127885591758 -0.1921439850935371 1.0713808732489711 0.07305236485055897
36 324 0.6914041076418562 0 0.0012527599365461945 0.4893975242567228 -0.1127841170070058 0.016471798111384266 -2.747927360219108 0.24435847802018898 -0.3929267323390264 0.05500220645347201
37 333 0.35180568167728776 0 0.0009047320257543054 0.49254304248583847 -0.029600952472281013 0.0029709206180326443 -3.0750282007761176 0.05640210866771555 -0.4295649894103004 0.0787604236710068
44 396 0.14261859340552246 0 0.0005622349572917926 0.5185148184361641 0.07061251110507077 0.0047199837830439375 -3.1190584837667124 0.11775596962558921 -1.363433036985155 0.036775257017005236
41 369 0.30582369961275385 0 0.0005763965303954626 0.39444090258611747 -0.07145075704746423 0.006147158254321253 -3.1291555866781597 0.07208821151555576 1.5359904807899447 0.033960877098352736
45 405 0.17567987891522305 0 0.0006586596229435425 0.5031411982077519 0.05252103353523629 0.011486416515155189 -3.138929990039146 -0.059057333408784274 0.6528845073242098 0.023121650317536845
39 351 0.22423940548391189 0 0.0008975477181607337 0.46602886418429323 0.07998620254973136 0.005124215041380171 -3.1164396128565937 -0.2304486987112611 1.1149659398703797 0.07481191415449583
37 333 0.627734290624034 0 0.0009048960402147871 0.5366805234471751 -0.0798867339607759 0.004380931892531085 -2.993511898846977 0.12256291854163004 -0.09827868189230715 0.05144499273759822
45 405 0.12364987205282274 0 0.000590410938933815 0.5209486145382409 0.07395032398815225 0.006159712340276907 -3.1176426484768958 0.18208698978565196 -1.2527088091060266 0.0383724452448848
42 378 0.289730881264865 0 0.0006569964347665965 0.399616338747553 -0.07495544093550777 0.010542734482747769 -3.0922248617197714 0.0996105031110156 1.3168863323536801 0.036233509426603146
46 414 0.162820162580364 0 0.0006815903165592066 0.5004924596640414 0.05145876213087 0.013311746134552898 -3.124280523950502 -0.06363517324856119 0.8854632234074203 0.026134341448777902
38 342 0.33693276615195883 0 0.0009153025742756675 0.49227689177747563 -0.02219357972230586 0.004938538312614369 -2.969807445224982 0.021350087149311497 -0.10880488543626132 0.07931002106793578
46 414 0.12027141457326368 0 0.0005690774127769134 0.5215685536746264 0.07547917162038434 0.005617712704879953 -3.1318478649075705 0.17330351831691082 -1.3938417819521929 0.036313116397213276
40 360 0.2265739851048561 0 0.0008614471446209772 0.47691387158777876 0.07564631670389309 0.0007625291736343574 -3.1049754724378946 -0.13642585781118047 1.2339992369067088 0.07668856185643438
43 387 0.2561847990745449 0 0.0006642821376957824 0.4058350939714782 -0.06955624875655639 0.008073269401385232 -3.058304594518748 0.2119784478616968 0.9853191175784568 0.03455340211426159
38 342 0.5407202445259114 0 0.0007598602932561728 0.4997063870184334 -0.08432488082275945 0.00732855733196359 -3.1113387945612727 0.17583329487169078 0.4384677888408106 0.05070169817342582
47 423 0.15313230795713373 0 0.0006242219392014062 0.5034057075330581 0.0494270731008214 0.008133295665259728 -3.13976762629188 -0.08277578639214508 0.7254591641226841 0.029131743656686554
47 423 0.11708969241202771 0 0.0005426600090019279 0.5218533529977907 0.0727411456002756 0.004609165981088376 -3.0919331989458745 0.1936207082255603 -1.3137288168689343 0.03526714967572522
39 351 0.3056323544420929 0 0.0008603926359475345 0.49025836471674894 -0.0511651014298493 -0.0021045275803994404 -3.139287964731535 0.08633659218243278 -0.145043927415617 0.07871929756290492
44 396 0.25210011384883 0 0.0006138926767439593 0.396598209339182 -0.0721000216600236 0.010682375076629903 -2.813831330838364 0.1944159004538749 0.9131849841620793 0.030931963152063584
48 432 0.14459673728494826 0 0.0006312902307822678 0.5010465888222069 0.04526296115168032 0.009814164897319726 -3.1309908704842404 -0.07841568270910798 0.5782641004607736 0.03058318577197134
39 351 0.5144522644233371 0 0.000845463162796319 0.5195875741824443 -0.08271409293853509 0.016841418654559265 -3.1360718743401534 0.20322207682442228 0.07293594212658094 0.05066898228775231
41 369 0.23910520096350585 0 0.000860447406563044 0.4769762444866284 0.07397060079501687 0.00017952299633823814 -3.1401214219871414 -0.14362654075165462 1.2963799058615428 0.07734073571463372
48 432 0.12332517473167319 0 0.0005621413511624919 0.5216532045869916 0.07285227434467541 0.005941471379758569 -3.0880560048784353 0.20441598735795036 -1.3573055149145696 0.035545712561914446
49 441 0.13850425475167086 0 0.0006169127552130403 0.4983448411311972 0.045053551402896484 0.009962820328322766 -3.1148746873519753 -0.0669228392933872 0.6764880504369899 0.02983897413418618
45 405 0.23539932766472016 0 0.0006539700848240393 0.40574420164097263 -0.06955814183905105 0.009805804506564247 -2.9778246671624844 0.23314895270845248 0.8125940618833962 0.02866023261002191
40 360 0.4976605185316395 0 0.0006473024181812398 0.5200296441714725 -0.08337977401678769 0.010252490275947993 -3.0167343727383895 0.15519690617332788 0.16446823700383284 0.036561890458372756
40 360 0.30449693441530007 0 0.0008497134014682529 0.4984801616744729 -0.05194252558160825 -0.0027519742299374865 -3.123335936801231 -0.04448631469858998 -0.11968715441288813 0.07703851686174819
42 378 0.2289417690461565 0 0.0008568526062610182 0.4789010548309075 0.07252339352952276 0.00027147267182139087 -3.1310760464845075 -0.14055768441840982 1.2739351417921136 0.07671132855078179
49 441 0.12659508067663164 0 0.0005311470666205144 0.5219674960753901 0.07470156223747375 0.0055229142939851915 -3.064394192083143 0.21055656007975035 -1.47655035502278 0.03227098125886957
50 450 0.1444605076744148 0 0.0006137913188941382 0.4942774704957177 0.04538559897000861 0.00861461890300682 -3.1374022994843758 -0.03575016161307401 0.8007640537502625 0.033694539656370544
46 414 0.2128587608645549 0 0.000631520969417458 0.393502829595035 -0.06751108727660309 0.005935685703524673 -3.1206227458092286 0.16293459423182588 1.2922308761397803 0.034052814095743
41 369 0.4837140673817976 0 0.0006507756310475256 0.5287959684360831 -0.0758116252048983 0.012229082112896549 -3.015189604352598 -0.038637388537852035 -0.05047304647688966 0.033086433508329016
50 450 0.11817059601652972 0 0.0005339727938620515 0.5242230957976404 0.07025083716245852 0.003954941582380522 -3.0979271038312843 0.16080797043461165 -1.5256125303449464 0.035118587232405095
43 387 0.231644165059398 0 0.0008251737094741328 0.47527338973072436 0.07169495073975302 -0.0025292684418805715 -3.136768309789762 -0.046682618236555326 0.8629849182445459 0.07612813993068913
51 459 0.14064358394097698 0 0.0006102903653557198 0.4980091687586216 0.04574827278693803 0.007825799685646104 -3.081689929816461 -0.005852126553751516 0.7868882303078618 0.03203195153450703
47 423 0.20029971826179563 0 0.0006049467632743157 0.39484030005465187 -0.07161642221924643 0.007613959356971353 -3.137871120902639 0.17683254104589582 1.1332267160072687 0.03451638467426967
41 369 0.2746317234590825 0 0.0008671397557596496 0.49183346790166677 -0.05634113547004339 -0.0026252909329267152 -3.1275938548303994 0.07406813608016213 0.009744634751186254 0.0787979342030911
42 378 0.47291465718506825 0 0.0005975962114229743 0.5215940634595999 -0.07864131990609138 0.00978713962413395 -3.116700625559145 0.11706221133184173 0.34822567563419504 0.03101134064905163
51 459 0.11156793134334198 0 0.0005340638404667997 0.5195898163398351 0.07556125336821207 0.0048922715208181275 -3.0810802772531694 0.201551634265836 -1.472269278352931 0.03333517558943281
52 468 0.15671564051496692 0 0.0005925981737462953 0.5070177726871293 0.043299923677261515 0.004304251300136352 -3.123579903173193 -0.04939249444609427 0.4814899358510613 0.030259928098749923
48 432 0.1771165192829076 0 0.0005746725933424754 0.39885154157097696 -0.06883385558789233 0.0055744278407975694 -3.139865645288474 0.15961821938134396 1.2628796415262398 0.03185599073124736
44 396 0.2238173459227275 0 0.0008429389513700923 0.4782824362918596 0.07929386233126218 -0.00199627760524655 -3.1200633830905917 -0.0347016792277386 0.970396711418896 0.07666584549918108
52 468 0.117540687341484 0 0.0005392315473323765 0.5199590063880198 0.0757430658980225 0.004875015220004083 -3.0785079736622225 0.20454784895632142 -1.508798458974433 0.03151570043419431
42 378 0.2714938769686659 0 0.0008696315821848789 0.48869855743403773 -0.04485786872511876 0.00034407525462583344 -3.120291474848147 0.04056432103827215 0.30055039354649216 0.07782299421054749
43 387 0.4801309814408553 0 0.0007727374669943213 0.5510107689578707 -0.08869724138404625 0.007017417507337463 -3.042810792643764 -0.009948874416746661 0.22745944217209635 0.030049495045020136
53 477 0.1387967903404547 0 0.000616442517695864 0.4944220788842745 0.04718230156733931 0.010906366995354671 -3.0626323508213558 -0.03184128033923429 0.8921238432453937 0.02818428043947291
49 441 0.1586034388670127 0 0.0005856815228326095 0.3983529265707677 -0.06840248653350456 0.006041071418767991 -3.0895638936083554 0.12637585861858386 1.0939312624399506 0.03301914696678251
45 405 0.23124833277716325 0 0.0008512680735731619 0.4639576224934717 0.07562918198582255 -0.0008919353918554768 -3.0923640452296195 -0.09562761594445884 1.452178396360938 0.07721415648300954
53 477 0.11207789658331209 0 0.0005415673672711354 0.5180118005338219 0.07572474310738161 0.0056259524527945935 -3.080108554054899 0.21064718058673418 -1.3244961836240268 0.03279804472283016
54 486 0.13204086896801448 0 0.0005856161892843553 0.4999645904399992 0.044167985327447125 0.007551471812841796 -3.1406932526177442 -0.07617444859963557 0.563283443882009 0.030004165767539795
44 396 0.4578466146405282 0 0.0007756459553845143 0.5516612524808225 -0.0775813913072992 0.009265794393252895 -3.1412643884849825 -0.05998235131632833 -0.042294955832999914 0.034373742211231385
50 450 0.14777286253006186 0 0.0005844960824924911 0.3982137468070313 -0.0683703287873075 0.004697621258318683 -3.1271992880023562 0.16231350484527976 1.1959638700208086 0.034660577111900105
43 387 0.24671091304911721 0 0.000902481923890522 0.49203473619711785 -0.050286858616065855 0.0025410646709531273 -3.1397484997306084 -0.03244912881783522 0.21368858472768393 0.07796725254457879
54 486 0.11276265723870067 0 0.0005598942545553468 0.5194885777455737 0.07581646883829951 0.007367050457821597 -3.086299858992919 0.2446308570993048 -1.5056681597906836 0.03277832417757442
46 414 0.23243251278718502 0 0.0008486624987379803 0.4778784539640834 0.07389533611657803 -0.0015776684381702513 -3.0973446991194815 -0.06185440915815887 1.5337024943704174 0.07834573029401663
55 495 0.13177274160190566 0 0.0005757373428453663 0.49534692183364853 0.04505805288791772 0.005938971093960415 -3.1151366542338055 -0.039724305864164436 0.7033014154613638 0.03359759921218393
45 405 0.4641934018441633 0 0.0009281390626813713 0.5403426052558594 -0.09475664927824698 0.01922976118680633 -3.1298614378219436 0.022265407048108973 -0.9110057495697714 0.04179401959334408
51 459 0.1356222011236628 0 0.0005753805044707052 0.39936226311558704 -0.07183934486933884 0.006284530241612771 -3.13393031977608 0.16386024766989984 1.0457429354194052 0.03236686733851808
55 495 0.1042143758464755 0 0.0005350792871288865 0.5206990058837183 0.07235446043562295 0.0055954161472022475 -3.05353770058587 0.1959800988965614 -1.5205898541588458 0.032558339960357015
44 396 0.22143775854254272 0 0.0008660818273726976 0.49746116044451144 -0.046852422168167505 -0.0008082235029161695 -3.1388862491727423 -0.05872689447019495 0.4085809489663417 0.07836716237636947
56 504 0.11808283672930846 0 0.0005744750180831049 0.4974245501147366 0.04228947666044394 0.006525293757045354 -3.116842458351885 -0.03903745530916967 0.5590700712393941 0.03196446639848948
47 423 0.22458694222271777 0 0.0008574555023136392 0.47390084897237605 0.07974266538642621 -0.002180251071500567 -3.1129156804626468 -0.0402142800796451 1.4468803009671847 0.07856203746876408
52 468 0.12477768569195383 0 0.0005660366986844362 0.3989506926539824 -0.07133924481818432 0.005665103052139967 -3.1314809177661767 0.17261834544481172 1.2019451124763212 0.032033743012819166
56 504 0.10680435074802445 0 0.000550607667151596 0.5232359344044205 0.069691223276243 0.006699741192197807 -3.076486825208845 0.24431625700474535 -1.4509251733034234 0.03278539685877254
46 414 0.41660098144212876 0 0.00083595255302201 0.5359161999609635 -0.08157795734773994 0.020126324804220958 -3.136866725453628 -0.0890073141658584 -0.12752943823209817 0.03802805981830087
57 513 0.11219041674318482 0 0.0005753856235253208 0.49414200321370344 0.04246407208033796 0.007354679267125677 -3.0911516633477016 -0.038450213680100265 0.7010129218533303 0.032062818536221144
53 477 0.11669719129895889 0 0.0005640608046599277 0.39618607155084085 -0.07766969836694487 0.007527206169700652 -3.1291528870200933 0.19201989575496822 1.172617475456996 0.0314066299815269
57 513 0.10189404723328938 0 0.000524975620020926 0.5230365257049315 0.07110730087432553 0.00534156494013156 -3.092155467055389 0.2160652472100458 -1.4781473884650498 0.03190994561235142
45 405 0.2047077479425262 0 0.0008426982310544022 0.49426907511561563 -0.04742116387877121 -0.002596728321703513 -3.1350393875851874 0.027509873238605313 0.33184384201025585 0.07793765897044556
48 432 0.2022596773560881 0 0.0008427878268686446 0.4786089304814786 0.0798292679733965 -0.002421220167704019 -3.1269511954767757 -0.09137044337399303 1.3890213239816451 0.07727450578614681
47 423 0.3975950926717108 0 0.0006888747611496315 0.5391643917681654 -0.08620222518738067 0.0137058176263383 -3.0411320739011702 -0.18427007232390602 -0.0791756571944835 0.029701193273707856
58 522 0.10868610276302167 0 0.000566838994770405 0.4954838045624475 0.04058856284301004 0.005875917012268996 -3.114055936271486 -0.025124535584237866 0.553551604867265 0.03334969754409662
54 486 0.11048916307368509 0 0.0005642216830022646 0.39788448762161743 -0.06650415699184237 0.0032348039202941548 -3.131752303923916 0.16221772656792854 1.1615224260674606 0.03317137353098259
58 522 0.09431136969215381 0 0.0005288905786725097 0.5225212706367633 0.07301174980293487 0.006262174550097589 -3.08968914761771 0.22499186856682002 -1.5242225541977428 0.03087670414547735
49 441 0.18060107426819047 0 0.0008441781700383674 0.476035663986801 0.07498391702977908 -0.0009390961596080533 -3.1385473956278425 -0.04429755203676761 1.4279429872894647 0.07663685478631367
59 531 0.11276075970920298 0 0.0005428840770011128 0.49654443437631923 0.03963431606567988 0.0041415797639731515 -3.0970127742391678 -0.03680804512296629 0.43628610617035235 0.0329883618666946
46 414 0.1906009699371963 0 0.000857328080899708 0.49600377005014856 -0.05382952069903495 -0.002739054270601002 -3.137845255667548 -0.10086698929550948 0.2031717281179093 0.07852483036544669
48 432 0.35755966666306027 0 0.0007166104884312035 0.5458802896779883 -0.08098961116221379 0.007064353174291447 -3.0717377539500115 -0.08227651183022718 -0.22943225189258243 0.040257099808836364
59 531 0.07784050957283216 0 0.0005336392752894619 0.5218920553542546 0.0730097836804051 0.005788452161991801 -3.097068993859192 0.22213787337090646 -1.5336403368445863 0.0323967930914567
55 495 0.09806699193684704 0 0.0005648513180660972 0.398797697910934 -0.07276890946139133 0.004947917446544948 -3.0914364271661987 0.19425152958610575 1.0578753655158946 0.03378630201472477
60 540 0.11402992805494941 0 0.000554146516171982 0.4949332390059201 0.04091281146078984 0.005635512502447608 -3.1414311575094866 -0.0637993475280631 0.5217281770623483 0.03279912947313052
50 450 0.1494679510930454 0 0.0008334554222399943 0.4685497690652237 0.0793370336328145 -0.002791996189740368 -3.1375764520492617 -0.05714107714083918 1.1881751853761469 0.07623798451227283
60 540 0.07271615403940455 0 0.0005153995274645915 0.5214743574274635 0.07340315929250381 0.005523132334869336 -3.0900854902717017 0.2381059069443997 -1.5360674773187084 0.03061222602294251
49 441 0.36538676491433647 0 0.0006035708453013802 0.5319026309045661 -0.086206543570556 0.0030395797970258097 -3.080120076394368 0.03623598254957582 -0.38640086455663747 0.0397036455122203
56 504 0.10480806767878219 0 0.0005587378186033558 0.39517316575580186 -0.07186175537724172 0.004527317359946751 -3.0978615025538354 0.19350382960982007 1.0675576371924183 0.03449823159976731
47 423 0.1711584301405871 0 0.0008555358515289987 0.49534403740323085 -0.05434897344444545 -0.003160230103571386 -3.1378440450304543 0.01498558776721124 0.2534950656461352 0.07852049825105636
61 549 0.11743875163694607 0 0.000541816657064596 0.4942136541969797 0.03774700369288903 0.0040258710364311015 -3.139470652251901 -0.0655958963298695 0.25203647297844983 0.03415854371362236
61 549 0.0763389698108644 0 0.0005130862396196515 0.5212733200171452 0.0740789556618184 0.005190491154901307 -3.0992882482448842 0.23043244723332157 -1.5248243727809843 0.030753778160182092
50 450 0.32307761219215 0 0.0007265216299209906 0.5410650556177513 -0.07877008338862265 0.007712331372373735 -3.133761972161485 -0.03567333494672897 -0.12796700683337559 0.04368957637281801
51 459 0.14322995508702235 0 0.0008281333577924411 0.46982317812217556 0.08128597513358732 -0.003389773659664667 -3.141591652487943 -0.02757699387954952 1.3011714657692428 0.0756522739658728
57 513 0.09609891536486044 0 0.0005564832938761758 0.39552669717531574 -0.0709333054877286 0.0039449768378080246 -3.108064961023993 0.17452638379443564 1.1896527720217065 0.034480494475878455
62 558 0.11697176931013338 0 0.000562450230381338 0.489660690681564 0.03787608355482879 0.005845617004584004 -3.105742228624385 -0.06568886336801477 0.4720782559124816 0.03449524615133619
62 558 0.09092928425034826 0 0.000516123095735245 0.5197934839857393 0.07305423431290231 0.00502409681174536 -3.1214932539508866 0.22507893547798694 -1.4346538483057136 0.03134767735145068
48 432 0.16617131822498735 0 0.0008466787058223206 0.49487722873717277 -0.05077596124004482 -0.0036932363486590473 -3.141571926121529 -0.04078979200119704 0.47158948907149156 0.07831744546977483
58 522 0.08299881152262056 0 0.0005564892020093462 0.39466643554069 -0.07699124751857798 0.005362411814411146 -3.092933764165634 0.20284324272260382 1.1221371883266693 0.034648999051482915
51 459 0.3048117176757161 0 0.0006662066146284587 0.5483073327430116 -0.07728222172504218 0.0019103458449781152 -3.1228334316321713 -0.009703168828935883 0.08170705310818827 0.03416460669660099
52 468 0.1429346044529525 0 0.0008370796998222195 0.46579031091642004 0.08207531652933713 -0.00257745919779017 -3.1414654573766714 -0.050980608768386074 1.269316080411074 0.0754122936220849
63 567 0.11574128253876327 0 0.0005387546807696446 0.4946667389877598 0.03993103090642889 0.002346030486531928 -3.118666866962014 -0.04734514933746367 0.421226502161923 0.036573333323652195
63 567 0.08965512720380735 0 0.0005183487490463288 0.5205087095178055 0.07428526692650864 0.005762966414992656 -3.1370633440930416 0.24440526081337488 -1.5384789013457207 0.030561703175650948
59 531 0.072958675394759 0 0.0005467408196107653 0.3952050080157211 -0.07269592100236302 0.003935201914715427 -3.133393398673702 0.1746899250870377 1.1927641758063816 0.034146482785122854
52 468 0.29109085973360516 0 0.0006244792297455627 0.533771169235793 -0.08193902264276229 0.005653386206892346 -3.113096268704882 0.08521227620516805 -0.0010294409372719748 0.036668189363174855
49 441 0.14869783051784227 0 0.0008502190046981579 0.49233735000410633 -0.04695721390247745 -0.00336300803746386 -3.1415913161646647 -0.07790121688095289 0.27919520495672234 0.07793662995977091
64 576 0.11409476825039305 0 0.0005518517923109007 0.4957423759190024 0.038805097205660596 0.0017337537916396215 -3.133486513337782 -0.02998546986934568 0.4515388712936955 0.038860697196107824
53 477 0.14593236217430275 0 0.0008316585012387014 0.47433390952449234 0.0759585095633693 -0.0028843164673518678 -3.137968202307175 -0.018486786469551063 1.0820984528534117 0.07665189676025169
64 576 0.08459164191050014 0 0.0005197031765096803 0.5203877798470414 0.07498855584333802 0.005057444891277532 -3.1194872476023208 0.1941271348340453 -1.5312468642858166 0.031190802053819418
60 540 0.07668563135979538 0 0.0005304591943122377 0.39767350958561926 -0.07138970944669114 0.0031400523779828537 -3.1391629295080405 0.1553458859036727 1.091553868677115 0.032497529342647914
65 585 0.1122715958124236 0 0.0005514579801284803 0.4982203012417887 0.040690611534653594 0.0014475927130716826 -3.1286243284782187 -0.04288771630282188 0.29154569514052875 0.037766120324406675
53 477 0.26441241935179094 0 0.0006240180463696665 0.5353673496022091 -0.08614660387275348 0.008201467750468368 -3.093977104140623 -0.05457552529860565 -0.4665348577025963 0.03274227363853474
65 585 0.0788503964442146 0 0.0005150393461314395 0.520326745704516 0.07547132559969914 0.005748511228337365 -3.1075758493040935 0.22294476677411554 -1.5393788525635994 0.029550709544279005
54 486 0.15362524781522074 0 0.0008354438080511317 0.46874960863836285 0.07782879963967858 -0.0005661581182566436 -3.132124578483375 -0.002767438275429225 1.1390610388970648 0.07397712736484172
50 450 0.14210732385760932 0 0.0008595481476993463 0.4907249261717537 -0.04604250868572953 -0.0009118171666186304 -3.141462810020961 -0.0556453097483557 0.1863912052027361 0.0782646001519986
61 549 0.08099970584170595 0 0.000536625660531293 0.3961824916426079 -0.07284223155672498 0.004355054409597711 -3.1323609944153827 0.15653676023010515 1.1750503285150826 0.03213565517715913
66 594 0.11266567097906592 0 0.0005494606803001941 0.49285996574619473 0.04135370461113127 0.002331704811401305 -3.1340478331921116 -0.04044566327437778 0.3713725829734481 0.03807581528652153
66 594 0.07785755326479397 0 0.000506486603619091 0.5219583639736746 0.07356009217275816 0.004235471043782262 -3.1259868314851595 0.1889081865970487 -1.520237138786524 0.031116980309246464
54 486 0.2778163328598971 0 0.0006004690928836429 0.5281356959573876 -0.0909599535241604 0.007604835675309637 -3.0240192135702473 -0.0898560209874305 -0.9071829224063364 0.03246666582105506
55 495 0.1666408129781668 0 0.0008111821821474905 0.47693158043628253 0.06989351039365374 -0.001997991971171598 -3.135340327495348 0.0009634133194973832 0.9872165737076088 0.07380283922169575
62 558 0.08020328750172771 0 0.000559222366890555 0.39711452651356066 -0.07430777699432524 0.00589330991282079 -3.0842302748890407 0.18561280440387323 1.1215966899443928 0.03259725767631823
67 603 0.1101665831594027 0 0.0005310244615846581 0.49496078248128667 0.037658098090774736 0.0013546333627810494 -3.13587593003692 -0.04380692586202209 0.27657668140484054 0.036944680344380317
67 603 0.1101665831594027 0 0.0005310244615846581 0.49496078248128667 0.037658098090774736 0.0013546333627810494 -3.13587593003692 -0.04380692586202209 0.27657668140484054 0.036944680344380317
51 459 0.12321098961094787 0 0.0008521343807156019 0.4940746541647777 -0.05018638923388109 -0.0025329673549247364 -3.1376814146450336 -0.01111860897261515 0.28595745669938166 0.07842487042763757
67 603 0.0740656267684246 0 0.0005106189021997305 0.5215596191786058 0.07249670472325555 0.004501427589412692 -3.1262988115729033 0.18455138997338574 -1.4716633979739686 0.03121265322086135
67 603 0.0740656267684246 0 0.0005106189021997305 0.5215596191786058 0.07249670472325555 0.004501427589412692 -3.1262988115729033 0.18455138997338574 -1.4716633979739686 0.03121265322086135
55 495 0.26184062723127344 0 0.0005713025975285077 0.5331330208694053 -0.08020729923017107 0.0036734022732281242 -3.1206548955692384 -0.044598878198590736 -0.3733956715844804 0.03603789116753389
56 504 0.18482869894360873 0 0.0008022057978966749 0.47863771227895296 0.06533724963525227 -0.002862278307083914 -3.141327236267987 0.021440775493908056 1.0884493394484098 0.07337875660026699
63 567 0.07400346432876696 0 0.0005491531056917631 0.39670043821111683 -0.0745621317954653 0.004729614343291918 -3.1317377189837647 0.18283155924222788 1.216984634123382 0.03358104363957542
56 504 0.22284933100538992 0 0.0006083773515749606 0.5310908551826222 -0.08226526555577528 0.007829667023362014 -2.9872343910535144 -0.0012772052325010358 -0.20658128091688654 0.03379426836575094
52 468 0.11470541030347535 0 0.0008397253659163161 0.4949441059137683 -0.04424675694059334 -0.002577773167356391 -3.1273217922146963 -0.076481078142705 0.38955828640810264 0.07782059583409345
64 576 0.06829147207323197 0 0.0005348030293260594 0.3964026683175539 -0.07492934599100311 0.0042463098897377 -3.126701558076855 0.18307411076015465 1.108693653388777 0.03289730132351728
57 513 0.19591115858116478 0 0.0008129281203397275 0.4766543523764327 0.06595138050912717 -0.0003707831784335446 -3.141543300070023 0.045279529841014556 1.287958359992876 0.07218160099982335
57 513 0.20048881023733295 0 0.0006307160779991025 0.5359980560419463 -0.08349755183901779 0.0056856570684539545 -3.115342408940368 0.03862857229462076 -0.13388932146246502 0.03636140376217006
65 585 0.0725100470654145 0 0.0005150779054205394 0.3950670685314759 -0.07684475939015696 0.0033859046786816373 -3.1290157854007856 0.1631906920922004 1.1981587308908632 0.0326856639324676
53 477 0.0990846064183516 0 0.0008477018095171769 0.492515559979217 -0.041722637535109845 -0.001405909193095787 -3.141488189723841 -0.036793026506221 0.21449543080808597 0.07818961278745756
58 522 0.20127991715282773 0 0.0007834401699242984 0.4782859025642415 0.07109709182159607 -0.002397687442810708 -3.1405462312957844 0.0054288634172919795 1.3411215475669447 0.07141037680076094
58 522 0.17288224566569008 0 0.0006366445184436077 0.5373860645539222 -0.08623890448858769 0.00755219832055731 -3.063703217699184 -0.05292496284143216 -0.39986882341029784 0.03406129353334402
66 594 0.06874142608504853 0 0.0005291682450787615 0.3953382795376733 -0.07591202832679887 0.0042375303512186355 -3.138151595296293 0.16171325870592762 1.258314578489269 0.03265468303861579
54 486 0.10285914442701957 0 0.0008404072885531025 0.4920293340125589 -0.03968788729522783 -0.0022788939584747537 -3.1355802872673046 -0.014517598739251979 0.21269845177412483 0.078482349807016
59 531 0.19351313555619262 0 0.0007857040519024302 0.4808942110218176 0.06670939570405907 -0.0010697340811065728 -3.1408525181863136 0.02450900023747873 1.2930407738122214 0.06992049792684832
67 603 0.06798408022485844 0 0.0005210911481199652 0.3951599233687943 -0.0769587749791572 0.003870812699618669 -3.131316031378519 0.17738383770658575 1.2543407514999128 0.032595953839443005
59 531 0.16051003521806284 0 0.0006075885426832165 0.537786060015742 -0.08327247213204246 0.005302508968065021 -3.0685461212759546 -0.03281436800104931 -0.2242869343399243 0.03421851480075392
67 603 0.06798408022485844 0 0.0005210911481199652 0.3951599233687943 -0.0769587749791572 0.003870812699618669 -3.131316031378519 0.17738383770658575 1.2543407514999128 0.032595953839443005
60 540 0.2195324013172473 0 0.0007697063860820513 0.48379856439816954 0.06436896898603911 -0.002038751923587657 -3.119655155332127 0.008379569361901179 1.3229041488853057 0.06865606090532447
60 540 0.1483619204899453 0 0.0005815907759106236 0.5336985501146931 -0.08146492789469438 0.002199602742608069 -3.1319095937725474 0.01589259776132196 -0.05849337546824929 0.038675605542318935
55 495 0.10356630585683908 0 0.0008301604439723399 0.4951927988994092 -0.04343953867813127 -0.00326471281573726 -3.140554557162365 -0.050209080762132624 0.143190679655107 0.07802440263633821
61 549 0.15049400783603123 0 0.0006029049987023761 0.5363680586794399 -0.08406891153028553 0.004774865704955852 -3.1407885541596428 -0.06679025398620755 -0.22282581429275217 0.03673707859512098
61 549 0.27178802668860524 0 0.0007830738171671693 0.4897514006499971 0.05815210362731654 0.0008446802447896905 -3.1279112529578317 -0.059048905869456235 1.2412427981830956 0.06367199665640602
56 504 0.1003686504176174 0 0.0008257965389648703 0.49326647405095786 -0.044885122785164745 -0.0034383379965015645 -3.1411429492924983 -0.024333183223029412 0.25778183698491963 0.07756955232333551
62 558 0.14637751411062502 0 0.0005479708936412325 0.5319915635803619 -0.08096686657041668 0.0029816621902704456 -3.0862262411367523 -0.04434132398603287 -0.15136439426492343 0.03544899891783168
62 558 0.28590121265610047 0 0.0007867218546665039 0.4803587996255897 0.07027250231719508 -0.0009341374461947941 -3.105600403849776 -0.02295470680596195 1.5383535727189284 0.07073038125658988
57 513 0.09917437114839742 0 0.000832198704262396 0.4926569544970933 -0.044781916590967835 -0.0023322005529287687 -3.1353366631738613 -0.009813946137046274 0.22807616060747327 0.07706248693301826
63 567 0.14228062123568713 0 0.000551993970071608 0.5294568906231493 -0.07823127081518806 0.0031407644185067083 -3.1338231743204203 0.0038050297871944846 -0.004608249140865439 0.036216855170808464
63 567 0.2867901779488763 0 0.0007785047571717114 0.4809707003435603 0.056570120310617276 0.0029753588911004755 -3.115306353200504 -0.00729253143079216 1.502349538506453 0.06071690394687554
64 576 0.13520811668057747 0 0.0005574766545647311 0.5326499400492857 -0.08014232221170481 0.0009524421139908853 -3.140664954432552 -0.014804350666392477 -0.013538927143315505 0.038924514021614884
58 522 0.10498429615351836 0 0.0008229573277197332 0.4912160892646335 -0.0475146880311209 -0.0036845392277848063 -3.1404222943167097 -0.01517971266073175 0.23735751439471642 0.07707481983187033
64 576 0.2789739685852511 0 0.0007285159519239295 0.4704445167639917 0.05941266196540295 0.0018729471675362863 -3.1403450697630926 -0.02032756104309203 1.2475767916771552 0.05680474145623529
65 585 0.13189783609038722 0 0.0005486560774118003 0.5300194377075049 -0.0764178700610949 0.0011077544488932306 -3.141150389431208 -0.03511161627124845 -0.06750423509208314 0.039271463238178
65 585 0.2805580350147856 0 0.0006858659015009874 0.48433963170344013 0.0606761957059839 -0.0010155298731920526 -3.141571430813615 0.002127198822061138 1.3024723671316034 0.05722065339471771
59 531 0.11058674448525939 0 0.0008239434198797542 0.49165779000135207 -0.046373408264968406 -0.003165900282314319 -3.1413152408537814 -0.001440886529710951 0.11180177507896971 0.07701249031551306
66 594 0.1266850146015551 0 0.0005522118811624061 0.5325758699554389 -0.08073370213297748 0.002063548882728563 -3.1415804469443334 -0.025491369901148295 -0.01980290913449334 0.036764190135505054
67 603 0.12926396382443822 0 0.0005301776029573683 0.5262037082418007 -0.08038534734196581 0.0019335231454179762 -3.1275542975788326 -0.02732559591390184 -0.2862038367592623 0.03709356197545442
67 603 0.12926396382443822 0 0.0005301776029573683 0.5262037082418007 -0.08038534734196581 0.0019335231454179762 -3.1275542975788326 -0.02732559591390184 -0.2862038367592623 0.03709356197545442
66 594 0.23975260960740358 0 0.0007451647847598027 0.4819293696302204 0.06483683093444073 0.003075445346741803 -3.140151007546642 -0.06179316864919846 1.49550227219082 0.0599576194287128
60 540 0.11534217987751377 0 0.0008254886708952791 0.4923393601787156 -0.04743500846149534 -0.002711126267107015 -3.1377555427739794 0.007441682904020339 0.3015479474415814 0.07625391895160465
67 603 0.23338728647872486 0 0.0006812993262785175 0.4765141991880391 0.05985874366930151 0.0008294683411420159 -3.138733841567582 -0.0027362242009879925 1.5362178953132188 0.0542064951075001
67 603 0.23338728647872486 0 0.0006812993262785175 0.4765141991880391 0.05985874366930151 0.0008294683411420159 -3.138733841567582 -0.0027362242009879925 1.5362178953132188 0.0542064951075001
61 549 0.11171639661455585 0 0.0008279998655757867 0.4953183252912081 -0.045286853109682404 -0.002693669527531413 -3.1295801543068 -0.03153399992716519 0.2030278971235826 0.07673128876614983
62 558 0.10651211091021669 0 0.0008234030466693132 0.49186308882512847 -0.04883077350468404 -0.0033774736016909416 -3.1413085718240232 0.006492502353998182 0.09378775990602639 0.07678287982357053
63 567 0.09857266453739114 0 0.0008202241540892036 0.49336179466964875 -0.042751987918962946 -0.0025534234835372545 -3.1239880822313215 -0.020186096794442863 0.23988772301008332 0.07613366575063465
64 576 0.09545521075068465 0 0.0008099299078409209 0.4928578876329928 -0.04482990437647017 -0.003863805570183931 -3.1408531862103937 -7.978977132479075e-05 0.08224552094369875 0.07629788630712529
65 585 0.0875184129420481 0 0.0008118514812623193 0.4931589513656382 -0.04572799569779009 -0.00330909758425045 -3.136890286739149 -0.01836288945856973 0.2501133988020334 0.07572664411203463
66 594 0.0896016602747543 0 0.0008166296820164515 0.4931604285850654 -0.0452214427721024 -0.0024908145831616033 -3.138496465565803 0.006170078645270503 0.14269875421495737 0.07546370942607841
67 603 0.08224084906512255 0 0.0008082284104429756 0.4930830511476587 -0.042636850625341796 -0.003659921624330645 -3.1386198923499866 -0.01322538238822511 0.2288601391616325 0.07617939270137099
67 603 0.08224084906512255 0 0.0008082284104429756 0.4930830511476587 -0.042636850625341796 -0.003659921624330645 -3.1386198923499866 -0.01322538238822511 0.2288601391616325 0.07617939270137099
