% # columns="iteration, evaluation, sigma, max axis length,  min axis length, all principal axes lengths  (sorted square roots of eigenvalues of C)", seed=2567, Fri Aug 28 18:28:04 2026
1 9 0.944972989972906 1.0000428580612375 1.0 1.0 1.0000071428826531 1.000014285816327 1.000021428801022 1.0000285718367385 1.0000357149234769 1.0000428580612375
1 9 0.9449729899729059 1.0000428580612375 1.0 1.0 1.0000071428826531 1.000014285816327 1.000021428801022 1.0000285718367385 1.0000357149234769 1.0000428580612375
2 18 0.9087555735421708 1.1263692051280343 0.8851708818606809 0.8851708818606809 0.9485617773418603 0.9868362317270263 0.992778581081917 1.0063302658540096 1.0123976495569553 1.1263692051280343
2 18 0.9087555735421711 1.126369205128034 0.8851708818606807 0.8851708818606807 0.9485617773418601 0.9868362317270263 0.992778581081917 1.0063302658540094 1.0123976495569553 1.126369205128034
2 18 0.9087555735421713 1.1263692051280343 0.885170881860681 0.885170881860681 0.9485617773418603 0.9868362317270265 0.9927785810819171 1.0063302658540096 1.0123976495569555 1.1263692051280343
2 18 0.9087555735421712 1.1263692051280343 0.8851708818606812 0.8851708818606812 0.9485617773418602 0.9868362317270265 0.992778581081917 1.0063302658540099 1.0123976495569555 1.1263692051280343
3 27 0.8929064494700624 1.1706296278479276 0.8166714491269306 0.8166714491269306 0.8880147572391093 0.9831097760766375 0.9899217784293426 1.0033655693124948 1.0387063046559808 1.1706296278479276
3 27 0.8929064494700627 1.1706296278479276 0.8166714491269306 0.8166714491269306 0.8880147572391093 0.9831097760766373 0.9899217784293427 1.0033655693124945 1.038706304655981 1.1706296278479276
3 27 0.8929064494700624 1.1706296278479276 0.8166714491269306 0.8166714491269306 0.8880147572391094 0.9831097760766376 0.9899217784293428 1.003365569312494 1.038706304655981 1.1706296278479276
3 27 0.8929064494700629 1.1706296278479276 0.8166714491269306 0.8166714491269306 0.888014757239109 0.9831097760766372 0.9899217784293427 1.0033655693124943 1.0387063046559808 1.1706296278479276
4 36 0.9418161944914403 1.1838129775423512 0.809707952918963 0.809707952918963 0.8843501552524363 0.9453871114602511 0.9595613138310181 0.9942117966208115 1.033659439830022 1.1838129775423512
4 36 0.9418161944914397 1.1838129775423512 0.8097079529189631 0.8097079529189631 0.8843501552524367 0.9453871114602517 0.9595613138310182 0.9942117966208116 1.0336594398300223 1.1838129775423512
4 36 0.9418161944914406 1.1838129775423514 0.8097079529189631 0.8097079529189631 0.8843501552524368 0.9453871114602515 0.959561313831019 0.9942117966208117 1.0336594398300223 1.1838129775423514
4 36 0.9418161944914395 1.1838129775423514 0.8097079529189631 0.8097079529189631 0.8843501552524367 0.9453871114602516 0.9595613138310185 0.9942117966208114 1.0336594398300223 1.1838129775423514
5 45 0.9936258651670431 1.3446176473659956 0.7694629984935962 0.7694629984935962 0.8430972713420226 0.9155619219769932 0.9485877236396496 0.9755576022244331 1.0111581467111908 1.3446176473659956
5 45 0.9936258651670422 1.344617647365996 0.7694629984935961 0.7694629984935961 0.8430972713420226 0.9155619219769933 0.9485877236396493 0.975557602224433 1.0111581467111912 1.344617647365996
6 54 0.9658109715943618 1.3283498327773922 0.7458576935753594 0.7458576935753594 0.8652897037368877 0.8804824546356496 0.9266137412174257 1.0037731340130238 1.0663128893583729 1.3283498327773922
5 45 0.9936258651670432 1.344617647365996 0.769462998493596 0.769462998493596 0.8430972713420227 0.9155619219769933 0.9485877236396494 0.975557602224433 1.0111581467111908 1.344617647365996
5 45 0.993625865167042 1.3446176473659956 0.7694629984935962 0.7694629984935962 0.8430972713420226 0.9155619219769933 0.9485877236396492 0.975557602224433 1.011158146711191 1.3446176473659956
6 54 0.9658109715943601 1.328349832777392 0.7458576935753595 0.7458576935753595 0.8652897037368878 0.8804824546356498 0.9266137412174255 1.0037731340130243 1.066312889358373 1.328349832777392
7 63 0.9225956796809976 1.317498593471362 0.7429521922415631 0.7429521922415631 0.8196172325599126 0.8649149088596431 0.9310085442626134 0.9998483163512171 1.0621380332201167 1.317498593471362
6 54 0.9658109715943619 1.3283498327773922 0.7458576935753596 0.7458576935753596 0.8652897037368876 0.8804824546356499 0.9266137412174257 1.003773134013024 1.0663128893583729 1.3283498327773922
6 54 0.9658109715943605 1.328349832777392 0.7458576935753597 0.7458576935753597 0.8652897037368876 0.8804824546356496 0.9266137412174259 1.0037731340130238 1.0663128893583727 1.328349832777392
7 63 0.9225956796809962 1.3174985934713617 0.7429521922415628 0.7429521922415628 0.8196172325599123 0.8649149088596431 0.9310085442626127 0.9998483163512172 1.0621380332201165 1.3174985934713617
8 72 0.9345485230932978 1.2920075649449148 0.7237875973674124 0.7237875973674124 0.8020055261824783 0.8670418334391546 0.8993946491745132 1.0104660942084038 1.0509740172766497 1.2920075649449148
7 63 0.922595679680996 1.3174985934713623 0.7429521922415634 0.7429521922415634 0.8196172325599123 0.8649149088596431 0.9310085442626131 0.9998483163512168 1.0621380332201167 1.3174985934713623
7 63 0.9225956796809975 1.3174985934713617 0.7429521922415631 0.7429521922415631 0.8196172325599125 0.8649149088596428 0.9310085442626134 0.9998483163512168 1.0621380332201167 1.3174985934713617
8 72 0.9345485230932962 1.2920075649449145 0.7237875973674124 0.7237875973674124 0.8020055261824783 0.8670418334391545 0.8993946491745128 1.0104660942084038 1.0509740172766493 1.2920075649449145
9 81 1.1072489249643593 1.3744942756937528 0.7286987102775863 0.7286987102775863 0.7692251871215599 0.845476504697284 0.899248211736338 0.9942559939436658 1.0349726179632905 1.3744942756937528
8 72 0.9345485230932964 1.2920075649449148 0.7237875973674124 0.7237875973674124 0.802005526182478 0.8670418334391545 0.8993946491745134 1.0104660942084034 1.0509740172766497 1.2920075649449148
8 72 0.934548523093298 1.2920075649449148 0.7237875973674126 0.7237875973674126 0.8020055261824783 0.8670418334391545 0.8993946491745132 1.0104660942084034 1.0509740172766497 1.2920075649449148
9 81 1.1072489249643571 1.3744942756937524 0.728698710277586 0.728698710277586 0.76922518712156 0.8454765046972836 0.8992482117363378 0.994255993943666 1.0349726179632905 1.3744942756937524
10 90 1.1558091236585815 1.4257186673409015 0.7089950831534361 0.7089950831534361 0.7499237380274483 0.8428633585742983 0.8725799748283898 0.9800830797718704 1.1836759569372577 1.4257186673409015
9 81 1.1072489249643584 1.3744942756937526 0.728698710277586 0.728698710277586 0.7692251871215596 0.8454765046972837 0.8992482117363376 0.9942559939436656 1.0349726179632912 1.3744942756937526
9 81 1.1072489249643602 1.3744942756937533 0.728698710277586 0.728698710277586 0.7692251871215601 0.845476504697284 0.8992482117363382 0.9942559939436659 1.034972617963291 1.3744942756937533
10 90 1.1558091236585788 1.4257186673409008 0.7089950831534361 0.7089950831534361 0.7499237380274482 0.8428633585742978 0.8725799748283894 0.9800830797718708 1.1836759569372572 1.4257186673409008
11 99 1.2624946706397921 1.4370250120784687 0.6992141027799184 0.6992141027799184 0.7353580428959227 0.812101373398647 0.8646075942106334 1.060969230507817 1.1578806080653483 1.4370250120784687
10 90 1.1558091236585808 1.425718667340902 0.7089950831534358 0.7089950831534358 0.7499237380274483 0.842863358574298 0.8725799748283897 0.9800830797718701 1.1836759569372581 1.425718667340902
10 90 1.1558091236585826 1.4257186673409021 0.708995083153436 0.708995083153436 0.7499237380274478 0.842863358574298 0.8725799748283894 0.98008307977187 1.183675956937258 1.4257186673409021
11 99 1.2624946706397888 1.4370250120784684 0.6992141027799184 0.6992141027799184 0.7353580428959225 0.8121013733986467 0.8646075942106329 1.0609692305078176 1.1578806080653483 1.4370250120784684
12 108 1.4597241859687564 1.4791276875699075 0.7039055370000304 0.7039055370000304 0.75518838618482 0.7833281713611429 0.8570931498923487 1.0403478980990963 1.241542922108768 1.4791276875699075
11 99 1.262494670639792 1.4370250120784696 0.6992141027799184 0.6992141027799184 0.7353580428959225 0.8121013733986469 0.8646075942106334 1.060969230507817 1.1578806080653492 1.4370250120784696
11 99 1.2624946706397935 1.4370250120784696 0.6992141027799186 0.6992141027799186 0.7353580428959223 0.8121013733986471 0.8646075942106333 1.0609692305078176 1.1578806080653492 1.4370250120784696
12 108 1.4597241859687522 1.4791276875699073 0.7039055370000304 0.7039055370000304 0.7551883861848196 0.783328171361143 0.8570931498923482 1.0403478980990968 1.2415429221087677 1.4791276875699073
13 117 1.5343785322842773 1.6203941921223635 0.6588895736119551 0.6588895736119551 0.7336712483570593 0.8041845309608524 0.8226469703054352 1.0476407790915616 1.2426200033555141 1.6203941921223635
12 108 1.4597241859687562 1.4791276875699084 0.7039055370000307 0.7039055370000307 0.7551883861848198 0.7833281713611429 0.857093149892349 1.0403478980990968 1.2415429221087682 1.4791276875699084
12 108 1.459724185968758 1.4791276875699084 0.7039055370000307 0.7039055370000307 0.7551883861848195 0.7833281713611426 0.8570931498923489 1.0403478980990968 1.2415429221087684 1.4791276875699084
13 117 1.5343785322842727 1.620394192122363 0.6588895736119554 0.6588895736119554 0.7336712483570593 0.8041845309608521 0.8226469703054352 1.047640779091562 1.2426200033555137 1.620394192122363
14 126 1.6020215028719849 1.734256658524927 0.6535251684263388 0.6535251684263388 0.7239920392439383 0.7750791518118403 0.8220449373739783 1.024103669104228 1.2005559652463489 1.734256658524927
13 117 1.5343785322842767 1.6203941921223637 0.6588895736119553 0.6588895736119553 0.7336712483570592 0.804184530960852 0.8226469703054354 1.0476407790915618 1.2426200033555144 1.6203941921223637
13 117 1.534378532284279 1.6203941921223641 0.6588895736119553 0.6588895736119553 0.7336712483570592 0.8041845309608517 0.8226469703054351 1.047640779091562 1.2426200033555148 1.6203941921223641
15 135 1.7199624042274408 1.7087764678964363 0.6246570484369183 0.6246570484369183 0.7206763744763744 0.7964571753780008 0.8112025344452413 1.0189963455108466 1.2515508109804214 1.7087764678964363
14 126 1.6020215028719806 1.7342566585249264 0.6535251684263381 0.6535251684263381 0.7239920392439378 0.7750791518118393 0.8220449373739779 1.024103669104228 1.200555965246349 1.7342566585249264
14 126 1.602021502871984 1.7342566585249275 0.653525168426338 0.653525168426338 0.7239920392439382 0.7750791518118397 0.8220449373739782 1.0241036691042278 1.2005559652463496 1.7342566585249275
14 126 1.6020215028719873 1.7342566585249275 0.6535251684263389 0.6535251684263389 0.7239920392439382 0.7750791518118395 0.8220449373739785 1.0241036691042278 1.2005559652463498 1.7342566585249275
16 144 1.6259731816182381 1.6268339716857816 0.6167441539627735 0.6167441539627735 0.7408334549360686 0.7555772212477282 0.863572148838932 1.0057881030690121 1.2325100422965507 1.6268339716857816
15 135 1.7199624042274368 1.7087764678964361 0.6246570484369179 0.6246570484369179 0.7206763744763749 0.7964571753780009 0.8112025344452406 1.0189963455108466 1.251550810980421 1.7087764678964361
15 135 1.7199624042274393 1.7087764678964368 0.6246570484369176 0.6246570484369176 0.7206763744763749 0.7964571753780009 0.8112025344452407 1.0189963455108468 1.2515508109804219 1.7087764678964368
15 135 1.7199624042274435 1.7087764678964374 0.6246570484369178 0.6246570484369178 0.7206763744763749 0.7964571753780011 0.8112025344452412 1.0189963455108468 1.2515508109804219 1.7087764678964374
17 153 1.5101827673945591 1.581276530753152 0.6038215569158998 0.6038215569158998 0.7085815896218465 0.7485035733777866 0.8747296808524458 0.9978053435211531 1.242654660160257 1.581276530753152
16 144 1.6259731816182348 1.626833971685781 0.616744153962773 0.616744153962773 0.7408334549360687 0.7555772212477279 0.8635721488389324 1.005788103069012 1.2325100422965514 1.626833971685781
16 144 1.6259731816182366 1.626833971685782 0.6167441539627734 0.6167441539627734 0.7408334549360687 0.7555772212477281 0.8635721488389324 1.0057881030690117 1.2325100422965516 1.626833971685782
18 162 1.3575414238191592 1.5147799806119606 0.5873063900580676 0.5873063900580676 0.703037027801691 0.7337200563387272 0.8629590323911129 1.0018757773636278 1.2161655453684206 1.5147799806119606
16 144 1.6259731816182417 1.6268339716857827 0.6167441539627732 0.6167441539627732 0.7408334549360681 0.7555772212477276 0.8635721488389327 1.005788103069012 1.2325100422965518 1.6268339716857827
19 171 1.2954559838496271 1.4719920581981978 0.5590202636384266 0.5590202636384266 0.6929558813233097 0.7239442508711574 0.8734983288835123 1.0058833335509938 1.1910240570261084 1.4719920581981978
17 153 1.510182767394556 1.5812765307531516 0.6038215569158988 0.6038215569158988 0.7085815896218469 0.748503573377786 0.874729680852446 0.9978053435211528 1.2426546601602577 1.5812765307531516
17 153 1.510182767394557 1.581276530753152 0.603821556915899 0.603821556915899 0.7085815896218465 0.7485035733777861 0.8747296808524455 0.997805343521153 1.2426546601602582 1.581276530753152
17 153 1.5101827673945618 1.5812765307531529 0.6038215569158992 0.6038215569158992 0.7085815896218466 0.7485035733777862 0.8747296808524456 0.9978053435211532 1.2426546601602582 1.5812765307531529
20 180 1.182650176027669 1.387910907747879 0.5471830183776942 0.5471830183776942 0.6739368776281117 0.7255388494699011 0.86301219659237 1.005647015963256 1.1996259519513757 1.387910907747879
18 162 1.3575414238191568 1.5147799806119604 0.5873063900580665 0.5873063900580665 0.7030370278016909 0.7337200563387265 0.8629590323911127 1.0018757773636275 1.2161655453684201 1.5147799806119604
18 162 1.3575414238191574 1.5147799806119613 0.5873063900580668 0.5873063900580668 0.7030370278016909 0.7337200563387267 0.8629590323911126 1.0018757773636278 1.2161655453684208 1.5147799806119613
18 162 1.357541423819162 1.5147799806119615 0.5873063900580673 0.5873063900580673 0.7030370278016909 0.7337200563387267 0.8629590323911132 1.001875777363628 1.2161655453684213 1.5147799806119615
21 189 1.0375055885982063 1.4040675576405208 0.5437623881385738 0.5437623881385738 0.6468125865863846 0.7218809729401143 0.8631202521408203 0.9869722763543417 1.164587325481257 1.4040675576405208
19 171 1.2954559838496251 1.4719920581981978 0.5590202636384262 0.5590202636384262 0.6929558813233094 0.7239442508711571 0.8734983288835129 1.0058833335509942 1.1910240570261081 1.4719920581981978
22 198 0.9838021885901519 1.3649001519493853 0.5425835492318223 0.5425835492318223 0.5865413631544037 0.7133613387381131 0.8782032910932598 0.9816850855277989 1.1672052912179713 1.3649001519493853
19 171 1.2954559838496305 1.471992058198199 0.5590202636384263 0.5590202636384263 0.6929558813233094 0.7239442508711571 0.8734983288835126 1.005883333550994 1.191024057026109 1.471992058198199
19 171 1.2954559838496258 1.4719920581981984 0.5590202636384258 0.5590202636384258 0.6929558813233097 0.7239442508711571 0.8734983288835123 1.0058833335509934 1.1910240570261088 1.4719920581981984
20 180 1.1826501760276682 1.3879109077478793 0.5471830183776945 0.5471830183776945 0.6739368776281115 0.7255388494699007 0.8630121965923694 1.005647015963256 1.1996259519513754 1.3879109077478793
23 207 0.9119919869203523 1.3170950707895002 0.5382219287838474 0.5382219287838474 0.5507039502116786 0.7265279367083521 0.8791899399965797 0.9896611836494852 1.1687990666742518 1.3170950707895002
20 180 1.1826501760276726 1.3879109077478797 0.5471830183776942 0.5471830183776942 0.6739368776281119 0.725538849469901 0.8630121965923702 1.0056470159632558 1.1996259519513766 1.3879109077478797
20 180 1.218377069425268 1.387910907747879 0.5471830183776943 0.5471830183776943 0.6739368776281118 0.725538849469901 0.8630121965923699 1.0056470159632558 1.1996259519513763 1.387910907747879
24 216 0.8912901490885762 1.271671603941047 0.5286578909581252 0.5286578909581252 0.5499346515554402 0.7050590125519398 0.8806665665222405 0.9417840672831754 1.1803015404115962 1.271671603941047
21 189 1.0375055885982045 1.4040675576405202 0.5437623881385736 0.5437623881385736 0.6468125865863835 0.7218809729401139 0.8631202521408208 0.9869722763543417 1.1645873254812573 1.4040675576405202
25 225 0.8794883641037665 1.2848360639211074 0.5013922904830519 0.5013922904830519 0.5475071080926739 0.7047787175670706 0.8685687119527437 0.9239489320376428 1.1703453314332166 1.2848360639211074
21 189 1.0248196294613536 1.4040675576405213 0.5437623881385738 0.5437623881385738 0.646812586586384 0.7218809729401138 0.8631202521408201 0.9869722763543417 1.1645873254812582 1.4040675576405213
21 189 1.0911391445904095 1.4000231845450875 0.551332621934109 0.551332621934109 0.6487572832954842 0.7239052615608054 0.8647449236276236 0.9850871936686932 1.1683767570341272 1.4000231845450875
22 198 0.9838021885901498 1.3649001519493855 0.5425835492318226 0.5425835492318226 0.5865413631544034 0.7133613387381134 0.87820329109326 0.981685085527799 1.1672052912179713 1.3649001519493855
26 234 0.8363058643979202 1.293382094856427 0.4849145391344537 0.4849145391344537 0.5436566062207436 0.7093206358310323 0.8632588482455916 0.9253577387228609 1.123910563602147 1.293382094856427
22 198 0.9627440809900625 1.3584996286846984 0.5426166236228991 0.5426166236228991 0.5889141348101957 0.721025852435642 0.8701961043851897 0.9614214979228131 1.1683001181726507 1.3584996286846984
23 207 0.9119919869203498 1.3170950707895 0.5382219287838474 0.5382219287838474 0.5507039502116785 0.726527936708352 0.8791899399965797 0.9896611836494852 1.1687990666742514 1.3170950707895
22 198 1.0056967369358831 1.3718576710960517 0.5465807791902002 0.5465807791902002 0.5877902156933887 0.7227814443721537 0.8704466686880084 0.9889374609848318 1.178240029940472 1.3718576710960517
27 243 0.7325015723560337 1.2259154717087863 0.4598214947935134 0.4598214947935134 0.5545215796483883 0.7095736751554048 0.8339136715282885 0.939820737949068 1.1203985883770484 1.2259154717087863
24 216 0.8912901490885733 1.2716716039410465 0.5286578909581245 0.5286578909581245 0.5499346515554394 0.7050590125519397 0.8806665665222403 0.9417840672831757 1.180301540411596 1.2716716039410465
23 207 0.8534785451529396 1.3349665528589818 0.5119579353891391 0.5119579353891391 0.5716691618410565 0.7427137055249741 0.8817672592668695 0.9542829163106704 1.1830550322399944 1.3349665528589818
28 252 0.6762931659615052 1.2001541701432796 0.443366413646644 0.443366413646644 0.5404508309489697 0.702101173746606 0.8215575294597479 0.8959751849836928 1.1122732480643112 1.2001541701432796
23 207 1.0173184786762728 1.368892195129793 0.5540902090757047 0.5540902090757047 0.5707181219510371 0.6846014090943331 0.8680884892590393 0.9752938658341607 1.1965949218070329 1.368892195129793
25 225 0.8794883641037633 1.2848360639211072 0.5013922904830519 0.5013922904830519 0.5475071080926738 0.7047787175670701 0.8685687119527438 0.9239489320376433 1.1703453314332162 1.2848360639211072
29 261 0.648750801528289 1.249524089531567 0.41679111213598813 0.41679111213598813 0.5173759059766322 0.6989588257473014 0.8087834147666428 0.8873545851887839 1.1160722514980383 1.249524089531567
24 216 0.7294160592444423 1.3213489330091346 0.5088435983293016 0.5088435983293016 0.5769748290081661 0.7316507015073883 0.8450735030380336 0.9142919373068785 1.1764780623517843 1.3213489330091346
26 234 0.8401328407048698 1.293382094856427 0.48491453913445315 0.48491453913445315 0.5436566062207433 0.7093206358310319 0.8632588482455916 0.9253577387228609 1.1239105636021465 1.293382094856427
30 270 0.6548381037630511 1.3104077680466095 0.4118810679699947 0.4118810679699947 0.5253164374541732 0.6483088018573406 0.7829654661101914 0.8670499980421679 1.0751426411741984 1.3104077680466095
24 216 1.01947774423863 1.462364446811487 0.5291738964297455 0.5291738964297455 0.5561959887119282 0.6725613820448217 0.8296890863757098 1.0415664153548947 1.158607902024187 1.462364446811487
25 225 0.7508739084066978 1.2807753584316608 0.49502403524133565 0.49502403524133565 0.5685834918921435 0.7293732423628313 0.8437796714771116 0.9056975020078349 1.0865941287320355 1.2807753584316608
27 243 0.8092469599339341 1.225211083643848 0.46076187750110437 0.46076187750110437 0.5558470466115399 0.7176127991224721 0.8346096722131102 0.9411787728833892 1.1093050008293555 1.225211083643848
31 279 0.6473164148696231 1.4107696745290366 0.40204182786430537 0.40204182786430537 0.5292507462315913 0.6453759171702286 0.7018786510603564 0.873655339800315 1.096329945774047 1.4107696745290366
25 225 1.0721689005337454 1.4772613986101926 0.516065730062949 0.516065730062949 0.5550850161382277 0.6635951323866903 0.8255222922399867 1.0111490290643452 1.1672450252533193 1.4772613986101926
26 234 0.7681562766916792 1.3321857670327044 0.48208200212285124 0.48208200212285124 0.561801941064227 0.7182533192009666 0.7881869623287077 0.8988926411017597 1.156846415792174 1.3321857670327044
32 288 0.7297807727663442 1.4154661393010441 0.38990085520599677 0.38990085520599677 0.5387473726255017 0.6311352395980423 0.7312821841175486 0.8921141767463384 1.0836092310956669 1.4154661393010441
28 252 0.6875388642535339 1.2707435322250775 0.4426722202149349 0.4426722202149349 0.5665232188460467 0.7210972050846653 0.8456605045541172 0.9403892487028835 1.0900637464616005 1.2707435322250775
29 261 0.6254526289227319 1.2813915512951781 0.40974580221588863 0.40974580221588863 0.5327815812729215 0.7159641621002759 0.8255694474842804 0.9547964903582185 1.0984881892117093 1.2813915512951781
27 243 0.7050928765426638 1.3386342347839677 0.4564905043579551 0.4564905043579551 0.5265788193941938 0.7014326388466255 0.7704101268130156 0.8976248897220737 1.2540339473207944 1.3386342347839677
33 297 0.8204027583882915 1.538411447761284 0.39008472268710886 0.39008472268710886 0.5298176426838206 0.6475474583046934 0.7093211955964288 0.8892453215013182 1.1149020359480868 1.538411447761284
26 234 1.008275378720908 1.4580463889238016 0.5065304164321741 0.5065304164321741 0.5573843002204234 0.6588670784885731 0.8275257024886288 0.9961127435809993 1.1907256053737285 1.4580463889238016
30 270 0.5816162247670539 1.2508089024951974 0.4024886760556171 0.4024886760556171 0.5150945406850092 0.670528230171513 0.8226776831982946 0.9756925138822286 1.0983591690545071 1.2508089024951974
28 252 0.7017336653501243 1.2941214368568867 0.45122651411320863 0.45122651411320863 0.4963735436949044 0.6928801196174085 0.7613813205130326 0.8623821000757208 1.2815920196008574 1.2941214368568867
34 306 0.7625447349496705 1.5592457610867112 0.36430870535399706 0.36430870535399706 0.5192489683393698 0.66210814374248 0.7065841508538768 0.8813026292022081 1.184900743525699 1.5592457610867112
27 243 0.9351452479760798 1.4226398054262286 0.49501320049853237 0.49501320049853237 0.5178785036980534 0.6498091114668454 0.7926411824911407 0.9969254209780416 1.232703903142957 1.4226398054262286
35 315 0.7592443561947064 1.5879807445500942 0.3540727708309693 0.3540727708309693 0.5121598278420578 0.6472264581692038 0.6861881150171218 0.8539590880374706 1.178951790783628 1.5879807445500942
31 279 0.5799773043221603 1.2950081177462758 0.3756948886591475 0.3756948886591475 0.5114667551307537 0.6644051571835553 0.8408100945408578 0.9590508823586666 1.0651090880713538 1.2950081177462758
29 261 0.7920370752448409 1.2973954944724846 0.4435233205548559 0.4435233205548559 0.49034619503531024 0.6838143010584595 0.7258205165581685 0.9589937843247003 1.2046398812888999 1.2973954944724846
28 252 1.0631831672356988 1.3736534892264654 0.4756702186109616 0.4756702186109616 0.5076561525470487 0.6403417227647856 0.7746137843287821 0.9770894687198189 1.2521981672022306 1.3736534892264654
36 324 0.7136639130885777 1.5842965258578519 0.35792611787242795 0.35792611787242795 0.5075298082679912 0.6189213995977567 0.6802646857023082 0.8510438350026699 1.191213448704294 1.5842965258578519
32 288 0.5343070928201548 1.278301070157224 0.38129103595767905 0.38129103595767905 0.5130426001597433 0.5939055819618366 0.8239531860663726 1.0031371317869264 1.0660118752560912 1.278301070157224
30 270 0.7218967891263484 1.305248496689745 0.45119907434880513 0.45119907434880513 0.4971172106628785 0.6824749575879947 0.7167894522517917 0.9756924733613568 1.232826897299341 1.305248496689745
33 297 0.5643748582433695 1.287549100717624 0.3642289334539152 0.3642289334539152 0.5122589609606362 0.5908224975345989 0.8261476078575397 0.9773203129684193 1.0480773752325765 1.287549100717624
37 333 0.6390427292754058 1.5932405354298962 0.35655154830446995 0.35655154830446995 0.49058752798582594 0.6004495443359449 0.6583750513779266 0.8496250244713468 1.2289365271763062 1.5932405354298962
29 261 1.182209904159518 1.384533999711294 0.42917714219345193 0.42917714219345193 0.51217457566835 0.6405986474046941 0.8491717537446143 0.9830482524583373 1.293296899453168 1.384533999711294
31 279 0.7219215182469046 1.276490920905187 0.44209165913519133 0.44209165913519133 0.4884775087863991 0.6627907110520083 0.728180161618093 0.956154927325289 1.1735837881706122 1.276490920905187
34 306 0.5091767650565273 1.3399902494849103 0.35767526887955975 0.35767526887955975 0.48010163452696913 0.5714324040061978 0.8128432483214312 0.9941981104905484 1.116410543658118 1.3399902494849103
38 342 0.6517163335232932 1.5845751434940067 0.3413374563041274 0.3413374563041274 0.4940215406333577 0.5837582139123574 0.6644120295803257 0.8239764160423801 1.2038394861027601 1.5845751434940067
30 270 1.3069666076058317 1.4787742289117247 0.42512269712632583 0.42512269712632583 0.5126950186612246 0.608750518092172 0.8688645524486532 0.9656791081084843 1.2262973361493008 1.4787742289117247
32 288 0.7334966230002997 1.2603739274759216 0.45313175112639736 0.45313175112639736 0.47845921021461413 0.6839835986699927 0.7174189715884257 0.9340181057201611 1.153385972160568 1.2603739274759216
35 315 0.5344530792151562 1.3461751360075387 0.3487841067488935 0.3487841067488935 0.46434035775916593 0.5704477146643838 0.7877968059493956 0.9404008452309305 1.101443318957028 1.3461751360075387
39 351 0.7035829079531901 1.6582133663666103 0.32517615255543914 0.32517615255543914 0.4689875910228379 0.5567484774936555 0.6497116481027239 0.8178179850698066 1.2711818351771909 1.6582133663666103
31 279 1.432722660485694 1.6476222032886578 0.41100210208412397 0.41100210208412397 0.5139776457186576 0.5826964388557475 0.8345832743050309 0.9796654072433677 1.2059070507552168 1.6476222032886578
36 324 0.6139364126373382 1.3783437603221886 0.34579762188655533 0.34579762188655533 0.4518751374918947 0.5313046669243066 0.7911320504092058 0.9766891304159928 1.0958467640903098 1.3783437603221886
33 297 0.7180912608939941 1.2283762968804508 0.44821541725305536 0.44821541725305536 0.4818755214713976 0.6765567696931571 0.7400136417209072 0.944666061609943 1.1599151311317735 1.2283762968804508
40 360 0.7778850499830049 1.7467029870197326 0.2862108194316109 0.2862108194316109 0.46314520129933046 0.5543795341424683 0.6468104724702607 0.7992389894271407 1.338907047210715 1.7467029870197326
37 333 0.6727690170123938 1.4766323393348852 0.3253284658915374 0.3253284658915374 0.47925332283427247 0.522875390481004 0.8422099220237803 0.9966398525332221 1.079757129528925 1.4766323393348852
32 288 1.4422596348104888 1.6880753935787307 0.4008375620723431 0.4008375620723431 0.5093145287129069 0.5819331037375275 0.8072816857333952 1.0780982990180379 1.2107182210777616 1.6880753935787307
34 306 0.6953099598483501 1.233467715732118 0.43208135394021024 0.43208135394021024 0.48938602302016987 0.6853495179070163 0.7253043344429166 0.9263058735047782 1.1407678703626822 1.233467715732118
41 369 0.8125877711233376 1.8131030980248823 0.27423869955505575 0.27423869955505575 0.45868658808508883 0.5378487117717927 0.6581603830534053 0.8161850289902385 1.339891804541776 1.8131030980248823
38 342 0.6909262246347135 1.5802059392961672 0.3035965143385644 0.3035965143385644 0.476274748785122 0.5174129023961379 0.827373896182338 0.9790458831143399 1.0616395572603723 1.5802059392961672
42 378 0.7702415809118296 1.74660875198209 0.2682930049267977 0.2682930049267977 0.4541569222010631 0.5375063731873209 0.6424893496266836 0.8622165094334325 1.3029213810330285 1.74660875198209
33 297 1.3476347697255713 1.6454496095197078 0.3897222558949318 0.3897222558949318 0.5112791245078852 0.5749700752832136 0.8150043275369436 1.124866343320691 1.1722657209278546 1.6454496095197078
35 315 0.7166676294814388 1.249863887838892 0.4140260799563683 0.4140260799563683 0.4665324985948776 0.6935035957464818 0.7497646961303237 0.9120478027549753 1.1055159290463326 1.249863887838892
39 351 0.5990219027956181 1.7117646067438157 0.29600926341504924 0.29600926341504924 0.45404343241540585 0.4822677852467545 0.8095454294449198 0.9721702494663385 1.0478009368900028 1.7117646067438157
43 387 0.7244209505424327 1.7207556157551829 0.25579811662764057 0.25579811662764057 0.42147325257564916 0.5334490156695337 0.6397239746576736 0.8588985831428158 1.2985864459052647 1.7207556157551829
36 324 0.6680117089078825 1.3416596529452869 0.40832854338739477 0.40832854338739477 0.45015776624340625 0.6869931324696663 0.7402048815575525 0.9221670424201907 1.09057496025314 1.3416596529452869
34 306 1.476087013912106 1.6523628977317073 0.38272609714500816 0.38272609714500816 0.5047599292931273 0.5568170111586646 0.8114661688263983 1.0791767455702708 1.1873069013351045 1.6523628977317073
40 360 0.5235010543353521 1.6944497004452792 0.273189945066131 0.273189945066131 0.4454285820698031 0.48423123270407636 0.778791481153386 0.9703838180930597 1.03018105371199 1.6944497004452792
44 396 0.73644010265179 1.7173938179668247 0.2440385772300038 0.2440385772300038 0.40776185354663325 0.5255200552147433 0.6611096604234352 0.8353888822860823 1.3163494622003262 1.7173938179668247
41 369 0.46536342040755924 1.6926636313910361 0.26567329393386896 0.26567329393386896 0.4298614990240937 0.48021374169410797 0.7800419633307375 0.9348061032343385 1.0526317516970516 1.6926636313910361
37 333 0.6249753772339715 1.3563128228234613 0.40881041965109643 0.40881041965109643 0.42944566041857185 0.665381606126308 0.7091041910316132 0.9219709760942394 1.095109992350606 1.3563128228234613
35 315 1.3788006995708955 1.6648261165819438 0.3605825769964647 0.3605825769964647 0.5082326364622242 0.5482635145604564 0.8005062315044991 1.0727584884271921 1.3226254162286935 1.6648261165819438
45 405 0.6583425790312925 1.6888379276727918 0.23665289324136254 0.23665289324136254 0.39905417375249425 0.5035089468909508 0.662973558836714 0.8825183717859824 1.316488930633967 1.6888379276727918
42 378 0.4197363672836891 1.661627106560811 0.2557914677427826 0.2557914677427826 0.4269682519766254 0.46960593793181055 0.787903269303756 0.9278156853507236 1.0348607405867603 1.661627106560811
38 342 0.6254429755391304 1.3618501250042492 0.3976620317496138 0.3976620317496138 0.4306268299125807 0.6517491170979386 0.6985099389907865 0.8894442578927342 1.0929436719745556 1.3618501250042492
46 414 0.6020681748913508 1.6646761852611451 0.230636500685046 0.230636500685046 0.4064733088781742 0.503172437394876 0.661061858629806 0.8694506508378004 1.3042240109436907 1.6646761852611451
43 387 0.38460559374094205 1.644720916762382 0.2500128756526087 0.2500128756526087 0.420538484805845 0.4685695137704838 0.7588025324431518 0.8730802080841104 1.0252364671330747 1.644720916762382
36 324 1.4387965712977722 1.621894608810149 0.3488024745657455 0.3488024745657455 0.5048834953223486 0.523985936460908 0.7851892256272421 1.0530023546149951 1.3433469341741289 1.621894608810149
39 351 0.5983976871415343 1.3358638474151279 0.3927495964797874 0.3927495964797874 0.4220281971321538 0.6200983199930368 0.6955391258734797 0.8850631096163031 1.1660585615464207 1.3358638474151279
44 396 0.34848283902892874 1.6592438840377557 0.2514879196360547 0.2514879196360547 0.4192052426659421 0.4626706948108817 0.7341421587768174 0.8552039593981595 0.979193320153569 1.6592438840377557
47 423 0.5588199848446469 1.6930122166992152 0.23194624093399974 0.23194624093399974 0.39500348228500015 0.4774684315577864 0.6398636240861459 0.8951679306733468 1.2862737314695343 1.6930122166992152
40 360 0.6541964034620004 1.3483933349723545 0.3720763460844414 0.3720763460844414 0.4300995709962778 0.6089208401677587 0.6779222117963523 0.8941170126013894 1.1078484873848544 1.3483933349723545
45 405 0.3498811412059879 1.6882414074319212 0.2373908797793581 0.2373908797793581 0.39325912287406634 0.44626406675171215 0.7291480572770731 0.8462799369532007 0.9837997875928347 1.6882414074319212
48 432 0.5653839613013085 1.712212950834303 0.2246064414025788 0.2246064414025788 0.3984963724715897 0.43417642700629755 0.6381769886947036 0.8896191082338528 1.2624544480070936 1.712212950834303
37 333 1.4914209248631802 1.5808875552656234 0.33817163686196056 0.33817163686196056 0.4784617771064847 0.5318000111164377 0.8539997268622926 1.0647696229674286 1.3157101743366797 1.5808875552656234
46 414 0.38017462605006047 1.731027150995878 0.2320140371930064 0.2320140371930064 0.37608889862611256 0.4330456443155617 0.7328293546116503 0.8568803010489643 0.9940114909490801 1.731027150995878
41 369 0.6241249913699289 1.3357779505206617 0.3623634463468487 0.3623634463468487 0.4125918824306986 0.5815702946571261 0.6861304489296509 1.0034190550596693 1.1138078925785926 1.3357779505206617
49 441 0.513960908030265 1.6849100150240306 0.2166036468215515 0.2166036468215515 0.40502041005762385 0.4167772060878869 0.6244029547875838 0.9010514584395721 1.3323437050077889 1.6849100150240306
38 342 1.4946105880547946 1.5103476883057105 0.31173297442040115 0.31173297442040115 0.4792321682436812 0.5489713546396057 0.8384407390062054 1.068143057459308 1.3790587736652642 1.5103476883057105
47 423 0.3720947939038247 1.6985691953728281 0.22730326372197443 0.22730326372197443 0.3697844327442169 0.42926204035165105 0.7395750460649031 0.8591083067655937 1.081547653205212 1.6985691953728281
50 450 0.4611738696922731 1.6316821909333619 0.20167126346712508 0.20167126346712508 0.401226455027558 0.4055331214868902 0.6115506097821425 0.9212529316750677 1.3254846981966117 1.6316821909333619
42 378 0.6056041384735815 1.3775054469893881 0.37394403277432275 0.37394403277432275 0.4176567424368861 0.5902486878343098 0.655848318368814 0.9890197808024306 1.031634789991348 1.3775054469893881
48 432 0.38393960663056453 1.6507193992842726 0.2178467942925259 0.2178467942925259 0.37223782707981984 0.4194076557033737 0.7368371412617276 0.8554668295035583 1.0698945284061818 1.6507193992842726
51 459 0.431179065053711 1.6286515619417659 0.20571625115741746 0.20571625115741746 0.3916754706779704 0.4017467901485073 0.6074558001220987 0.8999264128934845 1.2540628043867472 1.6286515619417659
39 351 1.4059657532124283 1.4825667312084252 0.28970919827646724 0.28970919827646724 0.4744926907249903 0.5921401489867187 0.8169237510972387 1.101753371295668 1.289544658709016 1.4825667312084252
49 441 0.42503238102622104 1.7192596231833097 0.21739134283138806 0.21739134283138806 0.35990361090096845 0.42402873201301705 0.7098652656007807 0.8807399477342153 1.0964537948915534 1.7192596231833097
52 468 0.42202602841955705 1.6107263563949779 0.20343299251803773 0.20343299251803773 0.37453727643083984 0.41188022929125806 0.6055433899197344 0.8851829519454568 1.1839425055721395 1.6107263563949779
43 387 0.5554794087329132 1.3247408201202757 0.3643936176661509 0.3643936176661509 0.42928396709540867 0.5918200305244474 0.6285062592614349 0.9715885162568115 1.0191880931699981 1.3247408201202757
50 450 0.41351948332431265 1.9966919336574387 0.20011429387524224 0.20011429387524224 0.3573773530940607 0.4111157129664739 0.7208368645520992 0.8447576252774683 1.0862129255153705 1.9966919336574387
53 477 0.39774045063302466 1.6170952939118202 0.2027583899492465 0.2027583899492465 0.36506707737439636 0.4127211240873612 0.5959930926375114 0.8967644457494314 1.1110184732127653 1.6170952939118202
44 396 0.5045839113343629 1.3703846608686863 0.3686885725622658 0.3686885725622658 0.42301189521316335 0.5830526342505108 0.5920160936190005 0.9600582514218313 0.985502268340762 1.3703846608686863
40 360 1.6324456853394016 1.4751076584814133 0.25804354980743727 0.25804354980743727 0.4587545809392142 0.6042912528414021 0.8075564096156073 1.0942525071722164 1.3219271454209593 1.4751076584814133
51 459 0.3856118796880963 2.0157519791482628 0.19985326198433298 0.19985326198433298 0.3463473790628458 0.4121218582617924 0.7104749253381742 0.8386781454116738 1.0183784103020264 2.0157519791482628
54 486 0.35724897903066677 1.6028058325755505 0.19951601677550562 0.19951601677550562 0.35927853335324217 0.3937161734770506 0.5987955236096375 0.9269125071454095 1.0955009876692805 1.6028058325755505
52 468 0.3797580323493134 2.0160268858530768 0.1926877163625881 0.1926877163625881 0.3452047056016049 0.392263342610523 0.7064843271676924 0.8144553000129655 1.0039784211325875 2.0160268858530768
45 405 0.47946723931555185 1.4059069817387075 0.3521125734027369 0.3521125734027369 0.40464686430352215 0.5693609450433702 0.5942570889948299 0.8880098870534424 0.9999647670899636 1.4059069817387075
55 495 0.35673137880707195 1.570694244511594 0.1982574095928977 0.1982574095928977 0.35630778718793676 0.38727800428685044 0.6018452757895894 0.8892165047426097 1.1072559405737623 1.570694244511594
41 369 1.7530115409717535 1.5627480945505097 0.25558668071214935 0.25558668071214935 0.46037771480162865 0.6187701474853516 0.7978749136512978 1.0890397285664728 1.328302363509653 1.5627480945505097
53 477 0.35772423510329365 2.0549355931505517 0.18507471978712456 0.18507471978712456 0.3443619470665154 0.3696412231291482 0.6911253548633257 0.8357886607597097 0.9901592417124792 2.0549355931505517
46 414 0.4634113812235238 1.4200444528343696 0.335300478830279 0.335300478830279 0.40406928275979076 0.5643429108700999 0.6271583572109368 0.8595641163162429 1.014500480483522 1.4200444528343696
56 504 0.3592395311269508 1.5169194142325138 0.19893632006957016 0.19893632006957016 0.35268167512596366 0.38107486147589464 0.6055656798507967 0.8945226311689277 1.1090732048654544 1.5169194142325138
54 486 0.37805104772764636 2.025634158401731 0.18217157649131782 0.18217157649131782 0.31719432526011304 0.3659614536876546 0.6908250678574297 0.8475406947332164 0.9820135425582522 2.025634158401731
47 423 0.5093819322550006 1.402886264844371 0.325646027034567 0.325646027034567 0.40086322857782064 0.5647265879062656 0.6314356763016324 0.8409189256040618 1.0054431388270977 1.402886264844371
57 513 0.3279293478192087 1.6273206261840887 0.19975240390441368 0.19975240390441368 0.3263440349640401 0.3729611993717495 0.6088785874144365 0.9177997335824831 1.0993935423276102 1.6273206261840887
58 522 0.30355066843224987 1.572377515603233 0.1955772395830644 0.1955772395830644 0.31793560976226837 0.36201247846996937 0.6107387874470566 0.9491293985838586 1.0815945824686286 1.572377515603233
48 432 0.47780655029277613 1.556701137885132 0.30736219077648663 0.30736219077648663 0.4016696663384397 0.5968877640044289 0.6296779389193529 0.8217118632744038 0.9577416895539704 1.556701137885132
42 378 1.6295173488230692 1.5495392503780876 0.2506212359863877 0.2506212359863877 0.44570993888519855 0.6257058515460446 0.7991514603458184 1.053280831816919 1.4449950070937203 1.5495392503780876
55 495 0.362515505343256 2.0856920356468867 0.18017053851865839 0.18017053851865839 0.32773545723426023 0.3555998569272176 0.6921255412685915 0.8413753613441506 0.9692480043346047 2.0856920356468867
59 531 0.29004479457023014 1.5689804067623652 0.1871184912920183 0.1871184912920183 0.312317603343927 0.35270453311724825 0.603690379501462 0.9459334136319059 1.0451625172867292 1.5689804067623652
49 441 0.45367631176369355 1.526945630772316 0.30112624130745036 0.30112624130745036 0.39131205524553986 0.5953932966437472 0.6680245945791747 0.8211979816758261 0.9171907190805512 1.526945630772316
56 504 0.3542788767201548 2.0235378498598333 0.17082062533066472 0.17082062533066472 0.32805534658798663 0.36137595133285677 0.7116730506392506 0.8275856871169994 0.9224320217681775 2.0235378498598333
60 540 0.28564181959206486 1.6089817052140192 0.17716921562071225 0.17716921562071225 0.3051793958167751 0.3523782571320887 0.5693971804587689 0.9538617023623711 1.0373886726519101 1.6089817052140192
50 450 0.4646285820583307 1.5258237669090517 0.2802966744331439 0.2802966744331439 0.392132183594244 0.5721277261650439 0.671700123067006 0.8110054656834201 0.9243544041132252 1.5258237669090517
43 387 1.549787240971034 1.5337798955522057 0.24261277790035865 0.24261277790035865 0.41533831914037783 0.6177353022299641 0.7935631260842382 1.021876208807246 1.4446083295714176 1.5337798955522057
61 549 0.27181871439444905 1.6434784602784318 0.16816497144996043 0.16816497144996043 0.3036826061757011 0.34974873992146216 0.5890300013740511 0.9582778668474665 0.9990700034991169 1.6434784602784318
57 513 0.32462427525028115 2.0287687250356035 0.16319328253793045 0.16319328253793045 0.32397330401929597 0.351657126207239 0.7141512033138978 0.8166800706244581 0.940498388969835 2.0287687250356035
51 459 0.5056961092349643 1.6170786107887942 0.27215875836898884 0.27215875836898884 0.39915347456228045 0.5765369127564871 0.6436302575041702 0.8143126436986325 0.8821911425326914 1.6170786107887942
62 558 0.2536873844144717 1.6686997633515805 0.167119795262875 0.167119795262875 0.3005176937490189 0.34580836359886286 0.5996218662941882 0.9242681322329215 0.9800692177597041 1.6686997633515805
52 468 0.4964915336694217 1.645321256084179 0.2654694992808404 0.2654694992808404 0.4291325030348108 0.5341788516308786 0.6382804218021672 0.7812039626457582 0.9091425223882859 1.645321256084179
58 522 0.29959939358356846 1.9978500176363063 0.158248756091144 0.158248756091144 0.31452749064843566 0.3500877874628808 0.6810968469795687 0.8257000249077032 0.9357651257124008 1.9978500176363063
63 567 0.23444472066659075 1.702093491355031 0.15072208278380828 0.15072208278380828 0.3039973402005459 0.33981916798488615 0.6035667004976523 0.9182490056133197 0.9854628471855952 1.702093491355031
44 396 1.409167625425221 1.5396907440210619 0.23876243209348447 0.23876243209348447 0.4077271777795544 0.6002544379190216 0.8275802946978532 1.0139702795161754 1.363925033573642 1.5396907440210619
53 477 0.4405280762186212 1.5969379920009856 0.26061500332254106 0.26061500332254106 0.41782264786134804 0.5092424955570467 0.6314933088387776 0.7783917188934356 0.9424185523910735 1.5969379920009856
64 576 0.20381445555295638 1.7248312678874596 0.14144089015256986 0.14144089015256986 0.31063785446499326 0.3428028850948858 0.5773414194012889 0.9067563928555805 0.9801530532138715 1.7248312678874596
59 531 0.2993568205527806 2.013378805569895 0.1467174815891245 0.1467174815891245 0.3183871279639207 0.34700689171832744 0.673425513662553 0.8166856962330589 0.9118231214239221 2.013378805569895
54 486 0.4526906465188904 1.5750922464998576 0.2543158576037866 0.2543158576037866 0.4008118327096238 0.48848705317988056 0.6161189893555208 0.791566099867546 0.9310524024224606 1.5750922464998576
65 585 0.20872605759388482 1.753863559949166 0.13142988834754957 0.13142988834754957 0.3006587605658352 0.3439707459020996 0.5737269474999052 0.9017015410718126 0.9348405830865353 1.753863559949166
45 405 1.4199970528754011 1.4942449295638551 0.2387958508563538 0.2387958508563538 0.3910593670770757 0.5817581684058423 0.8135040597685129 1.04216882982318 1.3256266564584356 1.4942449295638551
60 540 0.306662144530618 2.0542911741662495 0.14706761028545004 0.14706761028545004 0.3166319342870489 0.3441976448680176 0.6433521554227131 0.8063864580108134 0.8942993402097404 2.0542911741662495
55 495 0.4302752567906565 1.580172740127343 0.252674999553744 0.252674999553744 0.4026270379305852 0.45292673682312323 0.6277739782844045 0.8157113084702255 0.9315632272144052 1.580172740127343
66 594 0.18510148406463606 1.7831810378325814 0.12559564485503075 0.12559564485503075 0.29642973735766787 0.33151824295286586 0.6060051652805583 0.8901429513124985 0.9341846498490377 1.7831810378325814
56 504 0.4271375623527276 1.5089765697899 0.241743125552525 0.241743125552525 0.40155606932860977 0.4568997526307698 0.6472177880620149 0.81420942174188 0.8926609793822703 1.5089765697899
67 603 0.18113482156908306 1.6503042591462866 0.12116027775093784 0.12116027775093784 0.2916519125078548 0.3304490252541099 0.6163490834668335 0.889141399993854 0.9297605132918609 1.6503042591462866
67 603 0.18113482156908306 1.6503042591462866 0.12116027775093784 0.12116027775093784 0.2916519125078548 0.3304490252541099 0.6163490834668335 0.889141399993854 0.9297605132918609 1.6503042591462866
61 549 0.3064257562865161 2.166326716630194 0.13911998141564164 0.13911998141564164 0.3168831701411823 0.33647080873069796 0.6271591014755209 0.8204347119445626 0.9064425028674306 2.166326716630194
46 414 1.4713558673525216 1.608341848509402 0.24177122575270657 0.24177122575270657 0.37124721898023233 0.5389426384403665 0.8100160618072749 1.0337271168244846 1.3208015135735771 1.608341848509402
57 513 0.389701105859781 1.5379957398885498 0.23593824578015976 0.23593824578015976 0.40740453666769927 0.4674334001161016 0.6369223401181334 0.8051964944478255 0.8495068062004212 1.5379957398885498
62 558 0.302737564673215 2.092143744076776 0.14048254345162553 0.14048254345162553 0.3085946196932913 0.3323294149247148 0.6248724809097863 0.8261729010432262 0.9201005225963729 2.092143744076776
47 423 1.4304916056025245 1.7209668979071546 0.23881903382068592 0.23881903382068592 0.37135325109442474 0.533485834794995 0.8210030540332572 1.0061573939080066 1.2729844978975047 1.7209668979071546
58 522 0.3899950461826243 1.568926824779283 0.22915225076233803 0.22915225076233803 0.4111716289595463 0.4722471774402667 0.5689819342679939 0.7726657911921658 0.8716225121235524 1.568926824779283
63 567 0.3190090617137068 2.062776900299201 0.1355292405588726 0.1355292405588726 0.31846730840883125 0.3347557821383141 0.6309896730735911 0.8247661569595435 0.8968335398563678 2.062776900299201
59 531 0.35348842895870886 1.5985619053274498 0.23359712142964115 0.23359712142964115 0.39148887409681465 0.4660735296311215 0.5679414918389682 0.7440123710267172 0.8671404250800392 1.5985619053274498
48 432 1.4189033715718802 1.7735051567285727 0.23974517134844742 0.23974517134844742 0.3600588520455238 0.49305660346274516 0.8241889755993593 0.9839956610148862 1.2347569073106637 1.7735051567285727
64 576 0.29346587969427046 2.029768998731967 0.1331066168529286 0.1331066168529286 0.3161103869856104 0.36218145013083225 0.5942465392714127 0.8109001290521198 0.9192401518251214 2.029768998731967
60 540 0.3315962746734626 1.5556018363410518 0.22905669823852956 0.22905669823852956 0.381687017789793 0.4611350075663415 0.5491726852898641 0.7486673335494392 0.846220076309891 1.5556018363410518
61 549 0.32376738375792924 1.5263051044539686 0.2195622055011521 0.2195622055011521 0.37980806860062605 0.4700048243567087 0.5477518927163421 0.7685283679150601 0.8225732786954989 1.5263051044539686
65 585 0.26763119311779987 2.0662774234269983 0.12571476951103838 0.12571476951103838 0.3068369575787392 0.35415739383576517 0.6040122455507537 0.8207490707641563 0.8729808926182951 2.0662774234269983
49 441 1.3370472334574839 1.7127540596151591 0.23301395901369035 0.23301395901369035 0.368078671238822 0.48487958469130593 0.7696246550764275 0.9967551167729025 1.2955502373693324 1.7127540596151591
62 558 0.32464785242446104 1.4995353348413343 0.21926621671053523 0.21926621671053523 0.3846050292105605 0.4620328600250695 0.5725896157989264 0.7324721204906799 0.8106718632940662 1.4995353348413343
66 594 0.26241098995669376 2.115118777549045 0.11721802017652024 0.11721802017652024 0.3065884232379101 0.3578454693453273 0.5687494117121059 0.8031263771091931 0.8715254322225423 2.115118777549045
50 450 1.2109162623539844 1.7368309125632466 0.21669923422785914 0.21669923422785914 0.36451208753899267 0.46475675468416694 0.7609977464528997 1.0509478450083327 1.2854668941034924 1.7368309125632466
63 567 0.2855241952869358 1.5041433619755649 0.2071172971604705 0.2071172971604705 0.3997666180811697 0.45453826968121414 0.5774336385448621 0.7328623054420733 0.8117386689025431 1.5041433619755649
67 603 0.24674345892912933 2.059280272138442 0.11219751014887823 0.11219751014887823 0.30550038345525354 0.37669882480764477 0.5619895869026095 0.796701520382588 0.8523020694645026 2.059280272138442
67 603 0.24674345892912933 2.059280272138442 0.11219751014887823 0.11219751014887823 0.30550038345525354 0.37669882480764477 0.5619895869026095 0.796701520382588 0.8523020694645026 2.059280272138442
64 576 0.2572442916068891 1.5081127658889357 0.20168113551397662 0.20168113551397662 0.40623756431005237 0.4440570220794662 0.554641724220976 0.7252616331527401 0.8119070398785587 1.5081127658889357
51 459 1.2554955550869504 1.64266391068148 0.21410337232665982 0.21410337232665982 0.35957995268524157 0.4792468767797686 0.7076621697099613 1.0694847085259727 1.2846924927680934 1.64266391068148
65 585 0.2277937544887515 1.541379778752449 0.18151455833651503 0.18151455833651503 0.40004312072281695 0.45102513654533305 0.5430882131123501 0.713143970191461 0.8182832294048428 1.541379778752449
66 594 0.22779654754832554 1.5254560570374074 0.1707567617435168 0.1707567617435168 0.38682921095876077 0.4418255955160573 0.5403202981499575 0.7114461744341766 0.8065650627303578 1.5254560570374074
52 468 1.1248839643321034 1.6525793215564328 0.21808654627579868 0.21808654627579868 0.3284892303129127 0.4927094797319608 0.7076213535484878 1.0911223578707803 1.2716502092091324 1.6525793215564328
67 603 0.21961785256306549 1.5257419616877774 0.17251759570222572 0.17251759570222572 0.3851143041669424 0.4390703305002512 0.542051020563459 0.6829245177377083 0.7968150675190226 1.5257419616877774
67 603 0.21961785256306549 1.5257419616877774 0.17251759570222572 0.17251759570222572 0.3851143041669424 0.4390703305002512 0.542051020563459 0.6829245177377083 0.7968150675190226 1.5257419616877774
53 477 0.9189979913384402 1.6062973352212968 0.21635236692150908 0.21635236692150908 0.3209086259439009 0.46529625877457464 0.7038927461937218 1.0794819411965533 1.2890213460004891 1.6062973352212968
54 486 0.864575855677314 1.6397771677402853 0.21192488723117514 0.21192488723117514 0.3104098115930302 0.45914531564542155 0.6844239069879973 1.0453164497064078 1.258432911617066 1.6397771677402853
55 495 0.938386532144115 1.615008300727717 0.2142194260469194 0.2142194260469194 0.3129998885708821 0.44371111349383097 0.6839398985509968 1.0339697271915695 1.2331779971552645 1.615008300727717
56 504 1.018107371582691 1.554553756190383 0.20512008716259247 0.20512008716259247 0.31658977341274136 0.4459807074612888 0.7735665809745995 1.0126983138524148 1.1805720770013923 1.554553756190383
57 513 1.0079561763995055 1.4851086864196275 0.19722960091274552 0.19722960091274552 0.3122352566238787 0.45052204856142464 0.8251634436509342 1.0043508929054752 1.1927507392078527 1.4851086864196275
58 522 0.9823002630566823 1.4240683303803725 0.19391522861866142 0.19391522861866142 0.3048422824296391 0.43986913290689333 0.8147787447478364 1.0708929483306397 1.186742528387688 1.4240683303803725
59 531 0.8647541348258057 1.4272620494112598 0.1873198251197151 0.1873198251197151 0.2956502921974297 0.4361507387764546 0.7983688771160079 1.049994564313593 1.1917589687725743 1.4272620494112598
60 540 0.8024197338476213 1.3744496739758492 0.1814797519933001 0.1814797519933001 0.2815435949042212 0.4344806964818021 0.7872395434499847 1.0505809864896494 1.175969891304358 1.3744496739758492
61 549 0.839394014972833 1.3592573030816537 0.17326620459851344 0.17326620459851344 0.2759208106340476 0.4332708849494033 0.7726164433254985 1.0609714958367087 1.2238728685137545 1.3592573030816537
62 558 0.8458830935890458 1.337892107485014 0.1745529354983725 0.1745529354983725 0.269610542988642 0.4596096260904983 0.7413543908965182 1.1474480996955765 1.2033926905596357 1.337892107485014
63 567 0.8543370321383775 1.342843639364295 0.16549194207869855 0.16549194207869855 0.27605592254436084 0.46310645189116006 0.7453608515040957 1.1332102383664835 1.197458807993426 1.342843639364295
64 576 0.8182763514890325 1.3906961402396052 0.163487845440274 0.163487845440274 0.2662912177463554 0.4637062954854431 0.7113220483572421 1.1248119719136582 1.1854728052064585 1.3906961402396052
65 585 0.73330373706719 1.4139722408458637 0.15785985520005055 0.15785985520005055 0.2664607772783552 0.44456496111751775 0.684568746488103 1.097703865317126 1.191465403923561 1.4139722408458637
66 594 0.7248594984507443 1.4484628854819261 0.14561227923202594 0.14561227923202594 0.2602257245065921 0.43405873496234454 0.6608665096342485 1.0897956859676743 1.1779455231204372 1.4484628854819261
67 603 0.7081077302266787 1.3571415204940331 0.1414312649665264 0.1414312649665264 0.2567355254134871 0.4348347540584617 0.7027779250277513 1.0791576373977536 1.1994774057597406 1.3571415204940331
67 603 0.7081077302266787 1.3571415204940331 0.1414312649665264 0.1414312649665264 0.2567355254134871 0.4348347540584617 0.7027779250277513 1.0791576373977536 1.1994774057597406 1.3571415204940331
