% # columns="iteration, evaluation, min 25%tile 75%tile max correlation, correlation matrix principal axes lengths  (sorted square roots of eigenvalues of correlation matrix)", seed=2567, Fri Aug 28 18:28:04 2026
43377
1 9 -0.11327771559412578 -0.04053198717419232 0.0370296350379438 0.07706264220371578 0.8828105538039668 0.9689940271173254 0.9863193022900254 0.9899852974743021 1.0256556514688568 1.0400682657754212 1.0932007744943377
1 9 -0.11327771559412578 -0.04053198717419236 0.0370296350379438 0.07706264220371578 0.8828105538039667 0.9689940271173252 0.9863193022900252 0.9899852974743021 1.0256556514688568 1.040068265775421 1.0932007744943375
2 18 -0.11327771559412578 -0.04053198717419236 0.0370296350379438 0.07706264220371578 0.8828105538039667 0.9689940271173252 0.9863193022900252 0.9899852974743021 1.0256556514688568 1.040068265775421 1.0932007744943375
2 18 -0.11327771559412578 -0.04053198717419233 0.03702963503794379 0.07706264220371575 0.8828105538039669 0.9689940271173255 0.9863193022900252 0.9899852974743022 1.025655651468857 1.040068265775421 1.0932007744943382
2 18 -0.11327771559412578 -0.04053198717419232 0.0370296350379438 0.07706264220371578 0.8828105538039668 0.9689940271173254 0.9863193022900254 0.9899852974743021 1.0256556514688568 1.0400682657754212 1.0932007744943377
2 18 -0.11327771559412578 -0.040531987174192353 0.0370296350379438 0.07706264220371578 0.8828105538039668 0.9689940271173253 0.9863193022900255 0.9899852974743021 1.0256556514688566 1.0400682657754212 1.0932007744943377
3 27 -0.11327771559412578 -0.04053198717419236 0.0370296350379438 0.07706264220371578 0.8828105538039667 0.9689940271173252 0.9863193022900252 0.9899852974743021 1.0256556514688568 1.040068265775421 1.0932007744943375
3 27 -0.11327771559412578 -0.04053198717419233 0.03702963503794379 0.07706264220371575 0.8828105538039669 0.9689940271173255 0.9863193022900252 0.9899852974743022 1.025655651468857 1.040068265775421 1.0932007744943382
3 27 -0.11327771559412578 -0.040531987174192353 0.0370296350379438 0.07706264220371578 0.8828105538039668 0.9689940271173253 0.9863193022900255 0.9899852974743021 1.0256556514688566 1.0400682657754212 1.0932007744943377
3 27 -0.11327771559412578 -0.04053198717419232 0.0370296350379438 0.07706264220371578 0.8828105538039668 0.9689940271173254 0.9863193022900254 0.9899852974743021 1.0256556514688568 1.0400682657754212 1.0932007744943377
4 36 -0.11327771559412578 -0.04053198717419233 0.03702963503794379 0.07706264220371575 0.8828105538039669 0.9689940271173255 0.9863193022900252 0.9899852974743022 1.025655651468857 1.040068265775421 1.0932007744943382
4 36 -0.11327771559412578 -0.04053198717419236 0.0370296350379438 0.07706264220371578 0.8828105538039667 0.9689940271173252 0.9863193022900252 0.9899852974743021 1.0256556514688568 1.040068265775421 1.0932007744943375
4 36 -0.11327771559412578 -0.04053198717419232 0.0370296350379438 0.07706264220371578 0.8828105538039668 0.9689940271173254 0.9863193022900254 0.9899852974743021 1.0256556514688568 1.0400682657754212 1.0932007744943377
4 36 -0.11327771559412578 -0.040531987174192353 0.0370296350379438 0.07706264220371578 0.8828105538039668 0.9689940271173253 0.9863193022900255 0.9899852974743021 1.0256556514688566 1.0400682657754212 1.0932007744943377
5 45 -0.11327771559412578 -0.04053198717419233 0.03702963503794379 0.07706264220371575 0.8828105538039669 0.9689940271173255 0.9863193022900252 0.9899852974743022 1.025655651468857 1.040068265775421 1.0932007744943382
5 45 -0.11327771559412578 -0.04053198717419236 0.0370296350379438 0.07706264220371578 0.8828105538039667 0.9689940271173252 0.9863193022900252 0.9899852974743021 1.0256556514688568 1.040068265775421 1.0932007744943375
6 54 -0.11327771559412578 -0.04053198717419233 0.03702963503794379 0.07706264220371575 0.8828105538039669 0.9689940271173255 0.9863193022900252 0.9899852974743022 1.025655651468857 1.040068265775421 1.0932007744943382
5 45 -0.11327771559412578 -0.04053198717419232 0.0370296350379438 0.07706264220371578 0.8828105538039668 0.9689940271173254 0.9863193022900254 0.9899852974743021 1.0256556514688568 1.0400682657754212 1.0932007744943377
5 45 -0.11327771559412578 -0.040531987174192353 0.0370296350379438 0.07706264220371578 0.8828105538039668 0.9689940271173253 0.9863193022900255 0.9899852974743021 1.0256556514688566 1.0400682657754212 1.0932007744943377
6 54 -0.11327771559412578 -0.04053198717419236 0.0370296350379438 0.07706264220371578 0.8828105538039667 0.9689940271173252 0.9863193022900252 0.9899852974743021 1.0256556514688568 1.040068265775421 1.0932007744943375
7 63 -0.11327771559412578 -0.04053198717419233 0.03702963503794379 0.07706264220371575 0.8828105538039669 0.9689940271173255 0.9863193022900252 0.9899852974743022 1.025655651468857 1.040068265775421 1.0932007744943382
6 54 -0.11327771559412578 -0.04053198717419232 0.0370296350379438 0.07706264220371578 0.8828105538039668 0.9689940271173254 0.9863193022900254 0.9899852974743021 1.0256556514688568 1.0400682657754212 1.0932007744943377
6 54 -0.11327771559412578 -0.040531987174192353 0.0370296350379438 0.07706264220371578 0.8828105538039668 0.9689940271173253 0.9863193022900255 0.9899852974743021 1.0256556514688566 1.0400682657754212 1.0932007744943377
7 63 -0.11327771559412578 -0.04053198717419236 0.0370296350379438 0.07706264220371578 0.8828105538039667 0.9689940271173252 0.9863193022900252 0.9899852974743021 1.0256556514688568 1.040068265775421 1.0932007744943375
8 72 -0.17401599968995674 -0.08511140239509128 0.11120337747050393 0.31253151155172804 0.680649616875288 0.8862417421993067 0.9192133947000275 0.9678803920671032 1.1059435491244767 1.1480810279971458 1.1951337893265828
7 63 -0.11327771559412578 -0.040531987174192353 0.0370296350379438 0.07706264220371578 0.8828105538039668 0.9689940271173253 0.9863193022900255 0.9899852974743021 1.0256556514688566 1.0400682657754212 1.0932007744943377
7 63 -0.11327771559412578 -0.04053198717419232 0.0370296350379438 0.07706264220371578 0.8828105538039668 0.9689940271173254 0.9863193022900254 0.9899852974743021 1.0256556514688568 1.0400682657754212 1.0932007744943377
8 72 -0.17401599968995254 -0.08511140239508934 0.11120337747051341 0.31253151155172065 0.6806496168752878 0.8862417421993083 0.9192133947000325 0.9678803920671011 1.105943549124477 1.1480810279971443 1.1951337893265803
9 81 -0.17401599968995674 -0.08511140239509128 0.11120337747050393 0.31253151155172804 0.680649616875288 0.8862417421993067 0.9192133947000275 0.9678803920671032 1.1059435491244767 1.1480810279971458 1.1951337893265828
8 72 -0.17401599968995446 -0.08511140239508708 0.11120337747050604 0.31253151155172354 0.6806496168752891 0.8862417421993054 0.919213394700031 0.967880392067102 1.1059435491244807 1.148081027997141 1.1951337893265828
8 72 -0.17401599968995396 -0.0851114023950913 0.11120337747050935 0.3125315115517291 0.6806496168752876 0.8862417421993075 0.9192133947000286 0.9678803920671016 1.105943549124477 1.148081027997146 1.195133789326583
9 81 -0.17401599968995254 -0.08511140239508934 0.11120337747051341 0.31253151155172065 0.6806496168752878 0.8862417421993083 0.9192133947000325 0.9678803920671011 1.105943549124477 1.1480810279971443 1.1951337893265803
10 90 -0.17401599968995674 -0.08511140239509128 0.11120337747050393 0.31253151155172804 0.680649616875288 0.8862417421993067 0.9192133947000275 0.9678803920671032 1.1059435491244767 1.1480810279971458 1.1951337893265828
9 81 -0.17401599968995446 -0.08511140239508708 0.11120337747050604 0.31253151155172354 0.6806496168752891 0.8862417421993054 0.919213394700031 0.967880392067102 1.1059435491244807 1.148081027997141 1.1951337893265828
9 81 -0.17401599968995396 -0.0851114023950913 0.11120337747050935 0.3125315115517291 0.6806496168752876 0.8862417421993075 0.9192133947000286 0.9678803920671016 1.105943549124477 1.148081027997146 1.195133789326583
10 90 -0.17401599968995254 -0.08511140239508934 0.11120337747051341 0.31253151155172065 0.6806496168752878 0.8862417421993083 0.9192133947000325 0.9678803920671011 1.105943549124477 1.1480810279971443 1.1951337893265803
11 99 -0.17401599968995674 -0.08511140239509128 0.11120337747050393 0.31253151155172804 0.680649616875288 0.8862417421993067 0.9192133947000275 0.9678803920671032 1.1059435491244767 1.1480810279971458 1.1951337893265828
10 90 -0.17401599968995446 -0.08511140239508708 0.11120337747050604 0.31253151155172354 0.6806496168752891 0.8862417421993054 0.919213394700031 0.967880392067102 1.1059435491244807 1.148081027997141 1.1951337893265828
10 90 -0.17401599968995396 -0.0851114023950913 0.11120337747050935 0.3125315115517291 0.6806496168752876 0.8862417421993075 0.9192133947000286 0.9678803920671016 1.105943549124477 1.148081027997146 1.195133789326583
11 99 -0.17401599968995254 -0.08511140239508934 0.11120337747051341 0.31253151155172065 0.6806496168752878 0.8862417421993083 0.9192133947000325 0.9678803920671011 1.105943549124477 1.1480810279971443 1.1951337893265803
12 108 -0.17401599968995674 -0.08511140239509128 0.11120337747050393 0.31253151155172804 0.680649616875288 0.8862417421993067 0.9192133947000275 0.9678803920671032 1.1059435491244767 1.1480810279971458 1.1951337893265828
11 99 -0.17401599968995446 -0.08511140239508708 0.11120337747050604 0.31253151155172354 0.6806496168752891 0.8862417421993054 0.919213394700031 0.967880392067102 1.1059435491244807 1.148081027997141 1.1951337893265828
11 99 -0.17401599968995396 -0.0851114023950913 0.11120337747050935 0.3125315115517291 0.6806496168752876 0.8862417421993075 0.9192133947000286 0.9678803920671016 1.105943549124477 1.148081027997146 1.195133789326583
12 108 -0.17401599968995254 -0.08511140239508934 0.11120337747051341 0.31253151155172065 0.6806496168752878 0.8862417421993083 0.9192133947000325 0.9678803920671011 1.105943549124477 1.1480810279971443 1.1951337893265803
13 117 -0.17401599968995674 -0.08511140239509128 0.11120337747050393 0.31253151155172804 0.680649616875288 0.8862417421993067 0.9192133947000275 0.9678803920671032 1.1059435491244767 1.1480810279971458 1.1951337893265828
12 108 -0.17401599968995446 -0.08511140239508708 0.11120337747050604 0.31253151155172354 0.6806496168752891 0.8862417421993054 0.919213394700031 0.967880392067102 1.1059435491244807 1.148081027997141 1.1951337893265828
12 108 -0.17401599968995396 -0.0851114023950913 0.11120337747050935 0.3125315115517291 0.6806496168752876 0.8862417421993075 0.9192133947000286 0.9678803920671016 1.105943549124477 1.148081027997146 1.195133789326583
13 117 -0.17401599968995254 -0.08511140239508934 0.11120337747051341 0.31253151155172065 0.6806496168752878 0.8862417421993083 0.9192133947000325 0.9678803920671011 1.105943549124477 1.1480810279971443 1.1951337893265803
14 126 -0.17401599968995674 -0.08511140239509128 0.11120337747050393 0.31253151155172804 0.680649616875288 0.8862417421993067 0.9192133947000275 0.9678803920671032 1.1059435491244767 1.1480810279971458 1.1951337893265828
13 117 -0.17401599968995446 -0.08511140239508708 0.11120337747050604 0.31253151155172354 0.6806496168752891 0.8862417421993054 0.919213394700031 0.967880392067102 1.1059435491244807 1.148081027997141 1.1951337893265828
13 117 -0.17401599968995396 -0.0851114023950913 0.11120337747050935 0.3125315115517291 0.6806496168752876 0.8862417421993075 0.9192133947000286 0.9678803920671016 1.105943549124477 1.148081027997146 1.195133789326583
15 135 -0.3123694136940615 -0.12765475955277542 0.22559657895724008 0.3626348377166882 0.5802158190810113 0.7903247353572592 0.8344861208668118 0.9771724495025029 1.0949729667063737 1.1328302718940844 1.3803018188958474
14 126 -0.17401599968995254 -0.08511140239508934 0.11120337747051341 0.31253151155172065 0.6806496168752878 0.8862417421993083 0.9192133947000325 0.9678803920671011 1.105943549124477 1.1480810279971443 1.1951337893265803
14 126 -0.17401599968995446 -0.08511140239508708 0.11120337747050604 0.31253151155172354 0.6806496168752891 0.8862417421993054 0.919213394700031 0.967880392067102 1.1059435491244807 1.148081027997141 1.1951337893265828
14 126 -0.17401599968995396 -0.0851114023950913 0.11120337747050935 0.3125315115517291 0.6806496168752876 0.8862417421993075 0.9192133947000286 0.9678803920671016 1.105943549124477 1.148081027997146 1.195133789326583
16 144 -0.3123694136940615 -0.12765475955277542 0.22559657895724008 0.3626348377166882 0.5802158190810113 0.7903247353572592 0.8344861208668118 0.9771724495025029 1.0949729667063737 1.1328302718940844 1.3803018188958474
15 135 -0.3123694136940621 -0.12765475955276648 0.22559657895724744 0.3626348377166976 0.580215819081012 0.7903247353572587 0.83448612086681 0.9771724495025093 1.0949729667063774 1.1328302718940786 1.3803018188958467
15 135 -0.31236941369406335 -0.12765475955277092 0.22559657895723617 0.3626348377166898 0.5802158190810107 0.7903247353572613 0.8344861208668082 0.9771724495025051 1.0949729667063828 1.132830271894081 1.3803018188958438
15 135 -0.3123694136940617 -0.1276547595527685 0.2255965789572441 0.3626348377166979 0.5802158190810114 0.7903247353572564 0.8344861208668107 0.9771724495025035 1.0949729667063763 1.132830271894084 1.380301818895848
17 153 -0.3123694136940615 -0.12765475955277542 0.22559657895724008 0.3626348377166882 0.5802158190810113 0.7903247353572592 0.8344861208668118 0.9771724495025029 1.0949729667063737 1.1328302718940844 1.3803018188958474
16 144 -0.3123694136940621 -0.12765475955276648 0.22559657895724744 0.3626348377166976 0.580215819081012 0.7903247353572587 0.83448612086681 0.9771724495025093 1.0949729667063774 1.1328302718940786 1.3803018188958467
16 144 -0.31236941369406335 -0.12765475955277092 0.22559657895723617 0.3626348377166898 0.5802158190810107 0.7903247353572613 0.8344861208668082 0.9771724495025051 1.0949729667063828 1.132830271894081 1.3803018188958438
18 162 -0.3123694136940615 -0.12765475955277542 0.22559657895724008 0.3626348377166882 0.5802158190810113 0.7903247353572592 0.8344861208668118 0.9771724495025029 1.0949729667063737 1.1328302718940844 1.3803018188958474
16 144 -0.3123694136940617 -0.1276547595527685 0.2255965789572441 0.3626348377166979 0.5802158190810114 0.7903247353572564 0.8344861208668107 0.9771724495025035 1.0949729667063763 1.132830271894084 1.380301818895848
19 171 -0.3123694136940615 -0.12765475955277542 0.22559657895724008 0.3626348377166882 0.5802158190810113 0.7903247353572592 0.8344861208668118 0.9771724495025029 1.0949729667063737 1.1328302718940844 1.3803018188958474
17 153 -0.3123694136940621 -0.12765475955276648 0.22559657895724744 0.3626348377166976 0.580215819081012 0.7903247353572587 0.83448612086681 0.9771724495025093 1.0949729667063774 1.1328302718940786 1.3803018188958467
17 153 -0.31236941369406335 -0.12765475955277092 0.22559657895723617 0.3626348377166898 0.5802158190810107 0.7903247353572613 0.8344861208668082 0.9771724495025051 1.0949729667063828 1.132830271894081 1.3803018188958438
17 153 -0.3123694136940617 -0.1276547595527685 0.2255965789572441 0.3626348377166979 0.5802158190810114 0.7903247353572564 0.8344861208668107 0.9771724495025035 1.0949729667063763 1.132830271894084 1.380301818895848
20 180 -0.3123694136940615 -0.12765475955277542 0.22559657895724008 0.3626348377166882 0.5802158190810113 0.7903247353572592 0.8344861208668118 0.9771724495025029 1.0949729667063737 1.1328302718940844 1.3803018188958474
18 162 -0.3123694136940621 -0.12765475955276648 0.22559657895724744 0.3626348377166976 0.580215819081012 0.7903247353572587 0.83448612086681 0.9771724495025093 1.0949729667063774 1.1328302718940786 1.3803018188958467
18 162 -0.31236941369406335 -0.12765475955277092 0.22559657895723617 0.3626348377166898 0.5802158190810107 0.7903247353572613 0.8344861208668082 0.9771724495025051 1.0949729667063828 1.132830271894081 1.3803018188958438
18 162 -0.3123694136940617 -0.1276547595527685 0.2255965789572441 0.3626348377166979 0.5802158190810114 0.7903247353572564 0.8344861208668107 0.9771724495025035 1.0949729667063763 1.132830271894084 1.380301818895848
21 189 -0.3123694136940615 -0.12765475955277542 0.22559657895724008 0.3626348377166882 0.5802158190810113 0.7903247353572592 0.8344861208668118 0.9771724495025029 1.0949729667063737 1.1328302718940844 1.3803018188958474
19 171 -0.3123694136940621 -0.12765475955276648 0.22559657895724744 0.3626348377166976 0.580215819081012 0.7903247353572587 0.83448612086681 0.9771724495025093 1.0949729667063774 1.1328302718940786 1.3803018188958467
22 198 -0.3382305402915008 -0.1292931629319868 0.15114512495639484 0.40825885344358 0.7161005539927048 0.7400229476901667 0.7982339684504447 0.9397373221664697 1.0448370985743878 1.2031109438111007 1.3711753442675234
19 171 -0.3123694136940617 -0.1276547595527685 0.2255965789572441 0.3626348377166979 0.5802158190810114 0.7903247353572564 0.8344861208668107 0.9771724495025035 1.0949729667063763 1.132830271894084 1.380301818895848
19 171 -0.31236941369406335 -0.12765475955277092 0.22559657895723617 0.3626348377166898 0.5802158190810107 0.7903247353572613 0.8344861208668082 0.9771724495025051 1.0949729667063828 1.132830271894081 1.3803018188958438
20 180 -0.3123694136940621 -0.12765475955276648 0.22559657895724744 0.3626348377166976 0.580215819081012 0.7903247353572587 0.83448612086681 0.9771724495025093 1.0949729667063774 1.1328302718940786 1.3803018188958467
23 207 -0.3382305402915008 -0.1292931629319868 0.15114512495639484 0.40825885344358 0.7161005539927048 0.7400229476901667 0.7982339684504447 0.9397373221664697 1.0448370985743878 1.2031109438111007 1.3711753442675234
20 180 -0.3123694136940617 -0.1276547595527685 0.2255965789572441 0.3626348377166979 0.5802158190810114 0.7903247353572564 0.8344861208668107 0.9771724495025035 1.0949729667063763 1.132830271894084 1.380301818895848
20 180 -0.31236941369406335 -0.12765475955277092 0.22559657895723617 0.3626348377166898 0.5802158190810107 0.7903247353572613 0.8344861208668082 0.9771724495025051 1.0949729667063828 1.132830271894081 1.3803018188958438
24 216 -0.3382305402915008 -0.1292931629319868 0.15114512495639484 0.40825885344358 0.7161005539927048 0.7400229476901667 0.7982339684504447 0.9397373221664697 1.0448370985743878 1.2031109438111007 1.3711753442675234
21 189 -0.3123694136940621 -0.12765475955276648 0.22559657895724744 0.3626348377166976 0.580215819081012 0.7903247353572587 0.83448612086681 0.9771724495025093 1.0949729667063774 1.1328302718940786 1.3803018188958467
25 225 -0.3382305402915008 -0.1292931629319868 0.15114512495639484 0.40825885344358 0.7161005539927048 0.7400229476901667 0.7982339684504447 0.9397373221664697 1.0448370985743878 1.2031109438111007 1.3711753442675234
21 189 -0.3123694136940617 -0.1276547595527685 0.2255965789572441 0.3626348377166979 0.5802158190810114 0.7903247353572564 0.8344861208668107 0.9771724495025035 1.0949729667063763 1.132830271894084 1.380301818895848
21 189 -0.31236941369406335 -0.12765475955277092 0.22559657895723617 0.3626348377166898 0.5802158190810107 0.7903247353572613 0.8344861208668082 0.9771724495025051 1.0949729667063828 1.132830271894081 1.3803018188958438
22 198 -0.3382305402915028 -0.12929316293196874 0.15114512495640228 0.40825885344357726 0.716100553992701 0.740022947690169 0.798233968450449 0.9397373221664792 1.044837098574379 1.2031109438111025 1.371175344267521
26 234 -0.3382305402915008 -0.1292931629319868 0.15114512495639484 0.40825885344358 0.7161005539927048 0.7400229476901667 0.7982339684504447 0.9397373221664697 1.0448370985743878 1.2031109438111007 1.3711753442675234
22 198 -0.27614283387307387 -0.15658889657429942 0.21962505579252295 0.36134555414586095 0.6837921045522374 0.7692508514317182 0.8046360081646593 0.9528628183909212 1.011338257931198 1.1909353321381246 1.394332382083374
23 207 -0.3382305402915028 -0.12929316293196874 0.15114512495640228 0.40825885344357726 0.716100553992701 0.740022947690169 0.798233968450449 0.9397373221664792 1.044837098574379 1.2031109438111025 1.371175344267521
22 198 -0.34008129701198386 -0.07328503442026754 0.15917803648257345 0.39536400022001494 0.6501135486773653 0.7505731216872119 0.8292441131108873 0.9316881307207634 1.044666065424529 1.1863163696659889 1.3998678771886894
27 243 -0.3382305402915008 -0.1292931629319868 0.15114512495639484 0.40825885344358 0.7161005539927048 0.7400229476901667 0.7982339684504447 0.9397373221664697 1.0448370985743878 1.2031109438111007 1.3711753442675234
24 216 -0.3382305402915028 -0.12929316293196874 0.15114512495640228 0.40825885344357726 0.716100553992701 0.740022947690169 0.798233968450449 0.9397373221664792 1.044837098574379 1.2031109438111025 1.371175344267521
23 207 -0.27614283387307387 -0.15658889657429942 0.21962505579252295 0.36134555414586095 0.6837921045522374 0.7692508514317182 0.8046360081646593 0.9528628183909212 1.011338257931198 1.1909353321381246 1.394332382083374
28 252 -0.3382305402915008 -0.1292931629319868 0.15114512495639484 0.40825885344358 0.7161005539927048 0.7400229476901667 0.7982339684504447 0.9397373221664697 1.0448370985743878 1.2031109438111007 1.3711753442675234
23 207 -0.34008129701198386 -0.07328503442026754 0.15917803648257345 0.39536400022001494 0.6501135486773653 0.7505731216872119 0.8292441131108873 0.9316881307207634 1.044666065424529 1.1863163696659889 1.3998678771886894
25 225 -0.3382305402915028 -0.12929316293196874 0.15114512495640228 0.40825885344357726 0.716100553992701 0.740022947690169 0.798233968450449 0.9397373221664792 1.044837098574379 1.2031109438111025 1.371175344267521
29 261 -0.41206429471906014 -0.12953808664949476 0.14113429280394615 0.32302835141275826 0.7031970096537681 0.7479126801403112 0.868547264814236 0.9267083120585025 1.0105098129173127 1.1767344166728393 1.3882161115115241
24 216 -0.27614283387307387 -0.15658889657429942 0.21962505579252295 0.36134555414586095 0.6837921045522374 0.7692508514317182 0.8046360081646593 0.9528628183909212 1.011338257931198 1.1909353321381246 1.394332382083374
26 234 -0.3382305402915028 -0.12929316293196874 0.15114512495640228 0.40825885344357726 0.716100553992701 0.740022947690169 0.798233968450449 0.9397373221664792 1.044837098574379 1.2031109438111025 1.371175344267521
30 270 -0.41206429471906014 -0.12953808664949476 0.14113429280394615 0.32302835141275826 0.7031970096537681 0.7479126801403112 0.868547264814236 0.9267083120585025 1.0105098129173127 1.1767344166728393 1.3882161115115241
24 216 -0.34008129701198386 -0.07328503442026754 0.15917803648257345 0.39536400022001494 0.6501135486773653 0.7505731216872119 0.8292441131108873 0.9316881307207634 1.044666065424529 1.1863163696659889 1.3998678771886894
25 225 -0.27614283387307387 -0.15658889657429942 0.21962505579252295 0.36134555414586095 0.6837921045522374 0.7692508514317182 0.8046360081646593 0.9528628183909212 1.011338257931198 1.1909353321381246 1.394332382083374
27 243 -0.3382305402915028 -0.12929316293196874 0.15114512495640228 0.40825885344357726 0.716100553992701 0.740022947690169 0.798233968450449 0.9397373221664792 1.044837098574379 1.2031109438111025 1.371175344267521
31 279 -0.41206429471906014 -0.12953808664949476 0.14113429280394615 0.32302835141275826 0.7031970096537681 0.7479126801403112 0.868547264814236 0.9267083120585025 1.0105098129173127 1.1767344166728393 1.3882161115115241
25 225 -0.34008129701198386 -0.07328503442026754 0.15917803648257345 0.39536400022001494 0.6501135486773653 0.7505731216872119 0.8292441131108873 0.9316881307207634 1.044666065424529 1.1863163696659889 1.3998678771886894
26 234 -0.27614283387307387 -0.15658889657429942 0.21962505579252295 0.36134555414586095 0.6837921045522374 0.7692508514317182 0.8046360081646593 0.9528628183909212 1.011338257931198 1.1909353321381246 1.394332382083374
32 288 -0.41206429471906014 -0.12953808664949476 0.14113429280394615 0.32302835141275826 0.7031970096537681 0.7479126801403112 0.868547264814236 0.9267083120585025 1.0105098129173127 1.1767344166728393 1.3882161115115241
28 252 -0.3382305402915028 -0.12929316293196874 0.15114512495640228 0.40825885344357726 0.716100553992701 0.740022947690169 0.798233968450449 0.9397373221664792 1.044837098574379 1.2031109438111025 1.371175344267521
29 261 -0.4014178408472402 -0.24250276685214317 0.1547080966655036 0.3179245010006 0.7033950685673573 0.7668301510858446 0.797329760455652 0.8975625569940568 0.9715075387346285 1.1347477519872322 1.4981235756160152
27 243 -0.27614283387307387 -0.15658889657429942 0.21962505579252295 0.36134555414586095 0.6837921045522374 0.7692508514317182 0.8046360081646593 0.9528628183909212 1.011338257931198 1.1909353321381246 1.394332382083374
33 297 -0.41206429471906014 -0.12953808664949476 0.14113429280394615 0.32302835141275826 0.7031970096537681 0.7479126801403112 0.868547264814236 0.9267083120585025 1.0105098129173127 1.1767344166728393 1.3882161115115241
26 234 -0.34008129701198386 -0.07328503442026754 0.15917803648257345 0.39536400022001494 0.6501135486773653 0.7505731216872119 0.8292441131108873 0.9316881307207634 1.044666065424529 1.1863163696659889 1.3998678771886894
30 270 -0.4014178408472402 -0.24250276685214317 0.1547080966655036 0.3179245010006 0.7033950685673573 0.7668301510858446 0.797329760455652 0.8975625569940568 0.9715075387346285 1.1347477519872322 1.4981235756160152
28 252 -0.27614283387307387 -0.15658889657429942 0.21962505579252295 0.36134555414586095 0.6837921045522374 0.7692508514317182 0.8046360081646593 0.9528628183909212 1.011338257931198 1.1909353321381246 1.394332382083374
34 306 -0.41206429471906014 -0.12953808664949476 0.14113429280394615 0.32302835141275826 0.7031970096537681 0.7479126801403112 0.868547264814236 0.9267083120585025 1.0105098129173127 1.1767344166728393 1.3882161115115241
27 243 -0.34008129701198386 -0.07328503442026754 0.15917803648257345 0.39536400022001494 0.6501135486773653 0.7505731216872119 0.8292441131108873 0.9316881307207634 1.044666065424529 1.1863163696659889 1.3998678771886894
35 315 -0.41206429471906014 -0.12953808664949476 0.14113429280394615 0.32302835141275826 0.7031970096537681 0.7479126801403112 0.868547264814236 0.9267083120585025 1.0105098129173127 1.1767344166728393 1.3882161115115241
31 279 -0.4014178408472402 -0.24250276685214317 0.1547080966655036 0.3179245010006 0.7033950685673573 0.7668301510858446 0.797329760455652 0.8975625569940568 0.9715075387346285 1.1347477519872322 1.4981235756160152
29 261 -0.38764750921516367 -0.15312774129200543 0.2365681811908079 0.431056495742558 0.611604553253155 0.6905040920435405 0.7806343519599135 0.9632732622077935 1.0639515974588925 1.237565854268567 1.3958138682431829
28 252 -0.34008129701198386 -0.07328503442026754 0.15917803648257345 0.39536400022001494 0.6501135486773653 0.7505731216872119 0.8292441131108873 0.9316881307207634 1.044666065424529 1.1863163696659889 1.3998678771886894
36 324 -0.5408877323707444 -0.09010778912327932 0.13283147018766472 0.29577185989685584 0.615536956537533 0.7671065953084559 0.8281955001298407 0.9084118754732978 1.0769729136370554 1.159620720303545 1.4201939772331638
32 288 -0.4014178408472402 -0.24250276685214317 0.1547080966655036 0.3179245010006 0.7033950685673573 0.7668301510858446 0.797329760455652 0.8975625569940568 0.9715075387346285 1.1347477519872322 1.4981235756160152
30 270 -0.38764750921516367 -0.15312774129200543 0.2365681811908079 0.431056495742558 0.611604553253155 0.6905040920435405 0.7806343519599135 0.9632732622077935 1.0639515974588925 1.237565854268567 1.3958138682431829
33 297 -0.4014178408472402 -0.24250276685214317 0.1547080966655036 0.3179245010006 0.7033950685673573 0.7668301510858446 0.797329760455652 0.8975625569940568 0.9715075387346285 1.1347477519872322 1.4981235756160152
37 333 -0.5408877323707444 -0.09010778912327932 0.13283147018766472 0.29577185989685584 0.615536956537533 0.7671065953084559 0.8281955001298407 0.9084118754732978 1.0769729136370554 1.159620720303545 1.4201939772331638
29 261 -0.5524749750830694 -0.0799938694911518 0.19175562571260346 0.4814622872734872 0.5635191689158938 0.736983213441729 0.7638717705139373 0.9652813282277157 0.9947038290118144 1.1683767963709977 1.5064838927805901
31 279 -0.38764750921516367 -0.15312774129200543 0.2365681811908079 0.431056495742558 0.611604553253155 0.6905040920435405 0.7806343519599135 0.9632732622077935 1.0639515974588925 1.237565854268567 1.3958138682431829
34 306 -0.4014178408472402 -0.24250276685214317 0.1547080966655036 0.3179245010006 0.7033950685673573 0.7668301510858446 0.797329760455652 0.8975625569940568 0.9715075387346285 1.1347477519872322 1.4981235756160152
38 342 -0.5408877323707444 -0.09010778912327932 0.13283147018766472 0.29577185989685584 0.615536956537533 0.7671065953084559 0.8281955001298407 0.9084118754732978 1.0769729136370554 1.159620720303545 1.4201939772331638
30 270 -0.5524749750830694 -0.0799938694911518 0.19175562571260346 0.4814622872734872 0.5635191689158938 0.736983213441729 0.7638717705139373 0.9652813282277157 0.9947038290118144 1.1683767963709977 1.5064838927805901
32 288 -0.38764750921516367 -0.15312774129200543 0.2365681811908079 0.431056495742558 0.611604553253155 0.6905040920435405 0.7806343519599135 0.9632732622077935 1.0639515974588925 1.237565854268567 1.3958138682431829
35 315 -0.4014178408472402 -0.24250276685214317 0.1547080966655036 0.3179245010006 0.7033950685673573 0.7668301510858446 0.797329760455652 0.8975625569940568 0.9715075387346285 1.1347477519872322 1.4981235756160152
39 351 -0.5408877323707444 -0.09010778912327932 0.13283147018766472 0.29577185989685584 0.615536956537533 0.7671065953084559 0.8281955001298407 0.9084118754732978 1.0769729136370554 1.159620720303545 1.4201939772331638
31 279 -0.5524749750830694 -0.0799938694911518 0.19175562571260346 0.4814622872734872 0.5635191689158938 0.736983213441729 0.7638717705139373 0.9652813282277157 0.9947038290118144 1.1683767963709977 1.5064838927805901
36 324 -0.4820855177210345 -0.156447231025853 0.12880774746435733 0.32059259722742217 0.6491941615102458 0.705050669918477 0.7769400599518355 0.9745006928850172 1.069786962080343 1.2012365869909893 1.393107875993215
33 297 -0.38764750921516367 -0.15312774129200543 0.2365681811908079 0.431056495742558 0.611604553253155 0.6905040920435405 0.7806343519599135 0.9632732622077935 1.0639515974588925 1.237565854268567 1.3958138682431829
40 360 -0.5408877323707444 -0.09010778912327932 0.13283147018766472 0.29577185989685584 0.615536956537533 0.7671065953084559 0.8281955001298407 0.9084118754732978 1.0769729136370554 1.159620720303545 1.4201939772331638
37 333 -0.4820855177210345 -0.156447231025853 0.12880774746435733 0.32059259722742217 0.6491941615102458 0.705050669918477 0.7769400599518355 0.9745006928850172 1.069786962080343 1.2012365869909893 1.393107875993215
32 288 -0.5524749750830694 -0.0799938694911518 0.19175562571260346 0.4814622872734872 0.5635191689158938 0.736983213441729 0.7638717705139373 0.9652813282277157 0.9947038290118144 1.1683767963709977 1.5064838927805901
34 306 -0.38764750921516367 -0.15312774129200543 0.2365681811908079 0.431056495742558 0.611604553253155 0.6905040920435405 0.7806343519599135 0.9632732622077935 1.0639515974588925 1.237565854268567 1.3958138682431829
41 369 -0.5408877323707444 -0.09010778912327932 0.13283147018766472 0.29577185989685584 0.615536956537533 0.7671065953084559 0.8281955001298407 0.9084118754732978 1.0769729136370554 1.159620720303545 1.4201939772331638
38 342 -0.4820855177210345 -0.156447231025853 0.12880774746435733 0.32059259722742217 0.6491941615102458 0.705050669918477 0.7769400599518355 0.9745006928850172 1.069786962080343 1.2012365869909893 1.393107875993215
42 378 -0.5408877323707444 -0.09010778912327932 0.13283147018766472 0.29577185989685584 0.615536956537533 0.7671065953084559 0.8281955001298407 0.9084118754732978 1.0769729136370554 1.159620720303545 1.4201939772331638
33 297 -0.5524749750830694 -0.0799938694911518 0.19175562571260346 0.4814622872734872 0.5635191689158938 0.736983213441729 0.7638717705139373 0.9652813282277157 0.9947038290118144 1.1683767963709977 1.5064838927805901
35 315 -0.38764750921516367 -0.15312774129200543 0.2365681811908079 0.431056495742558 0.611604553253155 0.6905040920435405 0.7806343519599135 0.9632732622077935 1.0639515974588925 1.237565854268567 1.3958138682431829
39 351 -0.4820855177210345 -0.156447231025853 0.12880774746435733 0.32059259722742217 0.6491941615102458 0.705050669918477 0.7769400599518355 0.9745006928850172 1.069786962080343 1.2012365869909893 1.393107875993215
43 387 -0.5920151512131488 -0.17444101328695427 0.12880273989455127 0.39594472581508844 0.527756592970359 0.7228442706546327 0.7365930955050258 0.8948281669705292 1.0723024311493694 1.1880591462942998 1.5147162319280105
36 324 -0.3529587244436295 -0.07205988176207533 0.18383332897886262 0.43414864363110034 0.6238650995966039 0.69840689753399 0.8158172882719626 0.9844229227865439 1.031966680239512 1.2032857074880516 1.4055326681588252
34 306 -0.5524749750830694 -0.0799938694911518 0.19175562571260346 0.4814622872734872 0.5635191689158938 0.736983213441729 0.7638717705139373 0.9652813282277157 0.9947038290118144 1.1683767963709977 1.5064838927805901
40 360 -0.4820855177210345 -0.156447231025853 0.12880774746435733 0.32059259722742217 0.6491941615102458 0.705050669918477 0.7769400599518355 0.9745006928850172 1.069786962080343 1.2012365869909893 1.393107875993215
44 396 -0.5920151512131488 -0.17444101328695427 0.12880273989455127 0.39594472581508844 0.527756592970359 0.7228442706546327 0.7365930955050258 0.8948281669705292 1.0723024311493694 1.1880591462942998 1.5147162319280105
41 369 -0.4820855177210345 -0.156447231025853 0.12880774746435733 0.32059259722742217 0.6491941615102458 0.705050669918477 0.7769400599518355 0.9745006928850172 1.069786962080343 1.2012365869909893 1.393107875993215
37 333 -0.3529587244436295 -0.07205988176207533 0.18383332897886262 0.43414864363110034 0.6238650995966039 0.69840689753399 0.8158172882719626 0.9844229227865439 1.031966680239512 1.2032857074880516 1.4055326681588252
35 315 -0.5524749750830694 -0.0799938694911518 0.19175562571260346 0.4814622872734872 0.5635191689158938 0.736983213441729 0.7638717705139373 0.9652813282277157 0.9947038290118144 1.1683767963709977 1.5064838927805901
45 405 -0.5920151512131488 -0.17444101328695427 0.12880273989455127 0.39594472581508844 0.527756592970359 0.7228442706546327 0.7365930955050258 0.8948281669705292 1.0723024311493694 1.1880591462942998 1.5147162319280105
42 378 -0.4820855177210345 -0.156447231025853 0.12880774746435733 0.32059259722742217 0.6491941615102458 0.705050669918477 0.7769400599518355 0.9745006928850172 1.069786962080343 1.2012365869909893 1.393107875993215
38 342 -0.3529587244436295 -0.07205988176207533 0.18383332897886262 0.43414864363110034 0.6238650995966039 0.69840689753399 0.8158172882719626 0.9844229227865439 1.031966680239512 1.2032857074880516 1.4055326681588252
46 414 -0.5920151512131488 -0.17444101328695427 0.12880273989455127 0.39594472581508844 0.527756592970359 0.7228442706546327 0.7365930955050258 0.8948281669705292 1.0723024311493694 1.1880591462942998 1.5147162319280105
43 387 -0.44369766510127856 -0.19202166361211453 0.13183615573079116 0.40493548630608267 0.5571983781784112 0.7118863824407491 0.7310209887565722 0.9881401355326105 1.1102414005705226 1.2775460498952662 1.344312186679098
36 324 -0.5874430107497195 -0.10677614868199094 0.21952632329231744 0.5051373520712445 0.5157146016231482 0.6263391035497925 0.8240258960056603 0.9185194847550104 1.0312486000716101 1.2052006448195307 1.5175832057753904
39 351 -0.3529587244436295 -0.07205988176207533 0.18383332897886262 0.43414864363110034 0.6238650995966039 0.69840689753399 0.8158172882719626 0.9844229227865439 1.031966680239512 1.2032857074880516 1.4055326681588252
44 396 -0.44369766510127856 -0.19202166361211453 0.13183615573079116 0.40493548630608267 0.5571983781784112 0.7118863824407491 0.7310209887565722 0.9881401355326105 1.1102414005705226 1.2775460498952662 1.344312186679098
47 423 -0.5920151512131488 -0.17444101328695427 0.12880273989455127 0.39594472581508844 0.527756592970359 0.7228442706546327 0.7365930955050258 0.8948281669705292 1.0723024311493694 1.1880591462942998 1.5147162319280105
40 360 -0.3529587244436295 -0.07205988176207533 0.18383332897886262 0.43414864363110034 0.6238650995966039 0.69840689753399 0.8158172882719626 0.9844229227865439 1.031966680239512 1.2032857074880516 1.4055326681588252
45 405 -0.44369766510127856 -0.19202166361211453 0.13183615573079116 0.40493548630608267 0.5571983781784112 0.7118863824407491 0.7310209887565722 0.9881401355326105 1.1102414005705226 1.2775460498952662 1.344312186679098
48 432 -0.5920151512131488 -0.17444101328695427 0.12880273989455127 0.39594472581508844 0.527756592970359 0.7228442706546327 0.7365930955050258 0.8948281669705292 1.0723024311493694 1.1880591462942998 1.5147162319280105
37 333 -0.5874430107497195 -0.10677614868199094 0.21952632329231744 0.5051373520712445 0.5157146016231482 0.6263391035497925 0.8240258960056603 0.9185194847550104 1.0312486000716101 1.2052006448195307 1.5175832057753904
46 414 -0.44369766510127856 -0.19202166361211453 0.13183615573079116 0.40493548630608267 0.5571983781784112 0.7118863824407491 0.7310209887565722 0.9881401355326105 1.1102414005705226 1.2775460498952662 1.344312186679098
41 369 -0.3529587244436295 -0.07205988176207533 0.18383332897886262 0.43414864363110034 0.6238650995966039 0.69840689753399 0.8158172882719626 0.9844229227865439 1.031966680239512 1.2032857074880516 1.4055326681588252
49 441 -0.5920151512131488 -0.17444101328695427 0.12880273989455127 0.39594472581508844 0.527756592970359 0.7228442706546327 0.7365930955050258 0.8948281669705292 1.0723024311493694 1.1880591462942998 1.5147162319280105
38 342 -0.5874430107497195 -0.10677614868199094 0.21952632329231744 0.5051373520712445 0.5157146016231482 0.6263391035497925 0.8240258960056603 0.9185194847550104 1.0312486000716101 1.2052006448195307 1.5175832057753904
47 423 -0.44369766510127856 -0.19202166361211453 0.13183615573079116 0.40493548630608267 0.5571983781784112 0.7118863824407491 0.7310209887565722 0.9881401355326105 1.1102414005705226 1.2775460498952662 1.344312186679098
50 450 -0.5591725173689164 -0.180506336717973 0.1218908764654677 0.3752362703404988 0.5558129572017574 0.6921619683016648 0.7145516688263749 0.9640032970853761 0.9834639989419444 1.2762251361722299 1.4751763578015553
42 378 -0.3529587244436295 -0.07205988176207533 0.18383332897886262 0.43414864363110034 0.6238650995966039 0.69840689753399 0.8158172882719626 0.9844229227865439 1.031966680239512 1.2032857074880516 1.4055326681588252
48 432 -0.44369766510127856 -0.19202166361211453 0.13183615573079116 0.40493548630608267 0.5571983781784112 0.7118863824407491 0.7310209887565722 0.9881401355326105 1.1102414005705226 1.2775460498952662 1.344312186679098
51 459 -0.5591725173689164 -0.180506336717973 0.1218908764654677 0.3752362703404988 0.5558129572017574 0.6921619683016648 0.7145516688263749 0.9640032970853761 0.9834639989419444 1.2762251361722299 1.4751763578015553
39 351 -0.5874430107497195 -0.10677614868199094 0.21952632329231744 0.5051373520712445 0.5157146016231482 0.6263391035497925 0.8240258960056603 0.9185194847550104 1.0312486000716101 1.2052006448195307 1.5175832057753904
49 441 -0.44369766510127856 -0.19202166361211453 0.13183615573079116 0.40493548630608267 0.5571983781784112 0.7118863824407491 0.7310209887565722 0.9881401355326105 1.1102414005705226 1.2775460498952662 1.344312186679098
52 468 -0.5591725173689164 -0.180506336717973 0.1218908764654677 0.3752362703404988 0.5558129572017574 0.6921619683016648 0.7145516688263749 0.9640032970853761 0.9834639989419444 1.2762251361722299 1.4751763578015553
43 387 -0.4081868864345003 -0.09528740874493417 0.21687976010350693 0.33066573626299167 0.5765390628685503 0.759952179110231 0.8862414003970215 0.9858497956951403 1.0205896789272941 1.2227006955883941 1.3402057570676158
50 450 -0.45457258383317095 -0.1238444846674154 0.16475041386529832 0.6116298366762655 0.47622807154473923 0.6970847607541708 0.7902776393061853 0.9823428020283027 1.0740719741844786 1.2200061946583065 1.4337704877628494
53 477 -0.5591725173689164 -0.180506336717973 0.1218908764654677 0.3752362703404988 0.5558129572017574 0.6921619683016648 0.7145516688263749 0.9640032970853761 0.9834639989419444 1.2762251361722299 1.4751763578015553
44 396 -0.4081868864345003 -0.09528740874493417 0.21687976010350693 0.33066573626299167 0.5765390628685503 0.759952179110231 0.8862414003970215 0.9858497956951403 1.0205896789272941 1.2227006955883941 1.3402057570676158
40 360 -0.5874430107497195 -0.10677614868199094 0.21952632329231744 0.5051373520712445 0.5157146016231482 0.6263391035497925 0.8240258960056603 0.9185194847550104 1.0312486000716101 1.2052006448195307 1.5175832057753904
51 459 -0.45457258383317095 -0.1238444846674154 0.16475041386529832 0.6116298366762655 0.47622807154473923 0.6970847607541708 0.7902776393061853 0.9823428020283027 1.0740719741844786 1.2200061946583065 1.4337704877628494
54 486 -0.5591725173689164 -0.180506336717973 0.1218908764654677 0.3752362703404988 0.5558129572017574 0.6921619683016648 0.7145516688263749 0.9640032970853761 0.9834639989419444 1.2762251361722299 1.4751763578015553
52 468 -0.45457258383317095 -0.1238444846674154 0.16475041386529832 0.6116298366762655 0.47622807154473923 0.6970847607541708 0.7902776393061853 0.9823428020283027 1.0740719741844786 1.2200061946583065 1.4337704877628494
45 405 -0.4081868864345003 -0.09528740874493417 0.21687976010350693 0.33066573626299167 0.5765390628685503 0.759952179110231 0.8862414003970215 0.9858497956951403 1.0205896789272941 1.2227006955883941 1.3402057570676158
55 495 -0.5591725173689164 -0.180506336717973 0.1218908764654677 0.3752362703404988 0.5558129572017574 0.6921619683016648 0.7145516688263749 0.9640032970853761 0.9834639989419444 1.2762251361722299 1.4751763578015553
41 369 -0.5874430107497195 -0.10677614868199094 0.21952632329231744 0.5051373520712445 0.5157146016231482 0.6263391035497925 0.8240258960056603 0.9185194847550104 1.0312486000716101 1.2052006448195307 1.5175832057753904
53 477 -0.45457258383317095 -0.1238444846674154 0.16475041386529832 0.6116298366762655 0.47622807154473923 0.6970847607541708 0.7902776393061853 0.9823428020283027 1.0740719741844786 1.2200061946583065 1.4337704877628494
46 414 -0.4081868864345003 -0.09528740874493417 0.21687976010350693 0.33066573626299167 0.5765390628685503 0.759952179110231 0.8862414003970215 0.9858497956951403 1.0205896789272941 1.2227006955883941 1.3402057570676158
56 504 -0.5591725173689164 -0.180506336717973 0.1218908764654677 0.3752362703404988 0.5558129572017574 0.6921619683016648 0.7145516688263749 0.9640032970853761 0.9834639989419444 1.2762251361722299 1.4751763578015553
54 486 -0.45457258383317095 -0.1238444846674154 0.16475041386529832 0.6116298366762655 0.47622807154473923 0.6970847607541708 0.7902776393061853 0.9823428020283027 1.0740719741844786 1.2200061946583065 1.4337704877628494
47 423 -0.4081868864345003 -0.09528740874493417 0.21687976010350693 0.33066573626299167 0.5765390628685503 0.759952179110231 0.8862414003970215 0.9858497956951403 1.0205896789272941 1.2227006955883941 1.3402057570676158
57 513 -0.5913914630190203 -0.25849087153958683 0.12289616250520868 0.5738146531940939 0.5691480599827162 0.5959276418407453 0.6653712545993656 0.847289178521864 1.001820587500499 1.4067519043314751 1.4757125272696476
58 522 -0.5913914630190203 -0.25849087153958683 0.12289616250520868 0.5738146531940939 0.5691480599827162 0.5959276418407453 0.6653712545993656 0.847289178521864 1.001820587500499 1.4067519043314751 1.4757125272696476
48 432 -0.4081868864345003 -0.09528740874493417 0.21687976010350693 0.33066573626299167 0.5765390628685503 0.759952179110231 0.8862414003970215 0.9858497956951403 1.0205896789272941 1.2227006955883941 1.3402057570676158
42 378 -0.5874430107497195 -0.10677614868199094 0.21952632329231744 0.5051373520712445 0.5157146016231482 0.6263391035497925 0.8240258960056603 0.9185194847550104 1.0312486000716101 1.2052006448195307 1.5175832057753904
55 495 -0.45457258383317095 -0.1238444846674154 0.16475041386529832 0.6116298366762655 0.47622807154473923 0.6970847607541708 0.7902776393061853 0.9823428020283027 1.0740719741844786 1.2200061946583065 1.4337704877628494
59 531 -0.5913914630190203 -0.25849087153958683 0.12289616250520868 0.5738146531940939 0.5691480599827162 0.5959276418407453 0.6653712545993656 0.847289178521864 1.001820587500499 1.4067519043314751 1.4757125272696476
49 441 -0.4081868864345003 -0.09528740874493417 0.21687976010350693 0.33066573626299167 0.5765390628685503 0.759952179110231 0.8862414003970215 0.9858497956951403 1.0205896789272941 1.2227006955883941 1.3402057570676158
56 504 -0.45457258383317095 -0.1238444846674154 0.16475041386529832 0.6116298366762655 0.47622807154473923 0.6970847607541708 0.7902776393061853 0.9823428020283027 1.0740719741844786 1.2200061946583065 1.4337704877628494
60 540 -0.5913914630190203 -0.25849087153958683 0.12289616250520868 0.5738146531940939 0.5691480599827162 0.5959276418407453 0.6653712545993656 0.847289178521864 1.001820587500499 1.4067519043314751 1.4757125272696476
50 450 -0.48006557294434016 -0.1967238328700407 0.16206821809354552 0.415282984335738 0.5604288311487176 0.7242967404349682 0.8325980541803769 1.0167391369796617 1.066701777184327 1.1210869393194745 1.4281621608068733
43 387 -0.5374817493592942 -0.19819274305270068 0.21249841852374263 0.43081561279649017 0.5557536805806292 0.5920022973694876 0.8034241142924221 0.9388906481926993 1.0258081469757976 1.2175398233767358 1.509628958992868
61 549 -0.5913914630190203 -0.25849087153958683 0.12289616250520868 0.5738146531940939 0.5691480599827162 0.5959276418407453 0.6653712545993656 0.847289178521864 1.001820587500499 1.4067519043314751 1.4757125272696476
57 513 -0.4208239301259861 -0.12998038470134501 0.1365447849192809 0.5664511091590356 0.46195728838723854 0.6512741617227293 0.7920968341951209 0.9495499914818163 1.0616771508344365 1.2759135735243459 1.4416175044739232
51 459 -0.48006557294434016 -0.1967238328700407 0.16206821809354552 0.415282984335738 0.5604288311487176 0.7242967404349682 0.8325980541803769 1.0167391369796617 1.066701777184327 1.1210869393194745 1.4281621608068733
62 558 -0.5913914630190203 -0.25849087153958683 0.12289616250520868 0.5738146531940939 0.5691480599827162 0.5959276418407453 0.6653712545993656 0.847289178521864 1.001820587500499 1.4067519043314751 1.4757125272696476
52 468 -0.48006557294434016 -0.1967238328700407 0.16206821809354552 0.415282984335738 0.5604288311487176 0.7242967404349682 0.8325980541803769 1.0167391369796617 1.066701777184327 1.1210869393194745 1.4281621608068733
58 522 -0.4208239301259861 -0.12998038470134501 0.1365447849192809 0.5664511091590356 0.46195728838723854 0.6512741617227293 0.7920968341951209 0.9495499914818163 1.0616771508344365 1.2759135735243459 1.4416175044739232
63 567 -0.5913914630190203 -0.25849087153958683 0.12289616250520868 0.5738146531940939 0.5691480599827162 0.5959276418407453 0.6653712545993656 0.847289178521864 1.001820587500499 1.4067519043314751 1.4757125272696476
44 396 -0.5374817493592942 -0.19819274305270068 0.21249841852374263 0.43081561279649017 0.5557536805806292 0.5920022973694876 0.8034241142924221 0.9388906481926993 1.0258081469757976 1.2175398233767358 1.509628958992868
53 477 -0.48006557294434016 -0.1967238328700407 0.16206821809354552 0.415282984335738 0.5604288311487176 0.7242967404349682 0.8325980541803769 1.0167391369796617 1.066701777184327 1.1210869393194745 1.4281621608068733
64 576 -0.6664090580172034 -0.23489237188982767 0.10170198169128918 0.5078435956133402 0.4998279979697071 0.6051294981729985 0.6773816374907798 0.7449536600601282 1.1335745453084927 1.3735135647736771 1.4827871263438899
59 531 -0.4208239301259861 -0.12998038470134501 0.1365447849192809 0.5664511091590356 0.46195728838723854 0.6512741617227293 0.7920968341951209 0.9495499914818163 1.0616771508344365 1.2759135735243459 1.4416175044739232
54 486 -0.48006557294434016 -0.1967238328700407 0.16206821809354552 0.415282984335738 0.5604288311487176 0.7242967404349682 0.8325980541803769 1.0167391369796617 1.066701777184327 1.1210869393194745 1.4281621608068733
65 585 -0.6664090580172034 -0.23489237188982767 0.10170198169128918 0.5078435956133402 0.4998279979697071 0.6051294981729985 0.6773816374907798 0.7449536600601282 1.1335745453084927 1.3735135647736771 1.4827871263438899
45 405 -0.5374817493592942 -0.19819274305270068 0.21249841852374263 0.43081561279649017 0.5557536805806292 0.5920022973694876 0.8034241142924221 0.9388906481926993 1.0258081469757976 1.2175398233767358 1.509628958992868
60 540 -0.4208239301259861 -0.12998038470134501 0.1365447849192809 0.5664511091590356 0.46195728838723854 0.6512741617227293 0.7920968341951209 0.9495499914818163 1.0616771508344365 1.2759135735243459 1.4416175044739232
55 495 -0.48006557294434016 -0.1967238328700407 0.16206821809354552 0.415282984335738 0.5604288311487176 0.7242967404349682 0.8325980541803769 1.0167391369796617 1.066701777184327 1.1210869393194745 1.4281621608068733
66 594 -0.6664090580172034 -0.23489237188982767 0.10170198169128918 0.5078435956133402 0.4998279979697071 0.6051294981729985 0.6773816374907798 0.7449536600601282 1.1335745453084927 1.3735135647736771 1.4827871263438899
56 504 -0.48006557294434016 -0.1967238328700407 0.16206821809354552 0.415282984335738 0.5604288311487176 0.7242967404349682 0.8325980541803769 1.0167391369796617 1.066701777184327 1.1210869393194745 1.4281621608068733
67 603 -0.6664090580172034 -0.23489237188982767 0.10170198169128918 0.5078435956133402 0.4998279979697071 0.6051294981729985 0.6773816374907798 0.7449536600601282 1.1335745453084927 1.3735135647736771 1.4827871263438899
67 603 -0.6664090580172034 -0.23489237188982767 0.10170198169128918 0.5078435956133402 0.4998279979697071 0.6051294981729985 0.6773816374907798 0.7449536600601282 1.1335745453084927 1.3735135647736771 1.4827871263438899
61 549 -0.4208239301259861 -0.12998038470134501 0.1365447849192809 0.5664511091590356 0.46195728838723854 0.6512741617227293 0.7920968341951209 0.9495499914818163 1.0616771508344365 1.2759135735243459 1.4416175044739232
46 414 -0.5374817493592942 -0.19819274305270068 0.21249841852374263 0.43081561279649017 0.5557536805806292 0.5920022973694876 0.8034241142924221 0.9388906481926993 1.0258081469757976 1.2175398233767358 1.509628958992868
57 513 -0.46294331046984016 -0.1525299751097715 0.10830615314198784 0.39798106516718224 0.5386971136764235 0.7310080354191588 0.8665398887702018 0.963657645069134 1.0623901332150165 1.2132613499419334 1.3766732864858335
62 558 -0.4208239301259861 -0.12998038470134501 0.1365447849192809 0.5664511091590356 0.46195728838723854 0.6512741617227293 0.7920968341951209 0.9495499914818163 1.0616771508344365 1.2759135735243459 1.4416175044739232
47 423 -0.5374817493592942 -0.19819274305270068 0.21249841852374263 0.43081561279649017 0.5557536805806292 0.5920022973694876 0.8034241142924221 0.9388906481926993 1.0258081469757976 1.2175398233767358 1.509628958992868
58 522 -0.46294331046984016 -0.1525299751097715 0.10830615314198784 0.39798106516718224 0.5386971136764235 0.7310080354191588 0.8665398887702018 0.963657645069134 1.0623901332150165 1.2132613499419334 1.3766732864858335
63 567 -0.4208239301259861 -0.12998038470134501 0.1365447849192809 0.5664511091590356 0.46195728838723854 0.6512741617227293 0.7920968341951209 0.9495499914818163 1.0616771508344365 1.2759135735243459 1.4416175044739232
59 531 -0.46294331046984016 -0.1525299751097715 0.10830615314198784 0.39798106516718224 0.5386971136764235 0.7310080354191588 0.8665398887702018 0.963657645069134 1.0623901332150165 1.2132613499419334 1.3766732864858335
48 432 -0.5374817493592942 -0.19819274305270068 0.21249841852374263 0.43081561279649017 0.5557536805806292 0.5920022973694876 0.8034241142924221 0.9388906481926993 1.0258081469757976 1.2175398233767358 1.509628958992868
64 576 -0.3452344375699409 -0.12282948756493994 0.17244095218483863 0.6063804443324081 0.42232436779800325 0.6625379289819187 0.8599706153173625 0.9187418833325595 1.0947755650194726 1.284306606851381 1.3968079737242962
60 540 -0.46294331046984016 -0.1525299751097715 0.10830615314198784 0.39798106516718224 0.5386971136764235 0.7310080354191588 0.8665398887702018 0.963657645069134 1.0623901332150165 1.2132613499419334 1.3766732864858335
61 549 -0.46294331046984016 -0.1525299751097715 0.10830615314198784 0.39798106516718224 0.5386971136764235 0.7310080354191588 0.8665398887702018 0.963657645069134 1.0623901332150165 1.2132613499419334 1.3766732864858335
65 585 -0.3452344375699409 -0.12282948756493994 0.17244095218483863 0.6063804443324081 0.42232436779800325 0.6625379289819187 0.8599706153173625 0.9187418833325595 1.0947755650194726 1.284306606851381 1.3968079737242962
49 441 -0.5374817493592942 -0.19819274305270068 0.21249841852374263 0.43081561279649017 0.5557536805806292 0.5920022973694876 0.8034241142924221 0.9388906481926993 1.0258081469757976 1.2175398233767358 1.509628958992868
62 558 -0.46294331046984016 -0.1525299751097715 0.10830615314198784 0.39798106516718224 0.5386971136764235 0.7310080354191588 0.8665398887702018 0.963657645069134 1.0623901332150165 1.2132613499419334 1.3766732864858335
66 594 -0.3452344375699409 -0.12282948756493994 0.17244095218483863 0.6063804443324081 0.42232436779800325 0.6625379289819187 0.8599706153173625 0.9187418833325595 1.0947755650194726 1.284306606851381 1.3968079737242962
50 450 -0.6256973578070104 -0.25509968484327095 0.3267348903843309 0.506984229914006 0.44627136478748514 0.519874136802238 0.7350969078079376 0.8678162010820036 1.0405800043519826 1.1918904283426162 1.6533876706609778
63 567 -0.46294331046984016 -0.1525299751097715 0.10830615314198784 0.39798106516718224 0.5386971136764235 0.7310080354191588 0.8665398887702018 0.963657645069134 1.0623901332150165 1.2132613499419334 1.3766732864858335
67 603 -0.3452344375699409 -0.12282948756493994 0.17244095218483863 0.6063804443324081 0.42232436779800325 0.6625379289819187 0.8599706153173625 0.9187418833325595 1.0947755650194726 1.284306606851381 1.3968079737242962
67 603 -0.3452344375699409 -0.12282948756493994 0.17244095218483863 0.6063804443324081 0.42232436779800325 0.6625379289819187 0.8599706153173625 0.9187418833325595 1.0947755650194726 1.284306606851381 1.3968079737242962
64 576 -0.4903541516227543 -0.07907661751463012 0.10997547785915088 0.3917503128341131 0.5259573246771204 0.7853043936932059 0.8996150540879241 0.9977516408246758 1.059186146313681 1.2414181415594416 1.2801781223013287
51 459 -0.6256973578070104 -0.25509968484327095 0.3267348903843309 0.506984229914006 0.44627136478748514 0.519874136802238 0.7350969078079376 0.8678162010820036 1.0405800043519826 1.1918904283426162 1.6533876706609778
65 585 -0.4903541516227543 -0.07907661751463012 0.10997547785915088 0.3917503128341131 0.5259573246771204 0.7853043936932059 0.8996150540879241 0.9977516408246758 1.059186146313681 1.2414181415594416 1.2801781223013287
66 594 -0.4903541516227543 -0.07907661751463012 0.10997547785915088 0.3917503128341131 0.5259573246771204 0.7853043936932059 0.8996150540879241 0.9977516408246758 1.059186146313681 1.2414181415594416 1.2801781223013287
52 468 -0.6256973578070104 -0.25509968484327095 0.3267348903843309 0.506984229914006 0.44627136478748514 0.519874136802238 0.7350969078079376 0.8678162010820036 1.0405800043519826 1.1918904283426162 1.6533876706609778
67 603 -0.4903541516227543 -0.07907661751463012 0.10997547785915088 0.3917503128341131 0.5259573246771204 0.7853043936932059 0.8996150540879241 0.9977516408246758 1.059186146313681 1.2414181415594416 1.2801781223013287
67 603 -0.4903541516227543 -0.07907661751463012 0.10997547785915088 0.3917503128341131 0.5259573246771204 0.7853043936932059 0.8996150540879241 0.9977516408246758 1.059186146313681 1.2414181415594416 1.2801781223013287
53 477 -0.6256973578070104 -0.25509968484327095 0.3267348903843309 0.506984229914006 0.44627136478748514 0.519874136802238 0.7350969078079376 0.8678162010820036 1.0405800043519826 1.1918904283426162 1.6533876706609778
54 486 -0.6256973578070104 -0.25509968484327095 0.3267348903843309 0.506984229914006 0.44627136478748514 0.519874136802238 0.7350969078079376 0.8678162010820036 1.0405800043519826 1.1918904283426162 1.6533876706609778
55 495 -0.6256973578070104 -0.25509968484327095 0.3267348903843309 0.506984229914006 0.44627136478748514 0.519874136802238 0.7350969078079376 0.8678162010820036 1.0405800043519826 1.1918904283426162 1.6533876706609778
56 504 -0.6256973578070104 -0.25509968484327095 0.3267348903843309 0.506984229914006 0.44627136478748514 0.519874136802238 0.7350969078079376 0.8678162010820036 1.0405800043519826 1.1918904283426162 1.6533876706609778
57 513 -0.6315814491187812 -0.29232593372350674 0.16927815222195391 0.5379048304127831 0.4944975941317405 0.5889137429298944 0.8436461217430342 0.8594469207232522 1.038702574089763 1.1087565163771211 1.6278884772870805
58 522 -0.6315814491187812 -0.29232593372350674 0.16927815222195391 0.5379048304127831 0.4944975941317405 0.5889137429298944 0.8436461217430342 0.8594469207232522 1.038702574089763 1.1087565163771211 1.6278884772870805
59 531 -0.6315814491187812 -0.29232593372350674 0.16927815222195391 0.5379048304127831 0.4944975941317405 0.5889137429298944 0.8436461217430342 0.8594469207232522 1.038702574089763 1.1087565163771211 1.6278884772870805
60 540 -0.6315814491187812 -0.29232593372350674 0.16927815222195391 0.5379048304127831 0.4944975941317405 0.5889137429298944 0.8436461217430342 0.8594469207232522 1.038702574089763 1.1087565163771211 1.6278884772870805
61 549 -0.6315814491187812 -0.29232593372350674 0.16927815222195391 0.5379048304127831 0.4944975941317405 0.5889137429298944 0.8436461217430342 0.8594469207232522 1.038702574089763 1.1087565163771211 1.6278884772870805
62 558 -0.6315814491187812 -0.29232593372350674 0.16927815222195391 0.5379048304127831 0.4944975941317405 0.5889137429298944 0.8436461217430342 0.8594469207232522 1.038702574089763 1.1087565163771211 1.6278884772870805
63 567 -0.6315814491187812 -0.29232593372350674 0.16927815222195391 0.5379048304127831 0.4944975941317405 0.5889137429298944 0.8436461217430342 0.8594469207232522 1.038702574089763 1.1087565163771211 1.6278884772870805
64 576 -0.5601485860398911 -0.2744214370189952 0.1459180525078025 0.40178991671462794 0.5502301792251423 0.5903944670459608 0.7776959880259058 0.8712868550031896 1.0472577473973819 1.230955137165116 1.5403668233448222
65 585 -0.5601485860398911 -0.2744214370189952 0.1459180525078025 0.40178991671462794 0.5502301792251423 0.5903944670459608 0.7776959880259058 0.8712868550031896 1.0472577473973819 1.230955137165116 1.5403668233448222
66 594 -0.5601485860398911 -0.2744214370189952 0.1459180525078025 0.40178991671462794 0.5502301792251423 0.5903944670459608 0.7776959880259058 0.8712868550031896 1.0472577473973819 1.230955137165116 1.5403668233448222
67 603 -0.5601485860398911 -0.2744214370189952 0.1459180525078025 0.40178991671462794 0.5502301792251423 0.5903944670459608 0.7776959880259058 0.8712868550031896 1.0472577473973819 1.230955137165116 1.5403668233448222
67 603 -0.5601485860398911 -0.2744214370189952 0.1459180525078025 0.40178991671462794 0.5502301792251423 0.5903944670459608 0.7776959880259058 0.8712868550031896 1.0472577473973819 1.230955137165116 1.5403668233448222
