% # columns="iteration, evaluation, min 25%tile 75%tile max correlation, correlation matrix principal axes lengths  (sorted square roots of eigenvalues of correlation matrix)", seed=2567, Fri Aug 28 18:28:04 2026
1 9 -0.08276525193838165 -0.04412656649459379 0.04240203953606353 0.11366156773230116 0.9057391923836091 0.956215815500814 0.967618665324178 1.0031337521011456 1.0076478053167208 1.0226653163543875 1.1231768225191925
1 9 -0.08276525193838165 -0.04412656649459379 0.04240203953606353 0.11366156773230116 0.9057391923836091 0.9562158155008141 0.9676186653241781 1.0031337521011456 1.007647805316721 1.0226653163543875 1.1231768225191927
2 18 -0.10595843294576364 -0.06252323209108322 0.06885493570350505 0.16241180671691785 0.9057391923836091 0.9562158155008141 0.9676186653241781 1.0031337521011456 1.007647805316721 1.0226653163543875 1.1231768225191927
2 18 -0.10595843294576295 -0.06252323209108365 0.06885493570350491 0.1624118067169174 0.9057391923836091 0.9562158155008139 0.9676186653241781 1.0031337521011454 1.007647805316721 1.0226653163543875 1.1231768225191925
2 18 -0.10595843294576311 -0.06252323209108358 0.06885493570350461 0.16241180671691746 0.9057391923836091 0.956215815500814 0.967618665324178 1.0031337521011456 1.0076478053167208 1.0226653163543875 1.1231768225191925
2 18 -0.10595843294576188 -0.06252323209108387 0.06885493570350468 0.162411806716917 0.9057391923836091 0.9562158155008141 0.9676186653241778 1.0031337521011454 1.0076478053167208 1.0226653163543873 1.1231768225191925
3 27 -0.14549131050310307 -0.043449348522055876 0.08947422920097785 0.20067078984899797 0.9057391923836091 0.9562158155008141 0.9676186653241781 1.0031337521011456 1.007647805316721 1.0226653163543875 1.1231768225191927
3 27 -0.14549131050310293 -0.04344934852205645 0.08947422920097792 0.20067078984899678 0.9057391923836091 0.9562158155008139 0.9676186653241781 1.0031337521011454 1.007647805316721 1.0226653163543875 1.1231768225191925
3 27 -0.14549131050310193 -0.0434493485220556 0.08947422920097595 0.20067078984899558 0.9057391923836091 0.9562158155008141 0.9676186653241778 1.0031337521011454 1.0076478053167208 1.0226653163543873 1.1231768225191925
3 27 -0.1454913105031031 -0.04344934852205678 0.08947422920097813 0.2006707898489974 0.9057391923836091 0.956215815500814 0.967618665324178 1.0031337521011456 1.0076478053167208 1.0226653163543875 1.1231768225191925
4 36 -0.297248393649093 -0.12031906048841975 0.10764325044174108 0.18218720968212404 0.9057391923836091 0.9562158155008139 0.9676186653241781 1.0031337521011454 1.007647805316721 1.0226653163543875 1.1231768225191925
4 36 -0.29724839364909306 -0.12031906048842064 0.10764325044174042 0.182187209682126 0.9057391923836091 0.9562158155008141 0.9676186653241781 1.0031337521011456 1.007647805316721 1.0226653163543875 1.1231768225191927
4 36 -0.29724839364909383 -0.12031906048841981 0.10764325044173996 0.1821872096821247 0.9057391923836091 0.956215815500814 0.967618665324178 1.0031337521011456 1.0076478053167208 1.0226653163543875 1.1231768225191925
4 36 -0.29724839364909156 -0.12031906048842021 0.10764325044174478 0.18218720968212287 0.9057391923836091 0.9562158155008141 0.9676186653241778 1.0031337521011454 1.0076478053167208 1.0226653163543873 1.1231768225191925
5 45 -0.2988096410531683 -0.11682026466395007 0.08168441669767941 0.19854914191566214 0.9057391923836091 0.9562158155008139 0.9676186653241781 1.0031337521011454 1.007647805316721 1.0226653163543875 1.1231768225191925
5 45 -0.29880964105316565 -0.11682026466395008 0.08168441669767604 0.19854914191566309 0.9057391923836091 0.9562158155008141 0.9676186653241781 1.0031337521011456 1.007647805316721 1.0226653163543875 1.1231768225191927
6 54 -0.29366754605721346 -0.15741113629675468 0.08177117388967443 0.1876030713881436 0.9057391923836091 0.9562158155008139 0.9676186653241781 1.0031337521011454 1.007647805316721 1.0226653163543875 1.1231768225191925
5 45 -0.29880964105316904 -0.11682026466395118 0.08168441669767758 0.19854914191566186 0.9057391923836091 0.956215815500814 0.967618665324178 1.0031337521011456 1.0076478053167208 1.0226653163543875 1.1231768225191925
5 45 -0.2988096410531638 -0.11682026466394696 0.08168441669767837 0.19854914191566017 0.9057391923836091 0.9562158155008141 0.9676186653241778 1.0031337521011454 1.0076478053167208 1.0226653163543873 1.1231768225191925
6 54 -0.2936675460572101 -0.15741113629675627 0.08177117388967321 0.1876030713881445 0.9057391923836091 0.9562158155008141 0.9676186653241781 1.0031337521011456 1.007647805316721 1.0226653163543875 1.1231768225191927
7 63 -0.32481939277628036 -0.13423076505864218 0.09784335806262685 0.17502896667621798 0.9057391923836091 0.9562158155008139 0.9676186653241781 1.0031337521011454 1.007647805316721 1.0226653163543875 1.1231768225191925
6 54 -0.2936675460572148 -0.15741113629675557 0.08177117388967459 0.1876030713881435 0.9057391923836091 0.956215815500814 0.967618665324178 1.0031337521011456 1.0076478053167208 1.0226653163543875 1.1231768225191925
6 54 -0.2936675460572053 -0.15741113629675305 0.08177117388967144 0.187603071388142 0.9057391923836091 0.9562158155008141 0.9676186653241778 1.0031337521011454 1.0076478053167208 1.0226653163543873 1.1231768225191925
7 63 -0.32481939277627686 -0.13423076505863998 0.09784335806262702 0.17502896667622106 0.9057391923836091 0.9562158155008141 0.9676186653241781 1.0031337521011456 1.007647805316721 1.0226653163543875 1.1231768225191927
8 72 -0.36972920800086967 -0.17061274034582086 0.09901336187609475 0.24789108719194683 0.755967581241872 0.8189221471487559 0.8582785683108677 0.9908046019390859 1.0382556046941356 1.0801312962322016 1.3397333149534356
7 63 -0.3248193927762796 -0.1342307650586283 0.09784335806262648 0.17502896667621815 0.9057391923836091 0.9562158155008141 0.9676186653241778 1.0031337521011454 1.0076478053167208 1.0226653163543873 1.1231768225191925
7 63 -0.32481939277628125 -0.13423076505864381 0.09784335806262684 0.17502896667621878 0.9057391923836091 0.956215815500814 0.967618665324178 1.0031337521011456 1.0076478053167208 1.0226653163543875 1.1231768225191925
8 72 -0.369729208000865 -0.17061274034582988 0.09901336187609498 0.24789108719194675 0.7559675812418756 0.8189221471487559 0.8582785683108669 0.9908046019390876 1.0382556046941294 1.0801312962322007 1.3397333149534376
9 81 -0.30057264952637075 -0.12091353250339497 0.10371313041964093 0.3443204061147777 0.755967581241872 0.8189221471487559 0.8582785683108677 0.9908046019390859 1.0382556046941356 1.0801312962322016 1.3397333149534356
8 72 -0.36972920800086645 -0.1706127403458223 0.09901336187609211 0.24789108719194658 0.7559675812418728 0.8189221471487602 0.858278568310864 0.990804601939089 1.0382556046941318 1.080131296232203 1.339733314953434
8 72 -0.36972920800087145 -0.17061274034582635 0.09901336187609547 0.24789108719194622 0.755967581241873 0.8189221471487548 0.8582785683108678 0.990804601939087 1.038255604694134 1.080131296232201 1.339733314953437
9 81 -0.30057264952636864 -0.1209135325033947 0.10371313041963254 0.34432040611477777 0.7559675812418756 0.8189221471487559 0.8582785683108669 0.9908046019390876 1.0382556046941294 1.0801312962322007 1.3397333149534376
10 90 -0.28902147780229687 -0.1554275294768511 0.09652154264335758 0.3677787484483479 0.755967581241872 0.8189221471487559 0.8582785683108677 0.9908046019390859 1.0382556046941356 1.0801312962322016 1.3397333149534356
9 81 -0.3005726495263659 -0.12091353250339151 0.10371313041963887 0.3443204061147839 0.7559675812418728 0.8189221471487602 0.858278568310864 0.990804601939089 1.0382556046941318 1.080131296232203 1.339733314953434
9 81 -0.30057264952637547 -0.12091353250339713 0.10371313041963631 0.3443204061147764 0.755967581241873 0.8189221471487548 0.8582785683108678 0.990804601939087 1.038255604694134 1.080131296232201 1.339733314953437
10 90 -0.2890214778022977 -0.15542752947684588 0.09652154264335082 0.36777874844834635 0.7559675812418756 0.8189221471487559 0.8582785683108669 0.9908046019390876 1.0382556046941294 1.0801312962322007 1.3397333149534376
11 99 -0.389692837633403 -0.1383129002837898 0.08297634281939775 0.384302561778935 0.755967581241872 0.8189221471487559 0.8582785683108677 0.9908046019390859 1.0382556046941356 1.0801312962322016 1.3397333149534356
10 90 -0.2890214778022904 -0.15542752947683808 0.09652154264335715 0.36777874844835046 0.7559675812418728 0.8189221471487602 0.858278568310864 0.990804601939089 1.0382556046941318 1.080131296232203 1.339733314953434
10 90 -0.2890214778023032 -0.15542752947685162 0.09652154264335461 0.36777874844834774 0.755967581241873 0.8189221471487548 0.8582785683108678 0.990804601939087 1.038255604694134 1.080131296232201 1.339733314953437
11 99 -0.38969283763340834 -0.13831290028378407 0.08297634281939575 0.38430256177893257 0.7559675812418756 0.8189221471487559 0.8582785683108669 0.9908046019390876 1.0382556046941294 1.0801312962322007 1.3397333149534376
12 108 -0.5006907700665333 -0.16034273993952972 0.10727688577429323 0.41747948263080986 0.755967581241872 0.8189221471487559 0.8582785683108677 0.9908046019390859 1.0382556046941356 1.0801312962322016 1.3397333149534356
11 99 -0.3896928376333969 -0.1383129002837784 0.08297634281939174 0.38430256177893785 0.7559675812418728 0.8189221471487602 0.858278568310864 0.990804601939089 1.0382556046941318 1.080131296232203 1.339733314953434
11 99 -0.3896928376334092 -0.13831290028378845 0.08297634281939749 0.3843025617789347 0.755967581241873 0.8189221471487548 0.8582785683108678 0.990804601939087 1.038255604694134 1.080131296232201 1.339733314953437
12 108 -0.5006907700665395 -0.16034273993952416 0.10727688577429192 0.4174794826308079 0.7559675812418756 0.8189221471487559 0.8582785683108669 0.9908046019390876 1.0382556046941294 1.0801312962322007 1.3397333149534376
13 117 -0.5711638924054842 -0.12134279988026525 0.14219825605842365 0.47408552264150705 0.755967581241872 0.8189221471487559 0.8582785683108677 0.9908046019390859 1.0382556046941356 1.0801312962322016 1.3397333149534356
12 108 -0.500690770066532 -0.16034273993952486 0.10727688577429227 0.417479482630811 0.7559675812418728 0.8189221471487602 0.858278568310864 0.990804601939089 1.0382556046941318 1.080131296232203 1.339733314953434
12 108 -0.5006907700665381 -0.1603427399395292 0.10727688577429059 0.4174794826308096 0.755967581241873 0.8189221471487548 0.8582785683108678 0.990804601939087 1.038255604694134 1.080131296232201 1.339733314953437
13 117 -0.5711638924054901 -0.12134279988026418 0.14219825605841852 0.4740855226415047 0.7559675812418756 0.8189221471487559 0.8582785683108669 0.9908046019390876 1.0382556046941294 1.0801312962322007 1.3397333149534376
14 126 -0.5441004804802605 -0.1533671410991894 0.11307729223612895 0.3991052909680038 0.755967581241872 0.8189221471487559 0.8582785683108677 0.9908046019390859 1.0382556046941356 1.0801312962322016 1.3397333149534356
13 117 -0.5711638924054868 -0.12134279988025426 0.14219825605842024 0.47408552264150927 0.7559675812418728 0.8189221471487602 0.858278568310864 0.990804601939089 1.0382556046941318 1.080131296232203 1.339733314953434
13 117 -0.5711638924054879 -0.12134279988026633 0.14219825605842001 0.474085522641506 0.755967581241873 0.8189221471487548 0.8582785683108678 0.990804601939087 1.038255604694134 1.080131296232201 1.339733314953437
15 135 -0.4646444539156893 -0.1596978079254037 0.15603109733472822 0.3096655474804772 0.6185832479175429 0.7280041828351417 0.8327798984417945 0.9481236030500265 1.0607017846911826 1.1437074475518434 1.4358791549529575
14 126 -0.5441004804802617 -0.15336714109918745 0.11307729223612846 0.3991052909680041 0.7559675812418756 0.8189221471487559 0.8582785683108669 0.9908046019390876 1.0382556046941294 1.0801312962322007 1.3397333149534376
14 126 -0.5441004804802619 -0.15336714109919355 0.11307729223612717 0.39910529096800784 0.7559675812418728 0.8189221471487602 0.858278568310864 0.990804601939089 1.0382556046941318 1.080131296232203 1.339733314953434
14 126 -0.5441004804802616 -0.15336714109918853 0.11307729223612797 0.3991052909680034 0.755967581241873 0.8189221471487548 0.8582785683108678 0.990804601939087 1.038255604694134 1.080131296232201 1.339733314953437
16 144 -0.39678822935405716 -0.19157005909150795 0.16590244697059772 0.35780557399879676 0.6185832479175429 0.7280041828351417 0.8327798984417945 0.9481236030500265 1.0607017846911826 1.1437074475518434 1.4358791549529575
15 135 -0.46464445391568826 -0.15969780792539073 0.15603109733471968 0.30966554748047725 0.6185832479175433 0.7280041828351428 0.8327798984417961 0.9481236030500194 1.060701784691186 1.1437074475518463 1.4358791549529557
15 135 -0.4646444539156927 -0.15969780792538885 0.15603109733472442 0.3096655474804826 0.618583247917544 0.728004182835141 0.8327798984417885 0.9481236030500247 1.060701784691188 1.1437074475518412 1.4358791549529595
15 135 -0.46464445391568976 -0.15969780792539998 0.1560310973347251 0.3096655474804752 0.6185832479175414 0.7280041828351416 0.8327798984417936 0.9481236030500264 1.0607017846911855 1.1437074475518452 1.4358791549529557
17 153 -0.3751321388992649 -0.1552994888223891 0.10160391988207655 0.32340853275719916 0.6185832479175429 0.7280041828351417 0.8327798984417945 0.9481236030500265 1.0607017846911826 1.1437074475518434 1.4358791549529575
16 144 -0.3967882293540595 -0.19157005909150404 0.1659024469705825 0.35780557399879764 0.6185832479175433 0.7280041828351428 0.8327798984417961 0.9481236030500194 1.060701784691186 1.1437074475518463 1.4358791549529557
16 144 -0.3967882293540607 -0.191570059091516 0.16590244697059037 0.357805573998803 0.618583247917544 0.728004182835141 0.8327798984417885 0.9481236030500247 1.060701784691188 1.1437074475518412 1.4358791549529595
18 162 -0.39358175809982937 -0.14237571223436873 0.11985467188165927 0.3296808178053281 0.6185832479175429 0.7280041828351417 0.8327798984417945 0.9481236030500265 1.0607017846911826 1.1437074475518434 1.4358791549529575
16 144 -0.3967882293540587 -0.19157005909150393 0.1659024469705898 0.35780557399879453 0.6185832479175414 0.7280041828351416 0.8327798984417936 0.9481236030500264 1.0607017846911855 1.1437074475518452 1.4358791549529557
19 171 -0.37405053355483187 -0.13841696950004503 0.08488888830740905 0.30354628737615935 0.6185832479175429 0.7280041828351417 0.8327798984417945 0.9481236030500265 1.0607017846911826 1.1437074475518434 1.4358791549529575
17 153 -0.3751321388992738 -0.15529948882237204 0.10160391988206252 0.3234085327571997 0.6185832479175433 0.7280041828351428 0.8327798984417961 0.9481236030500194 1.060701784691186 1.1437074475518463 1.4358791549529557
17 153 -0.37513213889926683 -0.15529948882237354 0.1016039198820675 0.3234085327572052 0.618583247917544 0.728004182835141 0.8327798984417885 0.9481236030500247 1.060701784691188 1.1437074475518412 1.4358791549529595
17 153 -0.37513213889927294 -0.1552994888223843 0.10160391988206946 0.32340853275719716 0.6185832479175414 0.7280041828351416 0.8327798984417936 0.9481236030500264 1.0607017846911855 1.1437074475518452 1.4358791549529557
20 180 -0.3739179791900206 -0.15740712784503788 0.0981081658435577 0.3347860264345953 0.6185832479175429 0.7280041828351417 0.8327798984417945 0.9481236030500265 1.0607017846911826 1.1437074475518434 1.4358791549529575
18 162 -0.39358175809983764 -0.14237571223435105 0.11985467188164532 0.32968081780532954 0.6185832479175433 0.7280041828351428 0.8327798984417961 0.9481236030500194 1.060701784691186 1.1437074475518463 1.4358791549529557
18 162 -0.3935817580998325 -0.14237571223435283 0.11985467188164875 0.3296808178053345 0.618583247917544 0.728004182835141 0.8327798984417885 0.9481236030500247 1.060701784691188 1.1437074475518412 1.4358791549529595
18 162 -0.3935817580998385 -0.1423757122343644 0.11985467188165139 0.3296808178053262 0.6185832479175414 0.7280041828351416 0.8327798984417936 0.9481236030500264 1.0607017846911855 1.1437074475518452 1.4358791549529557
21 189 -0.3138806669956243 -0.1485764558386188 0.11359979861316025 0.31925849784670507 0.6185832479175429 0.7280041828351417 0.8327798984417945 0.9481236030500265 1.0607017846911826 1.1437074475518434 1.4358791549529575
19 171 -0.3740505335548395 -0.1384169695000433 0.08488888830739252 0.30354628737616235 0.6185832479175433 0.7280041828351428 0.8327798984417961 0.9481236030500194 1.060701784691186 1.1437074475518463 1.4358791549529557
22 198 -0.3437531837776079 -0.13164307426000357 0.11100747063409545 0.2840491032562801 0.6451140404882787 0.7399268078453994 0.8920450526976741 1.0078765516408565 1.1220119685723822 1.1879490485757034 1.2468531889421275
19 171 -0.37405053355484047 -0.13841696950004806 0.08488888830739766 0.3035462873761581 0.6185832479175414 0.7280041828351416 0.8327798984417936 0.9481236030500264 1.0607017846911855 1.1437074475518452 1.4358791549529557
19 171 -0.37405053355483414 -0.13841696950004667 0.08488888830739909 0.3035462873761659 0.618583247917544 0.728004182835141 0.8327798984417885 0.9481236030500247 1.060701784691188 1.1437074475518412 1.4358791549529595
20 180 -0.37391797919002967 -0.15740712784504524 0.0981081658435577 0.33478602643459865 0.6185832479175433 0.7280041828351428 0.8327798984417961 0.9481236030500194 1.060701784691186 1.1437074475518463 1.4358791549529557
23 207 -0.28807547355772134 -0.12539629616251097 0.10156207501039859 0.30569870780586905 0.6451140404882787 0.7399268078453994 0.8920450526976741 1.0078765516408565 1.1220119685723822 1.1879490485757034 1.2468531889421275
20 180 -0.37391797919002995 -0.15740712784504599 0.09810816584355976 0.33478602643459454 0.6185832479175414 0.7280041828351416 0.8327798984417936 0.9481236030500264 1.0607017846911855 1.1437074475518452 1.4358791549529557
20 180 -0.3664637386386165 -0.16093888086905336 0.09951273072121143 0.3397745480045168 0.618583247917544 0.728004182835141 0.8327798984417885 0.9481236030500247 1.060701784691188 1.1437074475518412 1.4358791549529595
24 216 -0.28471720558571967 -0.13469728977009646 0.11906542641458884 0.31809174586136035 0.6451140404882787 0.7399268078453994 0.8920450526976741 1.0078765516408565 1.1220119685723822 1.1879490485757034 1.2468531889421275
21 189 -0.3138806669956239 -0.14857645583861848 0.11359979861316835 0.3192584978467078 0.6185832479175433 0.7280041828351428 0.8327798984417961 0.9481236030500194 1.060701784691186 1.1437074475518463 1.4358791549529557
25 225 -0.25502440698138884 -0.096630691155485 0.11806740610278005 0.32609066655553526 0.6451140404882787 0.7399268078453994 0.8920450526976741 1.0078765516408565 1.1220119685723822 1.1879490485757034 1.2468531889421275
21 189 -0.3466749456520364 -0.172954782861515 0.09453842141020706 0.30827469147460446 0.6185832479175414 0.7280041828351416 0.8327798984417936 0.9481236030500264 1.0607017846911855 1.1437074475518452 1.4358791549529557
21 189 -0.30519103270520614 -0.1403440047919479 0.11792562743128668 0.3428452391626485 0.618583247917544 0.728004182835141 0.8327798984417885 0.9481236030500247 1.060701784691188 1.1437074475518412 1.4358791549529595
22 198 -0.34375318377760594 -0.13164307426000285 0.11100747063408103 0.284049103256282 0.6451140404882805 0.7399268078453991 0.8920450526976835 1.0078765516408452 1.1220119685723795 1.187949048575703 1.2468531889421324
26 234 -0.2297987073579704 -0.09716899225460772 0.12369570730787915 0.2957186552141187 0.6451140404882787 0.7399268078453994 0.8920450526976741 1.0078765516408565 1.1220119685723822 1.1879490485757034 1.2468531889421275
22 198 -0.3214530232821358 -0.14918458844330892 0.12119323606178009 0.2531295015156786 0.6333987388563028 0.7499893379768349 0.9066902093544743 0.9870190176004799 1.1012275294279297 1.1692686286375547 1.2884630985038519
23 207 -0.2880754735577219 -0.12539629616250897 0.10156207501038379 0.3056987078058694 0.6451140404882805 0.7399268078453991 0.8920450526976835 1.0078765516408452 1.1220119685723795 1.187949048575703 1.2468531889421324
22 198 -0.3652137751457917 -0.16101840092681274 0.11484710821589865 0.3120157640205538 0.6103326624393822 0.7574468435719776 0.8710235607505502 1.0102065287680877 1.0959247792563653 1.151428063756234 1.3220179039561923
27 243 -0.2272667701635171 -0.09920257457621165 0.1285023133002338 0.290857405030881 0.6451140404882787 0.7399268078453994 0.8920450526976741 1.0078765516408565 1.1220119685723822 1.1879490485757034 1.2468531889421275
24 216 -0.2847172055857185 -0.13469728977009426 0.11906542641459159 0.3180917458613656 0.6451140404882805 0.7399268078453991 0.8920450526976835 1.0078765516408452 1.1220119685723795 1.187949048575703 1.2468531889421324
23 207 -0.29002497370130026 -0.1969807035870473 0.10468421239545594 0.29544422413269095 0.6333987388563028 0.7499893379768349 0.9066902093544743 0.9870190176004799 1.1012275294279297 1.1692686286375547 1.2884630985038519
28 252 -0.22653887874338666 -0.10718451980257065 0.13090512021967626 0.30854643330012704 0.6451140404882787 0.7399268078453994 0.8920450526976741 1.0078765516408565 1.1220119685723822 1.1879490485757034 1.2468531889421275
23 207 -0.38508156886035494 -0.2065819890812231 0.11488678258182755 0.3283766445847182 0.6103326624393822 0.7574468435719776 0.8710235607505502 1.0102065287680877 1.0959247792563653 1.151428063756234 1.3220179039561923
25 225 -0.2550244069813889 -0.09663069115548552 0.11806740610278164 0.32609066655553376 0.6451140404882805 0.7399268078453991 0.8920450526976835 1.0078765516408452 1.1220119685723795 1.187949048575703 1.2468531889421324
29 261 -0.28564474991789135 -0.09778561764159369 0.12687626675057043 0.36840472648659073 0.6365421969824053 0.777080752188994 0.9140345232774213 0.9963407111200909 1.082141806106421 1.2049906167452287 1.2408756338540199
24 216 -0.23178626298556523 -0.18541683459296046 0.09385287299867823 0.2739345222607146 0.6333987388563028 0.7499893379768349 0.9066902093544743 0.9870190176004799 1.1012275294279297 1.1692686286375547 1.2884630985038519
26 234 -0.23145792243103286 -0.08884915289773042 0.12210318190452955 0.2819462428111612 0.6451140404882805 0.7399268078453991 0.8920450526976835 1.0078765516408452 1.1220119685723795 1.187949048575703 1.2468531889421324
30 270 -0.2522231691755467 -0.14768513434323743 0.1249232901552387 0.43989133158732596 0.6365421969824053 0.777080752188994 0.9140345232774213 0.9963407111200909 1.082141806106421 1.2049906167452287 1.2408756338540199
24 216 -0.34236890542635445 -0.20376944921775172 0.08063612314505868 0.34372269478326545 0.6103326624393822 0.7574468435719776 0.8710235607505502 1.0102065287680877 1.0959247792563653 1.151428063756234 1.3220179039561923
25 225 -0.2871282814399754 -0.18465267317968134 0.12979696396416449 0.2687056865914503 0.6333987388563028 0.7499893379768349 0.9066902093544743 0.9870190176004799 1.1012275294279297 1.1692686286375547 1.2884630985038519
27 243 -0.1901223698499132 -0.06447748714814452 0.15794672563070927 0.313429141345535 0.6451140404882805 0.7399268078453991 0.8920450526976835 1.0078765516408452 1.1220119685723795 1.187949048575703 1.2468531889421324
31 279 -0.24668433944769075 -0.1722640239128176 0.0985404034712668 0.4031062220898891 0.6365421969824053 0.777080752188994 0.9140345232774213 0.9963407111200909 1.082141806106421 1.2049906167452287 1.2408756338540199
25 225 -0.33608470554228215 -0.18352778765790628 0.07896100646729394 0.30998311770108944 0.6103326624393822 0.7574468435719776 0.8710235607505502 1.0102065287680877 1.0959247792563653 1.151428063756234 1.3220179039561923
26 234 -0.35420693803167524 -0.23692856040927193 0.17739713846432179 0.3210375608251887 0.6333987388563028 0.7499893379768349 0.9066902093544743 0.9870190176004799 1.1012275294279297 1.1692686286375547 1.2884630985038519
32 288 -0.20388619801225713 -0.13985551441820304 0.07137910670146042 0.42449195327307127 0.6365421969824053 0.777080752188994 0.9140345232774213 0.9963407111200909 1.082141806106421 1.2049906167452287 1.2408756338540199
28 252 -0.19361982373852232 -0.0989215431567326 0.20615022582902245 0.31050229916038297 0.6451140404882805 0.7399268078453991 0.8920450526976835 1.0078765516408452 1.1220119685723795 1.187949048575703 1.2468531889421324
29 261 -0.18581792385373216 -0.07720568460992977 0.16302972778049946 0.2977903475825077 0.5861687608659071 0.7940548492854703 0.9423005378820237 1.0001736451978385 1.10878438672542 1.1633846247560118 1.2468916771337133
27 243 -0.36543163789866595 -0.23013754531608321 0.15561581085580098 0.373633941081738 0.6333987388563028 0.7499893379768349 0.9066902093544743 0.9870190176004799 1.1012275294279297 1.1692686286375547 1.2884630985038519
33 297 -0.23504593741294777 -0.09767996751806927 0.06572166552555989 0.4485161739632949 0.6365421969824053 0.777080752188994 0.9140345232774213 0.9963407111200909 1.082141806106421 1.2049906167452287 1.2408756338540199
26 234 -0.3543970187987304 -0.2136809844446717 0.13643334783382094 0.2869662586937386 0.6103326624393822 0.7574468435719776 0.8710235607505502 1.0102065287680877 1.0959247792563653 1.151428063756234 1.3220179039561923
30 270 -0.24237680938886996 -0.09926081803595849 0.15556293898500798 0.34363134647037363 0.5861687608659071 0.7940548492854703 0.9423005378820237 1.0001736451978385 1.10878438672542 1.1633846247560118 1.2468916771337133
28 252 -0.34777133231188934 -0.2126998939083371 0.1572656003807893 0.3053161589624011 0.6333987388563028 0.7499893379768349 0.9066902093544743 0.9870190176004799 1.1012275294279297 1.1692686286375547 1.2884630985038519
34 306 -0.25196754453825243 -0.09446124562611082 0.05768635534288585 0.4571732787622931 0.6365421969824053 0.777080752188994 0.9140345232774213 0.9963407111200909 1.082141806106421 1.2049906167452287 1.2408756338540199
27 243 -0.37546129117013444 -0.21806843030250123 0.15461416709265952 0.3138075283590818 0.6103326624393822 0.7574468435719776 0.8710235607505502 1.0102065287680877 1.0959247792563653 1.151428063756234 1.3220179039561923
35 315 -0.21092005003808167 -0.07762583945157966 0.06842289082778676 0.4559140691842517 0.6365421969824053 0.777080752188994 0.9140345232774213 0.9963407111200909 1.082141806106421 1.2049906167452287 1.2408756338540199
31 279 -0.22423374414930156 -0.07332141833472165 0.15259034653229728 0.39807741709953404 0.5861687608659071 0.7940548492854703 0.9423005378820237 1.0001736451978385 1.10878438672542 1.1633846247560118 1.2468916771337133
29 261 -0.4794808345035152 -0.20026577962070205 0.16637961563698062 0.3514862540960044 0.6039579879311248 0.6851611472143888 0.8010032915607364 0.9502717130914579 1.1121162833834364 1.237119042376319 1.361580036792715
28 252 -0.3296599101590348 -0.19430846060162402 0.14143952830853113 0.4027020202739668 0.6103326624393822 0.7574468435719776 0.8710235607505502 1.0102065287680877 1.0959247792563653 1.151428063756234 1.3220179039561923
36 324 -0.21180777942559212 -0.08781427579479958 0.10176519020336143 0.45248378150160823 0.5648227014162348 0.7945270964645892 0.8885451927872619 1.0311170140914345 1.0883116770571837 1.1673961971975213 1.2844263174366897
32 288 -0.21864739292817298 -0.07964448335929765 0.15454702893196753 0.39625288346009074 0.5861687608659071 0.7940548492854703 0.9423005378820237 1.0001736451978385 1.10878438672542 1.1633846247560118 1.2468916771337133
30 270 -0.46118138259367086 -0.1955888787711576 0.1375147496922069 0.3259291251205082 0.6039579879311248 0.6851611472143888 0.8010032915607364 0.9502717130914579 1.1121162833834364 1.237119042376319 1.361580036792715
33 297 -0.2715804940583856 -0.09710688384014307 0.1638315925890947 0.44794666540695144 0.5861687608659071 0.7940548492854703 0.9423005378820237 1.0001736451978385 1.10878438672542 1.1633846247560118 1.2468916771337133
37 333 -0.26114675477743143 -0.10452534128168321 0.07066970422543023 0.4712439521210276 0.5648227014162348 0.7945270964645892 0.8885451927872619 1.0311170140914345 1.0883116770571837 1.1673961971975213 1.2844263174366897
29 261 -0.3991405775767022 -0.16827498893492582 0.1122622470642065 0.45852022947723675 0.5149586144072986 0.7505346774994044 0.9003596083973044 0.9496256374841483 1.1369845193274297 1.1495165704499704 1.358291906987879
31 279 -0.4372552801910764 -0.16497201123065144 0.14541333169326748 0.37942413273623915 0.6039579879311248 0.6851611472143888 0.8010032915607364 0.9502717130914579 1.1121162833834364 1.237119042376319 1.361580036792715
34 306 -0.29906053881293043 -0.10889237454381734 0.16202193997937506 0.4228515125374733 0.5861687608659071 0.7940548492854703 0.9423005378820237 1.0001736451978385 1.10878438672542 1.1633846247560118 1.2468916771337133
38 342 -0.28374738167093383 -0.08772484240568806 0.07267426457946599 0.5258187876989912 0.5648227014162348 0.7945270964645892 0.8885451927872619 1.0311170140914345 1.0883116770571837 1.1673961971975213 1.2844263174366897
30 270 -0.4470894318553268 -0.191327652269033 0.09848622959582803 0.556149356072975 0.5149586144072986 0.7505346774994044 0.9003596083973044 0.9496256374841483 1.1369845193274297 1.1495165704499704 1.358291906987879
32 288 -0.3950713236357095 -0.18320828988128884 0.0825015109295048 0.33571076569769953 0.6039579879311248 0.6851611472143888 0.8010032915607364 0.9502717130914579 1.1121162833834364 1.237119042376319 1.361580036792715
35 315 -0.3083330149788365 -0.1259847362705571 0.1713941714966154 0.48772757968783037 0.5861687608659071 0.7940548492854703 0.9423005378820237 1.0001736451978385 1.10878438672542 1.1633846247560118 1.2468916771337133
39 351 -0.33369803204367 -0.08116497267714468 0.09061578473297237 0.5868033113389127 0.5648227014162348 0.7945270964645892 0.8885451927872619 1.0311170140914345 1.0883116770571837 1.1673961971975213 1.2844263174366897
31 279 -0.45877899871002414 -0.16121530809816548 0.11951179846862858 0.5849787722058077 0.5149586144072986 0.7505346774994044 0.9003596083973044 0.9496256374841483 1.1369845193274297 1.1495165704499704 1.358291906987879
36 324 -0.31862325920836654 -0.10343938219825893 0.1920783594622854 0.4639362235417429 0.6137703834451307 0.7268160667952276 0.8582464581064281 0.88825236811577 1.1283710337193813 1.243577447177834 1.3227770077651588
33 297 -0.3930664077259004 -0.16548416309639447 0.06037294763514117 0.28720185757873146 0.6039579879311248 0.6851611472143888 0.8010032915607364 0.9502717130914579 1.1121162833834364 1.237119042376319 1.361580036792715
40 360 -0.347948813979823 -0.09399700338724418 0.11879629134636766 0.6027367177886707 0.5648227014162348 0.7945270964645892 0.8885451927872619 1.0311170140914345 1.0883116770571837 1.1673961971975213 1.2844263174366897
37 333 -0.3586420752639091 -0.11893370484618027 0.18707730455507351 0.4360860149883989 0.6137703834451307 0.7268160667952276 0.8582464581064281 0.88825236811577 1.1283710337193813 1.243577447177834 1.3227770077651588
32 288 -0.4719909531057038 -0.15489303755813688 0.12527468765973143 0.56378427470638 0.5149586144072986 0.7505346774994044 0.9003596083973044 0.9496256374841483 1.1369845193274297 1.1495165704499704 1.358291906987879
34 306 -0.3875868423886972 -0.1534564906477108 0.0704849011786884 0.2903360106011419 0.6039579879311248 0.6851611472143888 0.8010032915607364 0.9502717130914579 1.1121162833834364 1.237119042376319 1.361580036792715
41 369 -0.36238117986032714 -0.11168170589593071 0.17873591718907414 0.5479703958145347 0.5648227014162348 0.7945270964645892 0.8885451927872619 1.0311170140914345 1.0883116770571837 1.1673961971975213 1.2844263174366897
38 342 -0.4324287442935335 -0.13362245597091735 0.19188180109486724 0.4740923972057419 0.6137703834451307 0.7268160667952276 0.8582464581064281 0.88825236811577 1.1283710337193813 1.243577447177834 1.3227770077651588
42 378 -0.37418603354623914 -0.10739542342166815 0.17850616576816053 0.5431584015180176 0.5648227014162348 0.7945270964645892 0.8885451927872619 1.0311170140914345 1.0883116770571837 1.1673961971975213 1.2844263174366897
33 297 -0.501172618692116 -0.169615443918285 0.1002954221352379 0.5663177301022437 0.5149586144072986 0.7505346774994044 0.9003596083973044 0.9496256374841483 1.1369845193274297 1.1495165704499704 1.358291906987879
35 315 -0.38970827581429063 -0.1518712147789027 0.11301387461543225 0.3396194532764668 0.6039579879311248 0.6851611472143888 0.8010032915607364 0.9502717130914579 1.1121162833834364 1.237119042376319 1.361580036792715
39 351 -0.4268742281486122 -0.11948642940867622 0.20046488757868336 0.4964051563226322 0.6137703834451307 0.7268160667952276 0.8582464581064281 0.88825236811577 1.1283710337193813 1.243577447177834 1.3227770077651588
43 387 -0.39722815274835693 -0.10756663706071189 0.17590574941173923 0.5416182082065218 0.4907459390693584 0.7365674094019633 0.7964457702439167 1.0033423422517658 1.0980516498925292 1.1945848957674303 1.3938667995801248
36 324 -0.39500999958670824 -0.15799031355625448 0.11888943100580487 0.3529716067882443 0.5944865021981877 0.7091857680187835 0.8888880578139318 0.9436532789457218 1.082807872772463 1.210371397807858 1.3511350950164693
34 306 -0.5224491854895886 -0.15012240136356045 0.1339733440564716 0.5543367400685251 0.5149586144072986 0.7505346774994044 0.9003596083973044 0.9496256374841483 1.1369845193274297 1.1495165704499704 1.358291906987879
40 360 -0.4334338657877821 -0.149480191941445 0.19243031154666276 0.4421845066545371 0.6137703834451307 0.7268160667952276 0.8582464581064281 0.88825236811577 1.1283710337193813 1.243577447177834 1.3227770077651588
44 396 -0.3443343776737877 -0.1384931232133675 0.15798874106307542 0.5132230478291414 0.4907459390693584 0.7365674094019633 0.7964457702439167 1.0033423422517658 1.0980516498925292 1.1945848957674303 1.3938667995801248
41 369 -0.4460880896720726 -0.1393723504423114 0.15062683177610328 0.4854480167994993 0.6137703834451307 0.7268160667952276 0.8582464581064281 0.88825236811577 1.1283710337193813 1.243577447177834 1.3227770077651588
37 333 -0.39813215172954597 -0.1635683353489838 0.11283957103293663 0.35647306737779155 0.5944865021981877 0.7091857680187835 0.8888880578139318 0.9436532789457218 1.082807872772463 1.210371397807858 1.3511350950164693
35 315 -0.5214843362842118 -0.18050977254636957 0.10741011251767521 0.5383168119381048 0.5149586144072986 0.7505346774994044 0.9003596083973044 0.9496256374841483 1.1369845193274297 1.1495165704499704 1.358291906987879
45 405 -0.3322917477477039 -0.1506976906733739 0.18653359273310233 0.4997706993648429 0.4907459390693584 0.7365674094019633 0.7964457702439167 1.0033423422517658 1.0980516498925292 1.1945848957674303 1.3938667995801248
42 378 -0.49679089519014297 -0.13825383101790145 0.14310306178523358 0.4592618252738072 0.6137703834451307 0.7268160667952276 0.8582464581064281 0.88825236811577 1.1283710337193813 1.243577447177834 1.3227770077651588
38 342 -0.37638381604418175 -0.1575476323698248 0.14387263654451804 0.3941657696288162 0.5944865021981877 0.7091857680187835 0.8888880578139318 0.9436532789457218 1.082807872772463 1.210371397807858 1.3511350950164693
46 414 -0.2634814824811353 -0.18072971161333534 0.19122465340753217 0.530207047579044 0.4907459390693584 0.7365674094019633 0.7964457702439167 1.0033423422517658 1.0980516498925292 1.1945848957674303 1.3938667995801248
43 387 -0.5263333847778586 -0.12008736627690908 0.14982599382822792 0.4415552231185412 0.5963184263591631 0.6460153606836502 0.764347434828289 0.8982480001481992 1.1606610170551666 1.2342771553919683 1.4019336376635148
36 324 -0.47707239013536695 -0.17669401566135565 0.1315577881365607 0.5102997170290585 0.4781050951973553 0.7198653405979877 0.8046069643402357 0.9185453146854604 1.063140819286569 1.2837106529292581 1.4085134380187045
39 351 -0.40918523712083027 -0.15329586327090983 0.1285196522624465 0.3962781001937098 0.5944865021981877 0.7091857680187835 0.8888880578139318 0.9436532789457218 1.082807872772463 1.210371397807858 1.3511350950164693
44 396 -0.5463423253909443 -0.08189551438922861 0.1206077167253975 0.4798537793016293 0.5963184263591631 0.6460153606836502 0.764347434828289 0.8982480001481992 1.1606610170551666 1.2342771553919683 1.4019336376635148
47 423 -0.2866088579140346 -0.1361840730664409 0.2064192898830061 0.5350539389983273 0.4907459390693584 0.7365674094019633 0.7964457702439167 1.0033423422517658 1.0980516498925292 1.1945848957674303 1.3938667995801248
40 360 -0.4581749489991658 -0.18384801998747993 0.14453572947987733 0.2836668313228118 0.5944865021981877 0.7091857680187835 0.8888880578139318 0.9436532789457218 1.082807872772463 1.210371397807858 1.3511350950164693
45 405 -0.5291652306640556 -0.12965444720482341 0.09531568016845002 0.4422569118404749 0.5963184263591631 0.6460153606836502 0.764347434828289 0.8982480001481992 1.1606610170551666 1.2342771553919683 1.4019336376635148
48 432 -0.28743004561278 -0.11504375522485902 0.19058926146790262 0.4540870687240765 0.4907459390693584 0.7365674094019633 0.7964457702439167 1.0033423422517658 1.0980516498925292 1.1945848957674303 1.3938667995801248
37 333 -0.4513086233583871 -0.13847773160182222 0.1369262576195118 0.46874422127388815 0.4781050951973553 0.7198653405979877 0.8046069643402357 0.9185453146854604 1.063140819286569 1.2837106529292581 1.4085134380187045
46 414 -0.5279846625691987 -0.13614988448644072 0.14405990604148694 0.4844889950052327 0.5963184263591631 0.6460153606836502 0.764347434828289 0.8982480001481992 1.1606610170551666 1.2342771553919683 1.4019336376635148
41 369 -0.5058934068897257 -0.13529401681853795 0.12917446942565158 0.3500908200867252 0.5944865021981877 0.7091857680187835 0.8888880578139318 0.9436532789457218 1.082807872772463 1.210371397807858 1.3511350950164693
49 441 -0.2923391605130572 -0.12974134242720695 0.2189255754872425 0.43068293904031457 0.4907459390693584 0.7365674094019633 0.7964457702439167 1.0033423422517658 1.0980516498925292 1.1945848957674303 1.3938667995801248
38 342 -0.412366994919201 -0.13040718048336547 0.15177053621032738 0.4510629761735396 0.4781050951973553 0.7198653405979877 0.8046069643402357 0.9185453146854604 1.063140819286569 1.2837106529292581 1.4085134380187045
47 423 -0.5148132854596461 -0.1797159157581292 0.13312000798954318 0.4541930889434689 0.5963184263591631 0.6460153606836502 0.764347434828289 0.8982480001481992 1.1606610170551666 1.2342771553919683 1.4019336376635148
50 450 -0.22689865193415318 -0.12615937921205111 0.23919898959211425 0.4318355425558329 0.5163996758329505 0.6386418641310794 0.9228849867223168 0.9789400982305844 1.118467895309841 1.1891975750214794 1.3602449133379817
42 378 -0.4961039659501061 -0.11004769718074583 0.15184109799352322 0.3258708162702811 0.5944865021981877 0.7091857680187835 0.8888880578139318 0.9436532789457218 1.082807872772463 1.210371397807858 1.3511350950164693
48 432 -0.5426017028007086 -0.15898771515288773 0.11217634537502308 0.4204733003510898 0.5963184263591631 0.6460153606836502 0.764347434828289 0.8982480001481992 1.1606610170551666 1.2342771553919683 1.4019336376635148
51 459 -0.2428047829931044 -0.1377752356759332 0.2538588691169795 0.4118297596370044 0.5163996758329505 0.6386418641310794 0.9228849867223168 0.9789400982305844 1.118467895309841 1.1891975750214794 1.3602449133379817
39 351 -0.402949778296811 -0.14302989451543444 0.16747326195684487 0.4480198320065601 0.4781050951973553 0.7198653405979877 0.8046069643402357 0.9185453146854604 1.063140819286569 1.2837106529292581 1.4085134380187045
49 441 -0.6427517874898978 -0.21453570899584315 0.1373842061170786 0.3824936682147415 0.5963184263591631 0.6460153606836502 0.764347434828289 0.8982480001481992 1.1606610170551666 1.2342771553919683 1.4019336376635148
52 468 -0.24550004754632393 -0.10658571233416504 0.19705025543346277 0.4499623976483551 0.5163996758329505 0.6386418641310794 0.9228849867223168 0.9789400982305844 1.118467895309841 1.1891975750214794 1.3602449133379817
43 387 -0.44695515171613737 -0.10855387105769043 0.1501059754666722 0.3685788385196414 0.6428078299359988 0.6769157752469523 0.8886201992451263 0.9193873089075711 1.0318052983722037 1.1430260651649986 1.4568917205175214
50 450 -0.6464187614693554 -0.17612848672729986 0.1383579297030832 0.4245574442298537 0.48231340491522817 0.6772009925401121 0.8415142323925955 0.8832291230117733 1.1184985702675831 1.2114208747657909 1.4498114086243703
53 477 -0.2872166379460863 -0.08409793006090995 0.21793603919820867 0.45960814205818445 0.5163996758329505 0.6386418641310794 0.9228849867223168 0.9789400982305844 1.118467895309841 1.1891975750214794 1.3602449133379817
44 396 -0.42739974963985733 -0.11467590981651936 0.15200873984409916 0.42528800946557316 0.6428078299359988 0.6769157752469523 0.8886201992451263 0.9193873089075711 1.0318052983722037 1.1430260651649986 1.4568917205175214
40 360 -0.42261686489757655 -0.1585452319426369 0.18256418966738047 0.4244595047640098 0.4781050951973553 0.7198653405979877 0.8046069643402357 0.9185453146854604 1.063140819286569 1.2837106529292581 1.4085134380187045
51 459 -0.6416944489861667 -0.18269232037143918 0.17605932657494008 0.4284969869936077 0.48231340491522817 0.6772009925401121 0.8415142323925955 0.8832291230117733 1.1184985702675831 1.2114208747657909 1.4498114086243703
54 486 -0.25031948574500507 -0.10550974136845864 0.21256386408463365 0.445233080577432 0.5163996758329505 0.6386418641310794 0.9228849867223168 0.9789400982305844 1.118467895309841 1.1891975750214794 1.3602449133379817
52 468 -0.6597808028210926 -0.1925326456697094 0.19610714714358574 0.4025479452660055 0.48231340491522817 0.6772009925401121 0.8415142323925955 0.8832291230117733 1.1184985702675831 1.2114208747657909 1.4498114086243703
45 405 -0.4350475095680217 -0.10048583834535532 0.15114696600943162 0.4391470242997775 0.6428078299359988 0.6769157752469523 0.8886201992451263 0.9193873089075711 1.0318052983722037 1.1430260651649986 1.4568917205175214
55 495 -0.3282929378197617 -0.07242379650436553 0.21934922403866422 0.4197983715996943 0.5163996758329505 0.6386418641310794 0.9228849867223168 0.9789400982305844 1.118467895309841 1.1891975750214794 1.3602449133379817
41 369 -0.40092814792618287 -0.18765909126046446 0.25015647592502877 0.4449176882335893 0.4781050951973553 0.7198653405979877 0.8046069643402357 0.9185453146854604 1.063140819286569 1.2837106529292581 1.4085134380187045
53 477 -0.6472606682329021 -0.193822520695106 0.23090204347857374 0.3717693933677037 0.48231340491522817 0.6772009925401121 0.8415142323925955 0.8832291230117733 1.1184985702675831 1.2114208747657909 1.4498114086243703
46 414 -0.46408637915523143 -0.06031682135628064 0.176023731801311 0.43913892380531966 0.6428078299359988 0.6769157752469523 0.8886201992451263 0.9193873089075711 1.0318052983722037 1.1430260651649986 1.4568917205175214
56 504 -0.35255632673740733 -0.1010183167474061 0.25245124737157626 0.45882235994575293 0.5163996758329505 0.6386418641310794 0.9228849867223168 0.9789400982305844 1.118467895309841 1.1891975750214794 1.3602449133379817
54 486 -0.6678968743033937 -0.2089701999141562 0.15217455154375997 0.40652614582871005 0.48231340491522817 0.6772009925401121 0.8415142323925955 0.8832291230117733 1.1184985702675831 1.2114208747657909 1.4498114086243703
47 423 -0.42258568921121814 -0.09145787744729028 0.18809643730514863 0.5176099166556228 0.6428078299359988 0.6769157752469523 0.8886201992451263 0.9193873089075711 1.0318052983722037 1.1430260651649986 1.4568917205175214
57 513 -0.3958010037951404 -0.11600922958091503 0.21798094828810816 0.46174707069820686 0.5012184326981753 0.5423057168009155 0.9228452825370458 1.0338965785139493 1.1104959605798919 1.256169587284916 1.31260646471099
58 522 -0.35599256834977167 -0.10794665858809957 0.22565902076920155 0.48649308090507953 0.5012184326981753 0.5423057168009155 0.9228452825370458 1.0338965785139493 1.1104959605798919 1.256169587284916 1.31260646471099
48 432 -0.43240266989511705 -0.11088704227164034 0.16585960762464827 0.5038371863102705 0.6428078299359988 0.6769157752469523 0.8886201992451263 0.9193873089075711 1.0318052983722037 1.1430260651649986 1.4568917205175214
42 378 -0.4065967646727207 -0.2064516181872676 0.22693964913310616 0.4352120046201615 0.4781050951973553 0.7198653405979877 0.8046069643402357 0.9185453146854604 1.063140819286569 1.2837106529292581 1.4085134380187045
55 495 -0.665907629825795 -0.22449694896637093 0.10005295241502901 0.3932301296023048 0.48231340491522817 0.6772009925401121 0.8415142323925955 0.8832291230117733 1.1184985702675831 1.2114208747657909 1.4498114086243703
59 531 -0.35627684325007203 -0.09373181689771433 0.22581574184776074 0.5089161005073836 0.5012184326981753 0.5423057168009155 0.9228452825370458 1.0338965785139493 1.1104959605798919 1.256169587284916 1.31260646471099
49 441 -0.424795598058473 -0.12536525196783607 0.20108643677847288 0.5029809113558574 0.6428078299359988 0.6769157752469523 0.8886201992451263 0.9193873089075711 1.0318052983722037 1.1430260651649986 1.4568917205175214
56 504 -0.6692894385746991 -0.20954264871021305 0.13571171730636208 0.35992988244770213 0.48231340491522817 0.6772009925401121 0.8415142323925955 0.8832291230117733 1.1184985702675831 1.2114208747657909 1.4498114086243703
60 540 -0.3994719204077418 -0.16047127579465315 0.2378094839531948 0.5371654608743147 0.5012184326981753 0.5423057168009155 0.9228452825370458 1.0338965785139493 1.1104959605798919 1.256169587284916 1.31260646471099
50 450 -0.4287151706381235 -0.14855351780267012 0.22363412990513537 0.5044474375541261 0.5797842645546639 0.7311725975682063 0.8045237774708036 0.9104360188131371 1.0847258460061109 1.152848091667075 1.465399502803886
43 387 -0.4014929408445343 -0.26245549024913783 0.2379106925756524 0.41258818208243453 0.508329704254818 0.6782584576750021 0.81484498446257 0.8818912906316703 1.0330601329500295 1.3234409993609764 1.4216724172918394
61 549 -0.3926258040047305 -0.1214441782075138 0.23844518610051452 0.565012520088763 0.5012184326981753 0.5423057168009155 0.9228452825370458 1.0338965785139493 1.1104959605798919 1.256169587284916 1.31260646471099
57 513 -0.6744546289696106 -0.21337391047553986 0.15017060604769875 0.38317004749964817 0.4859933026250196 0.6124856926091949 0.7785197744105076 0.9014801040441978 1.0626136646286923 1.2822255207789008 1.4821141260458295
51 459 -0.370619796098711 -0.12866515344934504 0.20803000230425006 0.5473285459913642 0.5797842645546639 0.7311725975682063 0.8045237774708036 0.9104360188131371 1.0847258460061109 1.152848091667075 1.465399502803886
62 558 -0.44126911830702414 -0.10511765610116047 0.23708478534838368 0.5559221523055662 0.5012184326981753 0.5423057168009155 0.9228452825370458 1.0338965785139493 1.1104959605798919 1.256169587284916 1.31260646471099
52 468 -0.4307967213599798 -0.10744487078669981 0.21461997228450427 0.5387791507643285 0.5797842645546639 0.7311725975682063 0.8045237774708036 0.9104360188131371 1.0847258460061109 1.152848091667075 1.465399502803886
58 522 -0.7060352550132774 -0.220506417031227 0.14124570920291019 0.4176278874854166 0.4859933026250196 0.6124856926091949 0.7785197744105076 0.9014801040441978 1.0626136646286923 1.2822255207789008 1.4821141260458295
63 567 -0.5060874634717062 -0.06541931469980197 0.2610478015905684 0.5680017276100997 0.5012184326981753 0.5423057168009155 0.9228452825370458 1.0338965785139493 1.1104959605798919 1.256169587284916 1.31260646471099
44 396 -0.39919248194082557 -0.226466432452683 0.2012250184868569 0.37132561833374433 0.508329704254818 0.6782584576750021 0.81484498446257 0.8818912906316703 1.0330601329500295 1.3234409993609764 1.4216724172918394
53 477 -0.4400198487078952 -0.128881526651993 0.1866103734497363 0.5149010611224293 0.5797842645546639 0.7311725975682063 0.8045237774708036 0.9104360188131371 1.0847258460061109 1.152848091667075 1.465399502803886
64 576 -0.5096857267514449 -0.048137662084264995 0.23748166690128264 0.60515994965368 0.48010958543305843 0.5543296656464254 0.702850036167935 1.0017288805286677 1.1534996177035055 1.274992062884082 1.4172467519361582
59 531 -0.7348878796879483 -0.22710667906750173 0.19338307449061032 0.42658104477705494 0.4859933026250196 0.6124856926091949 0.7785197744105076 0.9014801040441978 1.0626136646286923 1.2822255207789008 1.4821141260458295
54 486 -0.4928348582012955 -0.12954617091431606 0.18645496144492554 0.481858420180327 0.5797842645546639 0.7311725975682063 0.8045237774708036 0.9104360188131371 1.0847258460061109 1.152848091667075 1.465399502803886
65 585 -0.5460175999053025 -0.05421353455959147 0.24744748686535162 0.6171471834293886 0.48010958543305843 0.5543296656464254 0.702850036167935 1.0017288805286677 1.1534996177035055 1.274992062884082 1.4172467519361582
45 405 -0.4831751390754528 -0.29217610168551633 0.21273863024730172 0.4054448887515586 0.508329704254818 0.6782584576750021 0.81484498446257 0.8818912906316703 1.0330601329500295 1.3234409993609764 1.4216724172918394
60 540 -0.7388469428567609 -0.25895034997233407 0.1810976606752821 0.474384930315906 0.4859933026250196 0.6124856926091949 0.7785197744105076 0.9014801040441978 1.0626136646286923 1.2822255207789008 1.4821141260458295
55 495 -0.4923913012831727 -0.07679932626325629 0.18162792488861573 0.4161892060590449 0.5797842645546639 0.7311725975682063 0.8045237774708036 0.9104360188131371 1.0847258460061109 1.152848091667075 1.465399502803886
66 594 -0.5721705803123153 -0.09897287419359678 0.22953415979775985 0.5692137685826208 0.48010958543305843 0.5543296656464254 0.702850036167935 1.0017288805286677 1.1534996177035055 1.274992062884082 1.4172467519361582
56 504 -0.5017826479169893 -0.10446844370361547 0.16603449292286168 0.460667930533661 0.5797842645546639 0.7311725975682063 0.8045237774708036 0.9104360188131371 1.0847258460061109 1.152848091667075 1.465399502803886
67 603 -0.6004168304715409 -0.10879659407320391 0.2198783812311072 0.5407295555145808 0.48010958543305843 0.5543296656464254 0.702850036167935 1.0017288805286677 1.1534996177035055 1.274992062884082 1.4172467519361582
67 603 -0.6004168304715409 -0.10879659407320391 0.2198783812311072 0.5407295555145808 0.48010958543305843 0.5543296656464254 0.702850036167935 1.0017288805286677 1.1534996177035055 1.274992062884082 1.4172467519361582
61 549 -0.7295639431187566 -0.2664335761896719 0.13752715917692268 0.4551983788433235 0.4859933026250196 0.6124856926091949 0.7785197744105076 0.9014801040441978 1.0626136646286923 1.2822255207789008 1.4821141260458295
46 414 -0.5105345528315541 -0.2617974357630653 0.2198890584887647 0.4896103237438831 0.508329704254818 0.6782584576750021 0.81484498446257 0.8818912906316703 1.0330601329500295 1.3234409993609764 1.4216724172918394
57 513 -0.4937326069032635 -0.12267772184823644 0.138339164079917 0.46002152406651203 0.5905101543398676 0.6684833855248987 0.8625545478893197 0.8869504190180079 1.0660703329427619 1.1379655086760032 1.4974227436836203
62 558 -0.7100976222883474 -0.2532631756491414 0.1306961501026603 0.44285690129203886 0.4859933026250196 0.6124856926091949 0.7785197744105076 0.9014801040441978 1.0626136646286923 1.2822255207789008 1.4821141260458295
47 423 -0.5566088304291638 -0.2703341203833254 0.25568376909164015 0.5511265787246548 0.508329704254818 0.6782584576750021 0.81484498446257 0.8818912906316703 1.0330601329500295 1.3234409993609764 1.4216724172918394
58 522 -0.5367779959427931 -0.15530971106593422 0.14462583328068318 0.4822212712247145 0.5905101543398676 0.6684833855248987 0.8625545478893197 0.8869504190180079 1.0660703329427619 1.1379655086760032 1.4974227436836203
63 567 -0.7344575996531039 -0.2565662391904363 0.14950714064813178 0.42011231723435205 0.4859933026250196 0.6124856926091949 0.7785197744105076 0.9014801040441978 1.0626136646286923 1.2822255207789008 1.4821141260458295
59 531 -0.5364905529264601 -0.14286237790248005 0.15972782075143177 0.4762003470261337 0.5905101543398676 0.6684833855248987 0.8625545478893197 0.8869504190180079 1.0660703329427619 1.1379655086760032 1.4974227436836203
48 432 -0.5114975127558404 -0.23340218499466436 0.24210088655884948 0.5215094031979395 0.508329704254818 0.6782584576750021 0.81484498446257 0.8818912906316703 1.0330601329500295 1.3234409993609764 1.4216724172918394
64 576 -0.7183533719444992 -0.2998513709086866 0.12973683768985006 0.46107041896887385 0.4763002576899037 0.5777425938295225 0.7607068198013975 0.9086073993624992 1.038757657983842 1.1840061986288128 1.5981930851807296
60 540 -0.5423175669093979 -0.15712019201591204 0.16644247720342645 0.4664323046547922 0.5905101543398676 0.6684833855248987 0.8625545478893197 0.8869504190180079 1.0660703329427619 1.1379655086760032 1.4974227436836203
61 549 -0.5564004880255027 -0.16091944807338404 0.1418805766220306 0.4881388215658803 0.5905101543398676 0.6684833855248987 0.8625545478893197 0.8869504190180079 1.0660703329427619 1.1379655086760032 1.4974227436836203
65 585 -0.7431052452836668 -0.33631546324728173 0.14897324143487906 0.4722161224455145 0.4763002576899037 0.5777425938295225 0.7607068198013975 0.9086073993624992 1.038757657983842 1.1840061986288128 1.5981930851807296
49 441 -0.514054203778125 -0.24663887144671312 0.2480050164412692 0.5647623131849228 0.508329704254818 0.6782584576750021 0.81484498446257 0.8818912906316703 1.0330601329500295 1.3234409993609764 1.4216724172918394
62 558 -0.5404641881602197 -0.1568793515791263 0.1709723696340074 0.4884017780025273 0.5905101543398676 0.6684833855248987 0.8625545478893197 0.8869504190180079 1.0660703329427619 1.1379655086760032 1.4974227436836203
66 594 -0.7497733340184346 -0.3000286952819863 0.15984193757142398 0.450180003329693 0.4763002576899037 0.5777425938295225 0.7607068198013975 0.9086073993624992 1.038757657983842 1.1840061986288128 1.5981930851807296
50 450 -0.4537280841711161 -0.25888830915739386 0.2402671231433383 0.5167072213335978 0.4022273546691354 0.635287069895079 0.7037071547695392 0.8734603616257057 1.057602142056717 1.3094271576109187 1.5308053302111537
63 567 -0.5313422470904636 -0.1289358465539693 0.14726929765453706 0.4848207289896513 0.5905101543398676 0.6684833855248987 0.8625545478893197 0.8869504190180079 1.0660703329427619 1.1379655086760032 1.4974227436836203
67 603 -0.73954150311945 -0.3028985819709612 0.14072918723077563 0.44280314133200394 0.4763002576899037 0.5777425938295225 0.7607068198013975 0.9086073993624992 1.038757657983842 1.1840061986288128 1.5981930851807296
67 603 -0.73954150311945 -0.3028985819709612 0.14072918723077563 0.44280314133200394 0.4763002576899037 0.5777425938295225 0.7607068198013975 0.9086073993624992 1.038757657983842 1.1840061986288128 1.5981930851807296
64 576 -0.5146710190791257 -0.12953030930771262 0.1194127432374078 0.5258513837595463 0.6260912883140648 0.6577150928666482 0.8331558446081104 0.9486741409235474 1.0429220010320148 1.0749314656587186 1.5290929704079945
51 459 -0.41676742166464464 -0.28359739874016077 0.24033147070670363 0.5450752592499509 0.4022273546691354 0.635287069895079 0.7037071547695392 0.8734603616257057 1.057602142056717 1.3094271576109187 1.5308053302111537
65 585 -0.4976238548967969 -0.1702384318214372 0.1176018219876434 0.5378688290877329 0.6260912883140648 0.6577150928666482 0.8331558446081104 0.9486741409235474 1.0429220010320148 1.0749314656587186 1.5290929704079945
66 594 -0.49499641006105627 -0.13154356760365932 0.12257675200682167 0.5057026661073295 0.6260912883140648 0.6577150928666482 0.8331558446081104 0.9486741409235474 1.0429220010320148 1.0749314656587186 1.5290929704079945
52 468 -0.4325728562738169 -0.294364389534735 0.26467964193384563 0.5479751613140562 0.4022273546691354 0.635287069895079 0.7037071547695392 0.8734603616257057 1.057602142056717 1.3094271576109187 1.5308053302111537
67 603 -0.4969883514837676 -0.12189811980244179 0.14343929003099481 0.49993849135550883 0.6260912883140648 0.6577150928666482 0.8331558446081104 0.9486741409235474 1.0429220010320148 1.0749314656587186 1.5290929704079945
67 603 -0.4969883514837676 -0.12189811980244179 0.14343929003099481 0.49993849135550883 0.6260912883140648 0.6577150928666482 0.8331558446081104 0.9486741409235474 1.0429220010320148 1.0749314656587186 1.5290929704079945
53 477 -0.49487789009763544 -0.2885850540707103 0.2624427629947583 0.5514013085938964 0.4022273546691354 0.635287069895079 0.7037071547695392 0.8734603616257057 1.057602142056717 1.3094271576109187 1.5308053302111537
54 486 -0.4545437498647843 -0.31709999586701226 0.2603582179832286 0.5746113252351108 0.4022273546691354 0.635287069895079 0.7037071547695392 0.8734603616257057 1.057602142056717 1.3094271576109187 1.5308053302111537
55 495 -0.4021260736229599 -0.30499781889781286 0.23624577157903898 0.545805385345184 0.4022273546691354 0.635287069895079 0.7037071547695392 0.8734603616257057 1.057602142056717 1.3094271576109187 1.5308053302111537
56 504 -0.38110841608823925 -0.28464379407039453 0.24477320498703894 0.5182205480539458 0.4022273546691354 0.635287069895079 0.7037071547695392 0.8734603616257057 1.057602142056717 1.3094271576109187 1.5308053302111537
57 513 -0.3487936234418798 -0.23071299007459073 0.2003441807041687 0.5191437695841947 0.4403468368589773 0.7177252636886825 0.825952547402057 0.9026668044898899 1.0144976602846296 1.2666215363755386 1.469838263044629
58 522 -0.35223424289521565 -0.25214035989461236 0.17865209528143158 0.5262715076086397 0.4403468368589773 0.7177252636886825 0.825952547402057 0.9026668044898899 1.0144976602846296 1.2666215363755386 1.469838263044629
59 531 -0.2999726116068923 -0.21508004657293106 0.19560846530055295 0.5195600463151155 0.4403468368589773 0.7177252636886825 0.825952547402057 0.9026668044898899 1.0144976602846296 1.2666215363755386 1.469838263044629
60 540 -0.28067605861349126 -0.19605031408751156 0.18582814167573253 0.5268797040306105 0.4403468368589773 0.7177252636886825 0.825952547402057 0.9026668044898899 1.0144976602846296 1.2666215363755386 1.469838263044629
61 549 -0.32216673394937795 -0.18509736280288017 0.19352310694236974 0.450254672240094 0.4403468368589773 0.7177252636886825 0.825952547402057 0.9026668044898899 1.0144976602846296 1.2666215363755386 1.469838263044629
62 558 -0.33593017263044933 -0.194175088798418 0.20830116174290816 0.44601352040230813 0.4403468368589773 0.7177252636886825 0.825952547402057 0.9026668044898899 1.0144976602846296 1.2666215363755386 1.469838263044629
63 567 -0.3441851604712243 -0.16713852113041042 0.24111304343517737 0.42460003051670947 0.4403468368589773 0.7177252636886825 0.825952547402057 0.9026668044898899 1.0144976602846296 1.2666215363755386 1.469838263044629
64 576 -0.34594740718161077 -0.18095166366137688 0.20928849254970677 0.42335544031229494 0.49464288441695564 0.6636534215664494 0.7688645860744808 0.9422028557543427 1.0715544864234365 1.3131136077359582 1.4012484489312231
65 585 -0.367973440742093 -0.19065128014099297 0.20724145342838013 0.44425381108634304 0.49464288441695564 0.6636534215664494 0.7688645860744808 0.9422028557543427 1.0715544864234365 1.3131136077359582 1.4012484489312231
66 594 -0.3206639362720933 -0.1935622334475259 0.21200451427999906 0.39760716708409677 0.49464288441695564 0.6636534215664494 0.7688645860744808 0.9422028557543427 1.0715544864234365 1.3131136077359582 1.4012484489312231
67 603 -0.2600663695516494 -0.1837646026118863 0.18505868759887306 0.44975668662232277 0.49464288441695564 0.6636534215664494 0.7688645860744808 0.9422028557543427 1.0715544864234365 1.3131136077359582 1.4012484489312231
67 603 -0.2600663695516494 -0.1837646026118863 0.18505868759887306 0.44975668662232277 0.49464288441695564 0.6636534215664494 0.7688645860744808 0.9422028557543427 1.0715544864234365 1.3131136077359582 1.4012484489312231
