% # columns="iteration, evaluation, sigma, axis ratio, bestever, best, median, worst objective function value, interquartile range, 25%tile, current best feasible f-value, elapsed wallclock time [s], further/more values", seed=2567, Fri Aug 28 18:28:04 2026, <python>{}</python>
1 9 0.944972989972906 1.0000428580612375 2.025566984707082 2.0255669847070821e+00 43.13190960883977 51.595494953702314 35.28045196923963 15.208739785991996 nan 0.6   
1 9 0.9449729899729059 1.0000428580612375 2.0255411003058312 2.0255411003058312e+00 43.131861057937584 51.598288636235196 35.28038895300517 15.208796260504904 nan 0.6   
2 18 0.9087555735421708 1.27248786444527 1.8119580380031648 1.8119580380031648e+00 43.45014942947903 49.88248140126545 41.83815228649732 6.700700380523232 nan 0.9   
2 18 0.9087555735421711 1.2724878644452702 1.8119461913388153 1.8119461913388153e+00 43.45012775412819 49.882464893984015 41.838149029494254 6.700676083053734 nan 0.9   
2 18 0.9087555735421713 1.27248786444527 1.811944454934028 1.8119444549340280e+00 43.45011223115331 49.882505078177175 41.8381199677097 6.700683413341888 nan 0.9   
2 18 0.9087555735421712 1.2724878644452697 1.8119625489874618 1.8119625489874618e+00 43.45011314368166 49.88251376422312 41.8381176889761 6.70069373848179 nan 1.0   
3 27 0.8929064494700624 1.4334156399117404 1.73869532129714 1.7386953212971401e+00 29.34631287074093 47.760655364134024 19.34611506774052 14.902736164311944 nan 1.1   
3 27 0.8929064494700627 1.4334156399117404 1.738673628480799 1.7386736284807991e+00 29.34630786502526 47.76077383659688 19.34612654775436 14.902714300595553 nan 1.1   
3 27 0.8929064494700624 1.4334156399117404 1.7387013883382711 1.7387013883382711e+00 29.346388101043075 47.76206866621557 19.34613087206702 14.902732281396696 nan 1.3   
3 27 0.8929064494700629 1.4334156399117404 1.7386936459048978 1.7386936459048978e+00 29.346414662884825 47.759970601902545 19.346135783646233 14.90272746183179 nan 1.3   
4 36 0.9418161944914403 1.46202463897601 0.7573793078164675 7.5737930781646745e-01 4.845958616850649 33.78671037779584 14.088317366305287 1.719903533734783 nan 1.4   
4 36 0.9418161944914397 1.4620246389760099 0.7573902485149246 7.5739024851492465e-01 4.845961609341436 33.78670286169454 14.08830608568243 1.7199190956055914 nan 1.5   
4 36 0.9418161944914406 1.4620246389760103 0.7574498549618522 7.5744985496185224e-01 4.845966651344485 33.78679225432642 14.088316834496037 1.719925381690034 nan 1.6   
4 36 0.9418161944914395 1.4620246389760103 0.757435889563918 7.5743588956391805e-01 4.845965647384997 33.78679611386237 14.088295468028377 1.7199418890833469 nan 1.6   
5 45 0.9936258651670431 1.7474753821800388 0.7573793078164675 1.5585976055424593e+00 3.977683124914572 43.36978534013014 31.039090107170896 2.0644123123040323 nan 1.7   
5 45 0.9936258651670422 1.7474753821800395 0.7573902485149246 1.5586000085989349e+00 3.9777267978145208 43.36980042920948 31.039107745008817 2.064405765685623 nan 1.9   
6 54 0.9658109715943618 1.7809695391218479 0.001069601912464441 1.0696019124644409e-03 1.286169865203603 48.86468579279466 23.22814551728545 0.27449311230106077 nan 1.9   
5 45 0.9936258651670432 1.7474753821800397 0.7574498549618522 1.5586904223230076e+00 3.9776462790119127 43.36981565552602 31.039042102265686 2.064497027185692 nan 2.0   
5 45 0.993625865167042 1.7474753821800388 0.757435889563918 1.5586826272013747e+00 3.9776447040879774 43.36982367607315 31.03903632235537 2.064508867000799 nan 2.0   
6 54 0.9658109715943601 1.7809695391218472 0.0010567695191349934 1.0567695191349934e-03 1.2861684790382224 48.864683625773665 23.239714757525533 0.2629421101343189 nan 2.1   
7 63 0.9225956796809976 1.7733288995303094 0.001069601912464441 6.2266116981910646e-01 2.1355708012120895 47.6408619612911 6.95557701870273 1.0741596685864006 nan 2.2   
6 54 0.9658109715943619 1.7809695391218472 0.006235576300294357 6.2355763002943567e-03 1.2965849602477593 48.86477534601745 23.25293246901448 0.2497270509547869 nan 2.2   
6 54 0.9658109715943605 1.7809695391218467 0.019348844216647086 1.9348844216647086e-02 1.2862447144872915 48.86475726140648 23.252853281591747 0.24980344009315764 nan 2.2   
7 63 0.9225956796809962 1.7733288995303096 0.0010567695191349934 6.2195560454400756e-01 2.1355738293756104 47.64086110210136 6.955593141873539 1.0741474568251301 nan 2.4   
8 72 0.9345485230932978 1.7850645267261467 0.001069601912464441 1.2000836708087445e-01 1.6371053405488953 28.18021007931467 2.719168366994818 0.6515917297497286 nan 2.4   
7 63 0.922595679680996 1.7733288995303091 0.019348844216647086 6.1676614807087471e-01 2.1356253031636263 47.64097695229167 6.963402151398617 1.0742500845950593 nan 2.5   
7 63 0.9225956796809975 1.7733288995303091 0.006235576300294357 6.2208626619190455e-01 2.135612170127469 47.64099647207242 6.955560765218156 1.074250354206466 nan 2.5   
8 72 0.9345485230932962 1.7850645267261462 0.0010567695191349934 6.1472848615852130e-02 1.6371307098285914 28.180211747648766 2.719169047247733 0.6516017303409658 nan 2.7   
9 81 1.1072489249643593 1.8862312452428533 0.001069601912464441 1.8125843927614546e-01 2.0408799663394643 25.223085795419575 10.675405819430978 0.5892897259990024 nan 2.7   
8 72 0.9345485230932964 1.7850645267261467 0.019348844216647086 2.7308881267722806e-02 1.6371284498016754 28.180236722602647 2.7127908871997715 0.6580325480336799 nan 2.8   
8 72 0.934548523093298 1.785064526726146 0.006235576300294357 2.7227209976696230e-02 1.6371149338347937 28.1802194819068 2.718830144897624 0.6519939823114755 nan 2.8   
9 81 1.1072489249643571 1.8862312452428533 0.0010567695191349934 1.7316906342182808e-01 2.04088535470146 25.223082101706193 10.672271773880567 0.5924229576735008 nan 2.9   
10 90 1.1558091236585815 2.0109006412282224 0.0008951965995941962 8.9519659959419625e-04 0.5329307807629197 23.887897959815454 1.5359358072158666 0.25034085138878104 nan 3.0   
9 81 1.1072489249643584 1.8862312452428538 0.019348844216647086 1.8373311408291962e-01 2.0409738056646445 25.223213609263595 10.675510833009909 0.5892425720175384 nan 3.1   
9 81 1.1072489249643602 1.8862312452428547 0.006235576300294357 1.8084241197109063e-01 2.040976833308676 25.22319834969865 10.688929881416053 0.5892393356009673 nan 3.1   
10 90 1.1558091236585788 2.0109006412282215 0.0008690005393523739 8.6900053935237394e-04 0.5329421140016594 23.965197658887174 1.5359321940004151 0.2503801125629587 nan 3.2   
11 99 1.2624946706397921 2.0552002689379116 0.0008951965995941962 1.8588181126848961e-03 1.8926034396571436 14.669127914367637 2.155307437697888 0.3501818329696703 nan 3.3   
10 90 1.1558091236585808 2.0109006412282238 0.0009680495502384391 9.6804955023843914e-04 0.5328837139676162 23.887809895426003 1.535982276563355 0.2502958238489037 nan 3.4   
10 90 1.1558091236585826 2.0109006412282238 0.0009626930568330366 9.6269305683303657e-04 0.532885461194322 23.887798686941377 1.535986263536589 0.25028844095980296 nan 3.4   
11 99 1.2624946706397888 2.055200268937911 0.0008690005393523739 1.8617907424305744e-03 1.9027284822204809 14.625390249248758 2.1607208801677666 0.3501898341492942 nan 3.5   
12 108 1.4597241859687564 2.1013156024795463 0.0008951965995941962 3.0803074062000862e-03 8.31222312294041 48.111288565128504 18.592069268290015 1.2074056038865606 nan 3.6   
11 99 1.262494670639792 2.0552002689379125 0.0009680495502384391 1.9731542399180619e-03 1.892555722111065 14.618296525033301 2.153867710272898 0.3501839448784914 nan 3.7   
11 99 1.2624946706397935 2.055200268937912 0.0009626930568330366 1.9872916400999236e-03 1.8925527043781514 14.618278256417952 2.14426954019474 0.3501832328039777 nan 3.7   
12 108 1.4597241859687522 2.101315602479546 0.0008690005393523739 3.0789327294693841e-03 8.312219003629775 48.1112941677092 18.59204760369348 1.2074050139071688 nan 3.9   
13 117 1.5343785322842773 2.4592803665712193 0.0008951965995941962 2.9150714499676722e-01 3.159673335482117 44.25951409215691 18.67262904119856 2.298443764338526 nan 3.9   
12 108 1.4597241859687562 2.1013156024795467 0.0009680495502384391 3.1506388359861109e-03 8.312338009194786 48.11134965619311 18.592047206212676 1.2075172667329677 nan 4.0   
12 108 1.459724185968758 2.1013156024795467 0.0009626930568330366 3.1478432122142731e-03 8.312317281011534 48.11135231245977 18.59206437987643 1.2075173783057542 nan 4.1   
13 117 1.5343785322842727 2.4592803665712175 0.0008690005393523739 2.9151449530089679e-01 3.1596765064312167 44.25948373716259 18.672590723815993 2.2984911626755165 nan 4.2   
14 126 1.6020215028719849 2.6536952856780474 0.0008951965995941962 5.9418071749701158e-02 2.71835776984908 61.44497617205063 25.108735366976177 0.7785139446837905 nan 4.2   
13 117 1.5343785322842767 2.459280366571219 0.0009680495502384391 2.9160425553343994e-01 3.1597918482496175 44.362669929226094 18.672744358701138 2.298450402076243 nan 4.4   
13 117 1.534378532284279 2.4592803665712197 0.0009626930568330366 2.9158613928042082e-01 3.1597945850719023 44.25956108164068 18.67275089139259 2.2984470386970695 nan 4.4   
15 135 1.7199624042274408 2.7355434028517154 0.0008951965995941962 3.1046652867198076e-03 6.988675129615839 49.60376635160796 39.52287828492002 0.3610327602438247 nan 4.5   
14 126 1.6020215028719806 2.653695285678049 0.0008690005393523739 5.9426957026187111e-02 2.718364761808762 61.44498239127286 25.108714715054912 0.7785328457552197 nan 4.6   
14 126 1.602021502871984 2.653695285678051 0.0009680495502384391 5.9512669411691144e-02 2.725708959782308 61.44511128964027 25.10875665278376 0.7785606396836869 nan 4.8   
14 126 1.6020215028719873 2.6536952856780474 0.0009626930568330366 5.9537246376330011e-02 2.7244619627809814 61.445095435377624 25.108746224276413 0.7785569063766377 nan 4.8   
16 144 1.6259731816182381 2.63777769312099 0.0008951965995941962 1.7901727569380581e-03 3.9915469428530588 45.349100263509015 22.08263830667003 0.003918649766099067 nan 4.9   
15 135 1.7199624042274368 2.7355434028517167 0.0008690005393523739 3.1331728231975926e-03 6.988684200932809 49.60378380669391 39.531553647432574 0.3610500321140058 nan 4.9   
15 135 1.7199624042274393 2.7355434028517194 0.0009680495502384391 3.1243395558415883e-03 6.988752609313661 49.60375643594713 39.52285197812565 0.36102001131174477 nan 5.1   
15 135 1.7199624042274435 2.7355434028517194 0.0009626930568330366 3.1294511723351775e-03 6.9887706479160006 49.603754066791765 39.52285016233456 0.3610185941833336 nan 5.1   
17 153 1.5101827673945591 2.618781182357476 0.0008951965995941962 2.3047436275493330e-03 2.990697482772425 35.59720025430535 15.970884028536695 0.021549438247753742 nan 5.1   
16 144 1.6259731816182348 2.637777693120991 0.0008690005393523739 1.7918496054772101e-03 3.9915578539485956 45.349099986405704 22.08265384275824 0.003937941187616742 nan 5.3   
16 144 1.6259731816182366 2.6377776931209915 0.0009680495502384391 1.8427358484127427e-03 3.991605300285131 45.34922229331633 22.082622087188952 0.003952315904590878 nan 5.4   
18 162 1.3575414238191592 2.5791988751598507 0.0008951965995941962 2.2284359487271177e-03 0.3496100688231359 47.79965093630514 1.2031115689487208 0.0030518899872250525 nan 5.4   
16 144 1.6259731816182417 2.6377776931209937 0.0009626930568330366 1.8146966053639261e-03 3.9916217084824437 45.34923105771163 22.082646113966316 0.003949461527293902 nan 5.4   
19 171 1.2954559838496271 2.6331640442112487 0.0008951965995941962 1.8249584354866613e-03 0.6082047412132904 49.509639040358714 13.125960286209915 0.0024412790546720887 nan 5.7   
17 153 1.510182767394556 2.6187811823574796 0.0008690005393523739 2.2798622270425767e-03 2.9906591813874055 35.59720474823461 15.971602078755627 0.021544791668539613 nan 5.7   
17 153 1.510182767394557 2.618781182357479 0.0009680495502384391 2.3880706053622533e-03 2.990768205114028 35.59725039642972 15.970852814444543 0.021623623214973277 nan 5.8   
17 153 1.5101827673945618 2.61878118235748 0.0009626930568330366 2.3760764990408394e-03 2.9907747563593023 35.59724757353185 15.970852951532974 0.021626925191771777 nan 5.8   
20 180 1.182650176027669 2.5364656086418798 0.0008951965995941962 9.8872841127808832e-04 16.159735738050227 50.780161083318994 31.75746181297886 0.044795388122771444 nan 6.0   
18 162 1.3575414238191568 2.5791988751598556 0.0008690005393523739 2.1959804089859321e-03 0.34960904371427953 47.79177985206482 1.2036371706729554 0.0030657763165490575 nan 6.0   
18 162 1.3575414238191574 2.5791988751598556 0.0009680495502384391 2.3189618239632718e-03 0.3497007522990384 47.809638250509 1.2031443784995826 0.0030766284198916207 nan 6.2   
18 162 1.357541423819162 2.579198875159854 0.0009626930568330366 2.3294378688489253e-03 0.34970730270964134 47.80558067026136 1.2031272435930034 0.0030704812188761927 nan 6.2   
21 189 1.0375055885982063 2.5821343812450386 0.0008951965995941962 1.5125088744058351e-03 0.0035957541836800135 23.340079305337785 4.089858736472572 0.0026828109833701166 nan 6.2   
19 171 1.2954559838496251 2.6331640442112505 0.0008690005393523739 1.8365139221586527e-03 0.6081757987498054 49.509602205351555 13.125963507777573 0.002416504804222421 nan 6.4   
22 198 0.9838021885901519 2.515557565063999 0.0008951965995941962 1.4382923371416031e-03 0.4865754881388208 16.241396620899977 0.7396842910677176 0.0025025980823069234 nan 6.5   
19 171 1.2954559838496305 2.6331640442112523 0.0009626930568330366 1.8745591399851034e-03 0.6083227411893903 49.50975479413046 13.125910576805119 0.0025487648811955994 nan 6.6   
19 171 1.2954559838496258 2.6331640442112536 0.0009680495502384391 1.8697613100240843e-03 0.6082996101477581 49.50972698117623 13.12592866590842 0.0025320847922382004 nan 6.6   
20 180 1.1826501760276682 2.5364656086418793 0.0008690005393523739 9.8505052584232510e-04 16.15972735840515 50.78016680814284 31.757455288421728 0.04479663269802657 nan 6.7   
23 207 0.9119919869203523 2.4471226465364846 0.0008951965995941962 1.3896904998377353e-03 0.0024967624592769438 20.931654095616118 0.46515287309941894 0.0017459330723337647 nan 6.7   
20 180 1.1826501760276726 2.536465608641881 0.0009626930568330366 1.0829275882483439e-03 16.159824881258626 50.78027075644925 31.757463307892348 0.0448856486541212 nan 7.0   
20 180 1.218377069425268 2.5364656086418793 0.0009680495502384391 3.4582371035767547e-03 16.159830610534854 50.780261937996336 31.96492320015506 0.0497850884582483 nan 7.0   
24 216 0.8912901490885762 2.405471715623697 0.0008951965995941962 1.2727764857117599e-03 0.0020345372348774243 2.957798782846054 0.3950196631298432 0.0019165056620412645 nan 7.0   
21 189 1.0375055885982045 2.5821343812450386 0.0008690005393523739 1.5107528840946933e-03 0.0036225983225556357 23.340098380771696 4.089854456517219 0.0026844825234637482 nan 7.1   
25 225 0.8794883641037665 2.562536537375294 0.0008951965995941962 1.8248794378211508e-03 0.058706042842223534 13.897202683172715 1.1056639051019264 0.01582548436018815 nan 7.3   
21 189 1.0248196294613536 2.5821343812450395 0.0009626930568330366 1.6183320451470813e-03 0.0038913590716199422 23.34019193533119 4.089417467583876 0.003158524125835373 nan 7.4   
21 189 1.0911391445904095 2.5393439982450507 0.0009680495502384391 1.9925309916525671e-03 0.32405615587532505 16.61985433585572 2.2182913530555286 0.003773947555340076 nan 7.4   
22 198 0.9838021885901498 2.515557565063998 0.0008690005393523739 1.4306971626281803e-03 0.4865550350414173 16.241403491464705 0.7396881141287375 0.0025021328292291704 nan 7.5   
26 234 0.8363058643979202 2.667237194341593 0.0008951965995941962 1.2835998562765101e-03 0.002299410059951175 1.4796978989908245 0.3967777998555312 0.002077921122180593 nan 7.6   
22 198 0.9627440809900625 2.503608569185325 0.0009626930568330366 2.7764646494082322e-03 0.12286548223987279 20.10687447441378 2.2390737162726113 0.003477166844479445 nan 7.8   
23 207 0.9119919869203498 2.447122646536484 0.0008690005393523739 1.3798596966232565e-03 0.002468948831589157 20.9316637642299 0.46515848724418746 0.0017314705758967608 nan 7.8   
22 198 1.0056967369358831 2.5098900717448576 0.0009680495502384391 2.5408638167037181e-03 0.854999567849948 33.78042994848445 3.9591370288853627 0.33296716786303443 nan 7.9   
27 243 0.7325015723560337 2.666068214708609 0.0008951965995941962 1.4632413308336592e-03 0.0018512351483155963 0.36744544665595824 0.07941232966013745 0.0015429954333703612 nan 7.9   
24 216 0.8912901490885733 2.4054717156236993 0.0008690005393523739 1.2709361814828716e-03 0.002004458808383212 2.9578041067929544 0.3950116926380739 0.00191379722102282 nan 8.1   
23 207 0.8534785451529396 2.6075707799006453 0.0009626930568330366 1.8479680728204662e-03 0.0030859606714449847 0.8860662536922924 0.39254805224199035 0.0025752700072147047 nan 8.2   
28 252 0.6762931659615052 2.706912687120643 0.0008951965995941962 1.4285736366647266e-03 0.0018964258616809913 0.759065263276454 0.30819113362883327 0.0015872364488718662 nan 8.2   
23 207 1.0173184786762728 2.470522259206285 0.0009680495502384391 2.8262049383351953e-03 0.39730890904270916 18.186059653526435 1.2294418341810143 0.003201210017238788 nan 8.3   
25 225 0.8794883641037633 2.5625365373752937 0.0008690005393523739 1.8196278779294324e-03 0.058700408290575344 13.897207220556915 1.10727836555616 0.01580785709482622 nan 8.4   
29 261 0.648750801528289 2.9979624160600613 0.0008951965995941962 1.3020803912617404e-03 0.0016343154851487995 1.8653638550367557 0.0015196983127503901 0.001442840223545409 nan 8.5   
24 216 0.7294160592444423 2.596768314168737 0.0009626930568330366 1.8779772808644325e-03 0.00313219853850992 0.8905015052999302 0.15466150546315144 0.002665595852123325 nan 8.5   
26 234 0.8401328407048698 2.6672371943415962 0.0008690005393523739 1.2763948886927706e-03 0.002275126451841133 1.4796892630857494 0.39679259412198753 0.002043672979482397 nan 8.7   
30 270 0.6548381037630511 3.1815197879939263 0.0008951965995941962 1.4210578456583462e-03 0.0016197604190959967 0.5004261926589156 0.11541053075397473 0.0014910747112229224 nan 8.7   
24 216 1.01947774423863 2.763485607808385 0.0009680495502384391 2.4587526861597113e-03 0.0028278415775933184 1.7725250645899573 0.1906734736903685 0.002720610254207622 nan 8.8   
25 225 0.7508739084066978 2.5872993375104567 0.0009626930568330366 1.5464118544440083e-03 0.0028497633680445813 0.4654498410742336 0.004535153773560129 0.0018287905216606013 nan 8.9   
27 243 0.8092469599339341 2.659098209879378 0.0008690005393523739 1.2000902473969755e-03 0.002075978886480379 1.4085243495009612 0.17162868582004243 0.0016991580398406248 nan 8.9   
31 279 0.6473164148696231 3.509012189162543 0.0008951965995941962 1.3609638641590579e-03 0.0017726601543021734 0.48105201754109184 0.007394823601032971 0.0014661457058398667 nan 8.9   
25 225 1.0721689005337454 2.8625450452406485 0.0009680495502384391 1.7887169124451944e-03 0.0438458144299518 11.760913427142723 0.9083721310185164 0.002349638350737118 nan 9.1   
26 234 0.7681562766916792 2.7634007516696655 0.0009626930568330366 1.5076457383198525e-03 0.0020494781884696704 2.2964352940427806 0.030813008375132577 0.0018457499210524455 nan 9.2   
32 288 0.7297807727663442 3.6303232485940797 0.0008951965995941962 1.0877880055160545e-03 0.04348979052982617 0.4795497337052998 0.19144615810615032 0.0017336289858599161 nan 9.2   
28 252 0.6875388642535339 2.8706195559506336 0.0008690005393523739 1.4284859932288485e-03 0.04658293848287452 2.006016666477266 0.567522078395491 0.0017697576147890869 nan 9.2   
29 261 0.6254526289227319 3.127284146330395 0.0008690005393523739 1.3741571951510234e-03 0.0016958345482647465 0.003735615492182701 0.00029708881994465084 0.0015747802685556098 nan 9.4   
27 243 0.7050928765426638 2.9324470542201757 0.0009626930568330366 1.4425665970218019e-03 0.0023081644357114605 11.297112895731376 0.09852489511980775 0.0019805355820876093 nan 9.4   
33 297 0.8204027583882915 3.9437879985760436 0.0008951965995941962 9.9326953567838486e-04 0.0019819620395389015 0.47536671712339545 0.18495540520499562 0.0012603327382891055 nan 9.4   
26 234 1.008275378720908 2.8784972069274306 0.0009680495502384391 1.6228876376594031e-03 0.004765125593136078 0.6393436211557946 0.0822063300817175 0.001934432288406004 nan 9.5   
30 270 0.5816162247670539 3.1076871894958775 0.0008690005393523739 1.4856652350162393e-03 0.0016478813349500405 0.13547083413920744 0.011299213579800205 0.0015372570811566703 nan 9.7   
28 252 0.7017336653501243 2.86800840903645 0.0009626930568330366 1.3607102036755369e-03 0.0022976305282182098 0.16960817897616245 0.0014136537930666386 0.001952176342111309 nan 9.7   
34 306 0.7625447349496705 4.2800123581224865 0.0008951965995941962 1.0794118261257888e-03 0.0021150771993913514 1.4880278383777996 0.04402375251818465 0.0016248642945722626 nan 9.7   
27 243 0.9351452479760798 2.8739431675629556 0.0009680495502384391 1.7797970121404081e-03 0.0034348772222350683 6.182358988745901 0.3667666768282481 0.001850266656121397 nan 9.8   
35 315 0.7592443561947064 4.484899363549704 0.0008951965995941962 9.7078042101519132e-04 0.0012075789653926512 0.8420432025246679 0.2140149553981388 0.0010227332334739807 nan 9.9   
31 279 0.5799773043221603 3.4469676240955818 0.0008690005393523739 1.3388763595788603e-03 0.0017995309924459643 0.2487551380443175 0.024999449871670142 0.001588316183644787 nan 10.0   
29 261 0.7920370752448409 2.9252024287007474 0.0009626930568330366 1.1167435047397293e-03 0.001710788280708174 0.0022249009293775473 0.00046258759500000454 0.0014052775291876554 nan 10.0   
28 252 1.0631831672356988 2.8878273969679427 0.0009680495502384391 1.4011788060360195e-03 0.0025535628351530852 0.17879973548561623 0.01877634717891582 0.0018667332590628996 nan 10.1   
36 324 0.7136639130885777 4.426322770953885 0.0008951965995941962 1.1132625460048913e-03 0.0014661049044042624 0.8507448867997156 0.08823868105267285 0.001265621020320571 nan 10.2   
32 288 0.5343070928201548 3.352559985960718 0.0008690005393523739 1.4344219631349986e-03 0.054243269577120445 0.3776607287512088 0.20254471554268721 0.0016967625347688686 nan 10.2   
30 270 0.7218967891263484 2.892843915013678 0.0009626930568330366 1.1532498976169398e-03 0.010762890534868457 0.6618572669141264 0.37868751484908497 0.00803284544882405 nan 10.2   
33 297 0.5643748582433695 3.53499950843563 0.0008690005393523739 1.2526003512423553e-03 0.0015210809663294004 0.24228405589822574 0.008065115382769432 0.0014842002441139155 nan 10.4   
37 333 0.6390427292754058 4.468471790422239 0.000849921292547416 8.4992129254741599e-04 0.0012518379714563407 0.001730930583506195 0.0005408322705385028 0.000992764887408568 nan 10.4   
29 261 1.182209904159518 3.2260198962022404 0.0009680495502384391 1.0415450905565712e-03 0.0020364755482076046 6.655675642251216 0.1225528594787111 0.0012182139306162276 nan 10.4   
31 279 0.7219215182469046 2.8873897404041204 0.0009334653739537352 9.3346537395373524e-04 0.001769468540587621 0.16047487374308664 0.0012375965834575651 0.0013926306816514362 nan 10.5   
34 306 0.5091767650565273 3.7463877602790765 0.0008690005393523739 1.3485650067982680e-03 0.001725626364282954 0.22731538843765423 0.07092508051474036 0.0015839698255630992 nan 10.6   
38 342 0.6517163335232932 4.642253916845768 0.0007976881010570584 7.9768810105705840e-04 0.0010758979987660073 0.7300838007703992 0.006945724824290581 0.0010080466450711084 nan 10.6   
30 270 1.3069666076058317 3.4784645442543964 0.0009680495502384391 1.4059011763033530e-03 0.7369553559485562 2.2739344811703757 1.3154151519116402 0.01006893956458189 nan 10.7   
32 288 0.7334966230002997 2.781473433152449 0.0009334653739537352 1.3036839536517714e-03 0.0019037523069552634 0.714320054216535 0.054908966629623426 0.0015022127686036561 nan 10.8   
35 315 0.5344530792151562 3.8596229299424905 0.0008690005393523739 1.1991030033738938e-03 0.0014209849237823311 0.1940887016881716 0.054970266776061295 0.0012750121755772074 nan 10.8   
39 351 0.7035829079531901 5.099431041714851 0.0006955611512792825 6.9556115127928253e-04 0.008724986421989746 0.4125717449050041 0.31222558575931153 0.000986530709267165 nan 10.8   
31 279 1.432722660485694 4.008792643477581 0.0009680495502384391 1.8514198080053876e-03 0.10755496027595743 45.265133523803314 0.9752287723411251 0.03405958634667581 nan 11.0   
36 324 0.6139364126373382 3.9859839197343505 0.0008690005393523739 1.0684892888164423e-03 0.002553206674706662 0.5150818936519106 0.10929926766673338 0.0012476539683667063 nan 11.0   
33 297 0.7180912608939941 2.7405935842383773 0.0009334653739537352 1.2222558358273234e-03 0.0015651074419504563 0.2523277505838166 0.003536971645233813 0.0013704035588207428 nan 11.0   
40 360 0.7778850499830049 6.102854498961739 0.0006955611512792825 8.8119471668824702e-04 0.0014517128428669641 0.07583354482204653 0.003823493873430285 0.0010502538283575333 nan 11.1   
37 333 0.6727690170123938 4.538896820136194 0.0008690005393523739 1.0102457307178386e-03 0.00126445179119773 0.410251921984228 0.15251850412783724 0.0010867320657697542 nan 11.2   
32 288 1.4422596348104888 4.211370273911773 0.0009680495502384391 2.3427846889028017e-03 0.678146187259398 9.756758621559053 1.7459686397150267 0.28977791434691774 nan 11.3   
34 306 0.6953099598483501 2.854711744637795 0.0009334653739537352 9.7824934669755417e-04 0.003630228705681776 15.617695430489285 1.790408488840879 0.0014210089924009078 nan 11.3   
41 369 0.8125877711233376 6.611404958405174 0.0006955611512792825 7.0449099778613269e-04 0.0013036162470143697 3.744335659477976 0.011512157637839943 0.00103361593560998 nan 11.3   
38 342 0.6909262246347135 5.204954156798899 0.0008690005393523739 9.6162823936116551e-04 0.0014659867876733801 0.3939478302667388 0.009364422853769731 0.0013130147887407315 nan 11.4   
42 378 0.7702415809118296 6.510079353200591 0.0006955611512792825 8.9212622835320736e-04 0.001292657913028161 0.06074221864206418 0.0003716695146346793 0.0009847288374633103 nan 11.5   
33 297 1.3476347697255713 4.222108398046728 0.0009680495502384391 1.7368313172335368e-03 0.0506862272144305 38.886698070623005 0.5163193588464617 0.002367145026741973 nan 11.6   
35 315 0.7166676294814388 3.018804728365439 0.0009334653739537352 1.0134582141905454e-03 0.0015234851358371072 0.17204796581525508 0.010406234434481678 0.001205270054743685 nan 11.6   
39 351 0.5990219027956181 5.7828075614771075 0.0008690005393523739 1.1584412251370723e-03 0.0016025398824864917 0.013747847388194245 0.00024807762157846966 0.001403565959991263 nan 11.6   
43 387 0.7244209505424327 6.727006588011933 0.0006955611512792825 7.1899371748321067e-04 0.0010231279009802353 0.11161983342464171 0.013769490258167393 0.0010037594975276308 nan 11.7   
36 324 0.6680117089078825 3.2857356525096266 0.0009334653739537352 9.8228912775541488e-04 0.010194536621895612 0.7049647307642999 0.3122551338283673 0.0014575544897729184 nan 11.9   
34 306 1.476087013912106 4.317350998684723 0.0009680495502384391 1.5395186989543483e-03 0.003236835583594577 5.841861044948137 4.250844210002463 0.0017546826640907306 nan 11.9   
40 360 0.5235010543353521 6.202459977196835 0.0008690005393523739 1.1533365072700864e-03 0.0014772700282052085 0.0017194680569663987 0.00026448632509275846 0.0012648139612307155 nan 11.9   
44 396 0.73644010265179 7.03738661919914 0.0006955611512792825 8.5226180887746240e-04 0.001057456198741718 0.32027624650759934 0.014118856895511296 0.0009456103813244643 nan 11.9   
41 369 0.46536342040755924 6.3712223623514515 0.0008690005393523739 1.0574149514579437e-03 0.0012269414395342665 0.002588851488118293 0.0002668361969300323 0.0011879690178667468 nan 12.1   
37 333 0.6249753772339715 3.3177060995192362 0.0009334653739537352 1.2112960988619581e-03 0.006435423746930536 1.1892197288325728 0.09633241033656369 0.0014219714761839692 nan 12.1   
35 315 1.3788006995708955 4.617045367109533 0.0009680495502384391 1.5131219228535723e-03 0.4834525314620306 3.682583119535109 1.264224313907048 0.0021106741167491736 nan 12.1   
45 405 0.6583425790312925 7.1363502239135705 0.0006955611512792825 9.7856152200426422e-04 0.0014423433224830368 0.24620726160588377 0.01500486322163255 0.0010736404359096632 nan 12.1   
42 378 0.4197363672836891 6.496022409284195 0.0008690005393523739 1.1236577228382345e-03 0.0011566933849884993 0.09269188942357799 6.50136251816643e-05 0.0011379186252154848 nan 12.2   
38 342 0.6254429755391304 3.4246420736031755 0.0007519873302121587 7.5198733021215869e-04 0.0012046624597563712 0.020501754570683317 0.0005505648404138504 0.0009665418475366897 nan 12.3   
46 414 0.6020681748913508 7.217748189539192 0.0006955611512792825 9.0922860402380427e-04 0.0011285294755056072 0.14570202654918574 0.005952180380876425 0.000995294909277449 nan 12.3   
43 387 0.38460559374094205 6.578544854816642 0.0008690005393523739 9.1669422242510699e-04 0.0011782659300623227 0.0014607182664237684 0.0001368980632828439 0.0011235724184507322 nan 12.4   
36 324 1.4387965712977722 4.649894215427762 0.0009680495502384391 2.1348942440709636e-03 0.9075005939999861 23.448301838823696 1.1809230854554849 0.6174656204042931 nan 12.4   
39 351 0.5983976871415343 3.401311826640864 0.0007519873302121587 8.3355651505400688e-04 0.0013384761557860172 0.11885852574651018 0.012633843336004908 0.0010909316864365693 nan 12.5   
44 396 0.34848283902892874 6.597708098420633 0.0008690005393523739 9.8156984596148408e-04 0.0011418447512775755 0.14507683597860288 0.0037026028902925625 0.0010541335810965269 nan 12.5   
47 423 0.5588199848446469 7.299157812956156 0.0006955611512792825 9.0582426671602281e-04 0.0011234374203482232 0.04416149745073266 0.022379880294650364 0.0009711558227575167 nan 12.6   
40 360 0.6541964034620004 3.623969513682392 0.0007519873302121587 8.0138809175815998e-04 0.001838640086666051 0.7633818439465586 0.19670690029163335 0.000958573125580754 nan 12.7   
45 405 0.3498811412059879 7.111652347390303 0.0008690005393523739 9.6441745221115304e-04 0.0011113617726503623 0.0033160781287983245 0.0002070874388140926 0.001013301765296962 nan 12.7   
48 432 0.5653839613013085 7.623169398625468 0.0006955611512792825 7.7115546246519313e-04 0.0009794788572090162 1.1445647896039504 0.013451122871543516 0.0009175314064954089 nan 12.7   
37 333 1.4914209248631802 4.6748082421558355 0.0009680495502384391 1.2076377819078337e-03 0.13254987099279178 1.1405112282675138 0.7953455943979758 0.0023735698451448125 nan 12.8   
46 414 0.38017462605006047 7.460872505553971 0.0008690005393523739 9.4582691343420141e-04 0.000983883825367998 0.001150526108723795 0.0001153595304889195 0.0009545015833867263 nan 12.9   
41 369 0.6241249913699289 3.6862933167990564 0.0007519873302121587 9.7672859059259810e-04 0.013220821687623181 1.3897807922849565 0.03609124416172135 0.0016357261918259185 nan 12.9   
49 441 0.513960908030265 7.778770301185836 0.0006955611512792825 7.9698543994533814e-04 0.0012012658081481642 0.35011676423028054 0.025389951885781335 0.0009633645143319926 nan 12.9   
38 342 1.4946105880547946 4.845004578401979 0.000925818152227233 9.2581815222723301e-04 0.10265588315589874 2.3443308471707875 1.016569090482914 0.002542143088797269 nan 13.0   
47 423 0.3720947939038247 7.472700424796495 0.0008690005393523739 8.8537656085940666e-04 0.0009687559800841122 0.005473150761913842 0.00011077125546985899 0.0009434757590984332 nan 13.1   
50 450 0.4611738696922731 8.090801648591578 0.0006366873399818824 6.3668733998188242e-04 0.0009164287127694255 0.0010699842041914027 9.97707360718853e-05 0.0008739048236823306 nan 13.1   
42 378 0.6056041384735815 3.6837208947273674 0.0007519873302121587 1.0422609056243651e-03 0.0016618714274905756 0.013252307237680446 0.002781979421011375 0.0013154929308525948 nan 13.2   
48 432 0.38393960663056453 7.5774325926856525 0.0008683224840189536 8.6832248401895365e-04 0.0009406568772722876 0.00861194919176052 0.0001221489769972474 0.0009026613019545324 nan 13.2   
51 459 0.431179065053711 7.916980563171428 0.0006366873399818824 6.9524859646033976e-04 0.0007779810221229305 0.0009698308168367673 8.401052651050222e-05 0.0007405294782606454 nan 13.3   
39 351 1.4059657532124283 5.117430651247819 0.000925818152227233 2.0393194125565752e-03 0.4000819189652255 2.203352031078216 1.900358714156742 0.015238796577004766 nan 13.4   
49 441 0.42503238102622104 7.908592866629435 0.0008186302900047561 8.1863029000475609e-04 0.0009818495831368994 0.05209688628716642 0.007278264702294476 0.0008959778499795196 nan 13.4   
52 468 0.42202602841955705 7.917724339881399 0.0006366873399818824 6.3890722358264684e-04 0.0009300473267459543 0.0037836300897478633 0.0010190740390826787 0.0006789605733301739 nan 13.4   
43 387 0.5554794087329132 3.635466583100182 0.0007519873302121587 8.1008692365716942e-04 0.0012851391645214171 0.014790752939159161 0.0034388093467829913 0.0009486418280783827 nan 13.4   
50 450 0.41351948332431265 9.977757685326774 0.0007956808812858333 7.9568088128583326e-04 0.0012155225700168067 0.11549938484131812 0.016766487899518137 0.0009131110328227927 nan 13.6   
53 477 0.39774045063302466 7.975479063118442 0.0006176596039354125 6.1765960393541253e-04 0.0009061669886865606 0.016983698977805876 0.0011396287518581185 0.0006954277860727838 nan 13.6   
44 396 0.5045839113343629 3.7169165600793055 0.0007519873302121587 8.3785759165387586e-04 0.0010411454946585887 0.4487188419795689 0.06742875587899212 0.0008810998159321339 nan 13.6   
40 360 1.6324456853394016 5.716506611315026 0.000925818152227233 2.4137450689918449e-03 0.5232106528134504 26.569032205116574 16.203005967874788 0.20863387506756248 nan 13.7   
51 459 0.3856118796880963 10.086160011270083 0.0007956808812858333 8.0299213997965806e-04 0.0008635743811939269 0.028475068590720295 0.0004945238203904903 0.0008350899025297651 nan 13.7   
54 486 0.35724897903066677 8.033469485204385 0.0006147149709317783 6.1471497093177827e-04 0.0025926740156796933 0.06163073847150656 0.01483744212411589 0.0007532251162722306 nan 13.7   
52 468 0.3797580323493134 10.462664273105188 0.0007899992069362449 7.8999920693624494e-04 0.000937413686312868 0.0026932367181166307 0.0004169847463997063 0.0008367225926956798 nan 13.9   
45 405 0.47946723931555185 3.99277699217707 0.0007519873302121587 8.2995771844767091e-04 0.0012693519712423007 0.048419522230953464 0.0022279036890399933 0.0009256955480630374 nan 13.9   
55 495 0.35673137880707195 7.922499581412174 0.0005993649976416174 5.9936499764161745e-04 0.0006812299546792431 0.0008573409895119476 0.00011962163545010116 0.0006428384617701095 nan 13.9   
41 369 1.7530115409717535 6.114356547047658 0.000925818152227233 2.3547960246781624e-03 0.003251248849336913 9.359408174039306 2.9409015702986525 0.002567176220737855 nan 14.0   
53 477 0.35772423510329365 11.103275452823413 0.0007891633736088607 7.8916337360886071e-04 0.0009022270550688499 0.020903327449804738 0.007808981133229947 0.0008439031659759855 nan 14.0   
46 414 0.4634113812235238 4.2351399490639015 0.0007519873302121587 8.5852350148391216e-04 0.0010468097047781802 0.010444874285467224 0.0074773043045366075 0.0009179374486838796 nan 14.1   
56 504 0.3592395311269508 7.625150669832592 0.0005993649976416174 7.6152762421945782e-04 0.0030118432907463655 0.014245978239934488 0.004176486751900736 0.0013435183576564428 nan 14.0   
54 486 0.37805104772764636 11.119375466887236 0.0007205433399496019 7.2054333994960192e-04 0.0008754948506145511 0.010106129263238351 0.00011573717238877435 0.0008156676237690646 nan 14.2   
47 423 0.5093819322550006 4.308009766369592 0.0006552820862151288 6.5528208621512876e-04 0.000946679020240033 0.029589469922888974 0.0023268352679712404 0.000856506720296055 nan 14.2   
57 513 0.3279293478192087 8.14668857233278 0.0005993649976416174 6.5902438216906627e-04 0.0007681980195955328 0.0011808621644580973 0.00012036984864478731 0.0007167424224438253 nan 14.2   
58 522 0.30355066843224987 8.039675367927575 0.0005993649976416174 6.1738857924511809e-04 0.0007048187887452313 0.007479249569627557 0.0001268406891252634 0.0006662084513170755 nan 14.4   
48 432 0.47780655029277613 5.06471252678298 0.0006552820862151288 8.0171486160378368e-04 0.004310018817629288 0.30966395599006247 0.07595865465497374 0.000897250720970765 nan 14.4   
42 378 1.6295173488230692 6.182793107213986 0.000925818152227233 2.4332599629205208e-03 0.02089992922295736 17.51542893387357 6.761653223629546 0.0025778594680030643 nan 14.4   
55 495 0.362515505343256 11.57621025499068 0.0007205433399496019 7.7404405640317368e-04 0.0008539000372902615 0.02809923153101776 0.0036928968069846776 0.0008020304002273783 nan 14.4   
59 531 0.29004479457023014 8.384956483610187 0.0005860652298243826 5.8606522982438260e-04 0.0006581807112114871 0.0031836426421655234 0.00011951224196195189 0.0006271116274383143 nan 14.5   
49 441 0.45367631176369355 5.070782354080201 0.0006401577385590203 6.4015773855902029e-04 0.00093333002243225 0.26012512355123285 0.012283813632976153 0.0008756174169754201 nan 14.5   
56 504 0.3542788767201548 11.845980811408372 0.0007205433399496019 7.7575479958757424e-04 0.0008587659874117409 0.05847400277944051 8.873796425599295e-05 0.0007917931669082319 nan 14.6   
60 540 0.28564181959206486 9.08160991500105 0.0005043620370180501 5.0436203701805014e-04 0.0006625030410540303 0.005321441651690791 0.00013856878110647685 0.0005876696699181588 nan 14.6   
50 450 0.4646285820583307 5.443602818316669 0.0006401577385590203 6.6996174081963454e-04 0.0009171167391520878 0.02913151630251978 0.007809796654151368 0.0008327696495255058 nan 14.7   
43 387 1.549787240971034 6.321925451849576 0.000925818152227233 2.2393196329419172e-03 0.3593937906216909 17.76149461740189 0.898946325216427 0.09672692959946161 nan 14.7   
61 549 0.27181871439444905 9.773013048484174 0.0005043620370180501 6.2364173424653171e-04 0.0021608683474477206 0.03844549876891849 0.0030412931762353584 0.0008530020047388227 nan 14.8   
57 513 0.32462427525028115 12.431692613107796 0.0007205433399496019 7.3568863079004668e-04 0.0008727707806734827 0.013935081690222798 0.0065560594170352956 0.0008297716516285881 nan 14.8   
51 459 0.5056961092349643 5.941673971764608 0.0006068924664991798 6.0689246649917982e-04 0.0007596261097496567 0.04070534267154817 0.001039309328303659 0.0007237602514114467 nan 14.9   
62 558 0.2536873844144717 9.985051505877927 0.0005043620370180501 5.8769515973854688e-04 0.0007011081218175276 0.0026656984598794307 0.0014748734265773939 0.0006419096515387036 nan 14.9   
52 468 0.4964915336694217 6.1977788805922005 0.0006068924664991798 6.9006951568700240e-04 0.0008767355925095051 0.04964234078082523 0.023269841653941328 0.000759815570434091 nan 15.0   
58 522 0.29959939358356846 12.62474389679017 0.0007160210486246622 7.1602104862466219e-04 0.0007958956015424956 0.0008863998913636729 5.273386747636495e-05 0.0007777856422170027 nan 15.1   
63 567 0.23444472066659075 11.292927087508923 0.0005043620370180501 5.9205768720584941e-04 0.0006470800183511441 0.004619133595516149 0.00013900822918015254 0.0006338951532186587 nan 15.1   
44 396 1.409167625425221 6.448630676614213 0.000925818152227233 1.6530118337166938e-03 0.0031494881167610476 0.5591888141213578 0.07851157782564425 0.0024617247182733225 nan 15.1   
53 477 0.4405280762186212 6.127575049946726 0.0005786281684134266 5.7862816841342663e-04 0.0007816716631675592 0.23828881165737104 0.00012100467390696785 0.0007460464052382632 nan 15.2   
64 576 0.20381445555295638 12.19471445652607 0.0005043620370180501 5.6455784648531872e-04 0.0006381023381232356 0.0007805702011586414 4.422595408197429e-05 0.0006112687042327726 nan 15.2   
59 531 0.2993568205527806 13.722828280329054 0.0006786551904822973 6.7865519048229727e-04 0.0007229046414546422 0.002274862652846536 6.112109531743908e-05 0.0006960656670066094 nan 15.3   
54 486 0.4526906465188904 6.1934488133798755 0.0005786281684134266 6.2578454637763541e-04 0.0008410273815346021 0.09603426650937702 0.021290254477716368 0.0007220130092167866 nan 15.4   
65 585 0.20872605759388482 13.344480330922124 0.0005043620370180501 5.6265991777206513e-04 0.0006029002857047932 0.0022195184198751158 2.9499298355428467e-05 0.0005836771619333708 nan 15.4   
45 405 1.4199970528754011 6.257415797658516 0.000925818152227233 1.4339895452091550e-03 0.0024587425149823873 16.354373417446613 2.2879105933942463 0.0020421658652640846 nan 15.5   
60 540 0.306662144530618 13.96834537651754 0.0006269327889666857 6.2693278896668568e-04 0.0007826653217756784 0.049083056593718276 0.006031646202780763 0.0007194868337069499 nan 15.5   
55 495 0.4302752567906565 6.253775573040973 0.0005786281684134266 6.0153972364158101e-04 0.0007938356851722731 0.14607440968705385 0.021507972159292912 0.0006257684522117635 nan 15.5   
66 594 0.18510148406463606 14.1977935611607 0.0005043620370180501 5.6622231999924456e-04 0.0006038903557366097 0.001835186543868719 0.00011653679407841423 0.0005835505140322707 nan 15.5   
56 504 0.4271375623527276 6.242066103600681 0.000570549318357306 5.7054931835730596e-04 0.0009532230367247542 0.023862840207840824 0.011962324095559189 0.0006539360338962525 nan 15.7   
67 603 0.18113482156908306 13.620835885988322 0.0005043620370180501 5.3431187839056828e-04 0.0005826869542339418 0.0006220529023840972 3.766304540382898e-05 0.0005717180516234474 nan 15.7   
61 549 0.3064257562865161 15.571643229005119 0.0006269327889666857 6.4966626924505087e-04 0.014968718025032536 0.04073631756834578 0.015166664163741857 0.007028615651946713 nan 15.7   
46 414 1.4713558673525216 6.65232946353376 0.000925818152227233 1.5059767306611887e-03 0.002810492978610118 0.6652882826083917 0.07710419870657195 0.002254174904470722 nan 15.7   
57 513 0.389701105859781 6.518636835681183 0.000570549318357306 5.9768587166826950e-04 0.003087869263404171 0.0496412124347828 0.029450005104463554 0.0006253335155804618 nan 15.9   
62 558 0.302737564673215 14.892553143424507 0.0006269327889666857 6.7861239791079057e-04 0.004968997393231273 0.05473081457425065 0.020333522413280857 0.0007673933640645219 nan 15.9   
47 423 1.4304916056025245 7.206154678606227 0.000925818152227233 1.3023463090255083e-03 0.0800740103180986 1.4108222455960606 0.25973241049107204 0.0013868394987607026 nan 16.0   
58 522 0.3899950461826243 6.846656838673049 0.000570549318357306 7.2714360330398628e-04 0.0015494331353030793 0.0642147608945704 0.007453309738315346 0.0008106022686087174 nan 16.1   
63 567 0.3190090617137068 15.220161286177579 0.0006269327889666857 7.0836915171407721e-04 0.0007722892699292437 0.022771951788865343 0.00422366714508058 0.0007609846937868529 nan 16.2   
59 531 0.35348842895870886 6.8432431681694865 0.000570549318357306 6.0816959279916174e-04 0.0007045319385506062 0.007743874727081462 0.00012551928698268657 0.000682657086572453 nan 16.2   
48 432 1.4189033715718802 7.3974593388199965 0.000925818152227233 1.2022474304502089e-03 0.0022345527018731207 1.746462535951622 0.32636487031186434 0.0016328783256812276 nan 16.3   
64 576 0.29346587969427046 15.249196822233772 0.0006269327889666857 6.7768145538248223e-04 0.0007737486791477089 0.009035915520547989 6.460401706286155e-05 0.0007312995100284096 nan 16.4   
60 540 0.3315962746734626 6.791339647798103 0.000570549318357306 6.6847950989205429e-04 0.0019049469444323568 0.08608252214722768 0.0029319599245806456 0.000993881406815124 nan 16.4   
61 549 0.32376738375792924 6.951583953031296 0.000570549318357306 5.7216491028232858e-04 0.0007380753784911586 0.0008945111004277241 8.259318549160401e-05 0.0006900369068285959 nan 16.6   
65 585 0.26763119311779987 16.436234433421674 0.0006269327889666857 6.4161021235031011e-04 0.0007617624204410105 0.023274233614965306 0.0015021988626315174 0.0006932277168070222 nan 16.6   
49 441 1.3370472334574839 7.350435428267751 0.000925818152227233 1.1004912682352748e-03 0.0025511726660692614 0.8120951148910884 0.3553148101825491 0.0019320287565958638 nan 16.7   
62 558 0.32464785242446104 6.838879957603998 0.000570549318357306 6.5138245083332243e-04 0.0007418969111414453 0.027224830308770164 0.004619517357522236 0.0007217763100786585 nan 16.8   
66 594 0.26241098995669376 18.044314128184887 0.0006269327889666857 6.5591152725559380e-04 0.0009101390324802249 0.012682808926916051 0.0031800771279356715 0.0007350056830611647 nan 16.8   
50 450 1.2109162623539844 8.014937933453746 0.000925818152227233 1.1475210303766611e-03 0.0017082478725439715 0.21241270893268066 0.06738467045336337 0.0013003662966896267 nan 16.9   
63 567 0.2855241952869358 7.26227786185421 0.000570549318357306 6.3224463895518381e-04 0.0007325758426336947 0.005788913273291937 0.0005869803609987507 0.0006738786839557369 nan 16.9   
67 603 0.24674345892912933 18.35406391287936 0.0006269327889666857 6.5189539966222356e-04 0.000732845749078251 0.005136681030857005 0.00010870624164348764 0.0006871573159271295 nan 17.0   
64 576 0.2572442916068891 7.477708621808223 0.000570549318357306 5.9340014104727879e-04 0.0006874107080090778 0.005757029737050885 0.0018657216813176814 0.0006561561292811628 nan 17.1   
51 459 1.2554955550869504 7.672293494636086 0.0005827493261461878 5.8274932614618778e-04 0.15034184261035635 1.3258629204983186 0.4058476171775369 0.009294730953964176 nan 17.1   
65 585 0.2277937544887515 8.491769436448402 0.000570549318357306 5.8073066125663734e-04 0.0006866181410252874 0.01809294460195713 0.00304607927151861 0.000622523424788637 nan 17.2   
66 594 0.22779654754832554 8.933503080415058 0.0005493427700458182 5.4934277004581821e-04 0.0006583622908793935 0.004024876644819111 0.00044201579164399637 0.0005929984089472394 nan 17.3   
52 468 1.1248839643321034 7.577630760709706 0.0005827493261461878 1.4823267339047809e-03 0.366458419682565 2.2346017623609558 1.2143368364608074 0.07274197238746144 nan 17.4   
67 603 0.21961785256306549 8.843978815478549 0.0005493427700458182 5.5159887442882409e-04 0.0007397397493112552 0.003735047697550997 0.0012650147232483116 0.000595856715171923 nan 17.5   
53 477 0.9189979913384402 7.424450021404428 0.0005827493261461878 9.6551892825308676e-04 0.0016839205968041272 0.6637499429291471 0.003158631878997691 0.0012196591460359799 nan 17.7   
54 486 0.864575855677314 7.737539413912999 0.0005827493261461878 7.5194555722795102e-04 0.0014522175809059013 0.29003361288388024 0.010891651265199118 0.0011382919521020112 nan 18.0   
55 495 0.938386532144115 7.53903756783472 0.0005827493261461878 7.0970406724962928e-04 0.0014625836575676014 0.08765449050309033 0.02173052157870806 0.0012739209395228512 nan 18.3   
56 504 1.018107371582691 7.578749491063425 0.0005827493261461878 6.8681175435465714e-04 0.008203330076202131 0.594977794943948 0.13120685957660233 0.0015154036047463364 nan 18.5   
57 513 1.0079561763995055 7.5298468361077315 0.0005827493261461878 9.2457261167942350e-04 0.0014536953400879345 3.074614542169091 0.10958319578482005 0.0011348031661145746 nan 18.8   
58 522 0.9823002630566823 7.343767379821593 0.0005827493261461878 8.0102413073785631e-04 0.001121435430629553 0.16425186370880032 0.011809862804969847 0.000967514477880492 nan 19.0   
59 531 0.8647541348258057 7.619385980630209 0.0005827493261461878 7.7208313552910640e-04 0.007129986500509042 0.16472899839945696 0.07687367867627284 0.0010443139363288916 nan 19.3   
60 540 0.8024197338476213 7.573570378400072 0.0005827493261461878 6.9633842626941312e-04 0.011083826624943973 0.5685805351133114 0.03970181111656491 0.00115094092922661 nan 19.5   
61 549 0.839394014972833 7.844907241035714 0.0005827493261461878 9.4279619941718771e-04 0.00319386489614658 0.052412619862805605 0.009792487890901036 0.00142542947220382 nan 19.7   
62 558 0.8458830935890458 7.664678360550908 0.0005827493261461878 8.6098091723725253e-04 0.0012782491198774788 0.00956385515453096 0.0020360702259339678 0.0009979502522557838 nan 20.0   
63 567 0.8543370321383775 8.114253917726792 0.0005827493261461878 7.0989036343474792e-04 0.0012216454309323822 0.011233414221378111 0.00047121214753701357 0.0009961674463588902 nan 20.2   
64 576 0.8182763514890325 8.506419156081298 0.0005827493261461878 9.8944032434116012e-04 0.0018348418914871695 0.16822337254734 0.12075693083934429 0.0011946681161472145 nan 20.4   
65 585 0.73330373706719 8.957136309633526 0.0005827493261461878 9.3614848147710247e-04 0.0011279144633037305 0.0779722519998348 0.0062133140850368 0.0010888742975052588 nan 20.7   
66 594 0.7248594984507443 9.947395186183938 0.0005827493261461878 8.8792159717565459e-04 0.0009862121375160573 0.008639303365577004 0.0002696888740994609 0.0009671642260416064 nan 20.9   
67 603 0.7081077302266787 9.595767391426769 0.0005827493261461878 7.3950426707417526e-04 0.0010497385540146947 0.0897191189830507 0.03608666602178385 0.0009510434914138617 nan 21.1   
