% # columns="iteration, evaluation, sigma, beta, void,  sigvec==sigma_vec.scaling factors from diagonal decoding", seed=2567, Fri Aug 28 18:28:04 2026, <python>{}</python>
1 9 0.944972989972906 1 0 0.03749999999999999 0.037500000000000006 0.08996575 1.5707963267948966 0.18849555921538758 0.7696902001294993 0.0175
1 9 0.9449729899729059 1 0 0.03749999999999999 0.037500000000000006 0.08996575 1.5707963267948966 0.18849555921538758 0.7696902001294993 0.0175
1 9 0.944972989972906 1 0 0.037500000000000006 0.037500000000000006 0.08996575 1.5707963267948966 0.18849555921538758 0.7696902001294993 0.0175
2 18 0.9087555735421708 1 0 0.03749999999999999 0.037500000000000006 0.08996575 1.5707963267948966 0.18849555921538758 0.7696902001294993 0.0175
2 18 0.9087555735421711 1 0 0.03749999999999999 0.037500000000000006 0.08996575 1.5707963267948966 0.18849555921538758 0.7696902001294993 0.0175
2 18 0.9087555735421713 1 0 0.037500000000000006 0.037500000000000006 0.08996575 1.5707963267948966 0.18849555921538758 0.7696902001294993 0.0175
2 18 0.9087555735421712 1 0 0.03749999999999999 0.037500000000000006 0.08996575 1.5707963267948966 0.18849555921538758 0.7696902001294993 0.0175
3 27 0.8929064494700624 1 0 0.03749999999999999 0.037500000000000006 0.08996575 1.5707963267948966 0.18849555921538758 0.7696902001294993 0.0175
3 27 0.8929064494700627 1 0 0.03749999999999999 0.037500000000000006 0.08996575 1.5707963267948966 0.18849555921538758 0.7696902001294993 0.0175
3 27 0.8929064494700624 1 0 0.03749999999999999 0.037500000000000006 0.08996575 1.5707963267948966 0.18849555921538758 0.7696902001294993 0.0175
3 27 0.8929064494700629 1 0 0.037500000000000006 0.037500000000000006 0.08996575 1.5707963267948966 0.18849555921538758 0.7696902001294993 0.0175
4 36 0.9418161944914403 1 0 0.03749999999999999 0.037500000000000006 0.08996575 1.5707963267948966 0.18849555921538758 0.7696902001294993 0.0175
4 36 0.9418161944914397 1 0 0.03749999999999999 0.037500000000000006 0.08996575 1.5707963267948966 0.18849555921538758 0.7696902001294993 0.0175
4 36 0.9418161944914406 1 0 0.037500000000000006 0.037500000000000006 0.08996575 1.5707963267948966 0.18849555921538758 0.7696902001294993 0.0175
4 36 0.9418161944914395 1 0 0.03749999999999999 0.037500000000000006 0.08996575 1.5707963267948966 0.18849555921538758 0.7696902001294993 0.0175
5 45 0.9936258651670431 1 0 0.03749999999999999 0.037500000000000006 0.08996575 1.5707963267948966 0.18849555921538758 0.7696902001294993 0.0175
5 45 0.9936258651670422 1 0 0.03749999999999999 0.037500000000000006 0.08996575 1.5707963267948966 0.18849555921538758 0.7696902001294993 0.0175
6 54 0.9658109715943618 1 0 0.03749999999999999 0.037500000000000006 0.08996575 1.5707963267948966 0.18849555921538758 0.7696902001294993 0.0175
5 45 0.9936258651670432 1 0 0.037500000000000006 0.037500000000000006 0.08996575 1.5707963267948966 0.18849555921538758 0.7696902001294993 0.0175
5 45 0.993625865167042 1 0 0.03749999999999999 0.037500000000000006 0.08996575 1.5707963267948966 0.18849555921538758 0.7696902001294993 0.0175
6 54 0.9658109715943601 1 0 0.03749999999999999 0.037500000000000006 0.08996575 1.5707963267948966 0.18849555921538758 0.7696902001294993 0.0175
7 63 0.9225956796809976 1 0 0.03749999999999999 0.037500000000000006 0.08996575 1.5707963267948966 0.18849555921538758 0.7696902001294993 0.0175
6 54 0.9658109715943619 1 0 0.037500000000000006 0.037500000000000006 0.08996575 1.5707963267948966 0.18849555921538758 0.7696902001294993 0.0175
6 54 0.9658109715943605 1 0 0.03749999999999999 0.037500000000000006 0.08996575 1.5707963267948966 0.18849555921538758 0.7696902001294993 0.0175
7 63 0.9225956796809962 1 0 0.03749999999999999 0.037500000000000006 0.08996575 1.5707963267948966 0.18849555921538758 0.7696902001294993 0.0175
8 72 0.9345485230932978 1 0 0.03749999999999999 0.037500000000000006 0.08996575 1.5707963267948966 0.18849555921538758 0.7696902001294993 0.0175
7 63 0.922595679680996 1 0 0.03749999999999999 0.037500000000000006 0.08996575 1.5707963267948966 0.18849555921538758 0.7696902001294993 0.0175
7 63 0.9225956796809975 1 0 0.037500000000000006 0.037500000000000006 0.08996575 1.5707963267948966 0.18849555921538758 0.7696902001294993 0.0175
8 72 0.9345485230932962 1 0 0.03749999999999999 0.037500000000000006 0.08996575 1.5707963267948966 0.18849555921538758 0.7696902001294993 0.0175
9 81 1.1072489249643593 1 0 0.03749999999999999 0.037500000000000006 0.08996575 1.5707963267948966 0.18849555921538758 0.7696902001294993 0.0175
8 72 0.9345485230932964 1 0 0.03749999999999999 0.037500000000000006 0.08996575 1.5707963267948966 0.18849555921538758 0.7696902001294993 0.0175
8 72 0.934548523093298 1 0 0.037500000000000006 0.037500000000000006 0.08996575 1.5707963267948966 0.18849555921538758 0.7696902001294993 0.0175
9 81 1.1072489249643571 1 0 0.03749999999999999 0.037500000000000006 0.08996575 1.5707963267948966 0.18849555921538758 0.7696902001294993 0.0175
10 90 1.1558091236585815 1 0 0.03749999999999999 0.037500000000000006 0.08996575 1.5707963267948966 0.18849555921538758 0.7696902001294993 0.016936858848839526
9 81 1.1072489249643584 1 0 0.03749999999999999 0.037500000000000006 0.08996575 1.5707963267948966 0.18849555921538758 0.7696902001294993 0.0175
9 81 1.1072489249643602 1 0 0.037500000000000006 0.037500000000000006 0.08996575 1.5707963267948966 0.18849555921538758 0.7696902001294993 0.0175
10 90 1.1558091236585788 1 0 0.03749999999999999 0.037500000000000006 0.08996575 1.5707963267948966 0.18849555921538758 0.7696902001294993 0.01693685884883957
11 99 1.2624946706397921 1 0 0.03749999999999999 0.03567130574083079 0.08996575 1.5707963267948966 0.17383625183146395 0.7696902001294993 0.015409918670616248
10 90 1.1558091236585808 1 0 0.03749999999999999 0.037500000000000006 0.08996575 1.5707963267948966 0.18849555921538758 0.7696902001294993 0.016936858848839643
10 90 1.1558091236585826 1 0 0.037500000000000006 0.037500000000000006 0.08996575 1.5707963267948966 0.18849555921538758 0.7696902001294993 0.01693685884883949
11 99 1.2624946706397888 1 0 0.03749999999999999 0.03567130574083088 0.08996575 1.5707963267948966 0.17383625183146337 0.7696902001294993 0.015409918670616333
12 108 1.4597241859687564 1 0 0.03749999999999999 0.029519070382522664 0.08996575 1.2717249671636062 0.15353699639502275 0.7691164804094247 0.013084828519772579
11 99 1.262494670639792 1 0 0.03749999999999999 0.035671305740830384 0.08996575 1.5707963267948966 0.17383625183146276 0.7696902001294993 0.015409918670616385
11 99 1.2624946706397935 1 0 0.037500000000000006 0.03567130574083085 0.08996575 1.5707963267948966 0.17383625183146376 0.7696902001294993 0.015409918670616222
12 108 1.4597241859687522 1 0 0.03749999999999999 0.029519070382522657 0.08996575 1.2717249671636166 0.15353699639502227 0.7691164804094268 0.01308482851977268
13 117 1.5343785322842773 1 0 0.03749999999999999 0.02805112493248698 0.08996575 1.1562108130888407 0.15071848228348256 0.684341146943121 0.012033780862101051
12 108 1.4597241859687562 1 0 0.03749999999999999 0.029519070382522324 0.08996575 1.27172496716361 0.15353699639502172 0.7691164804094327 0.013084828519772702
12 108 1.459724185968758 1 0 0.037500000000000006 0.029519070382522678 0.08996575 1.2717249671636028 0.15353699639502252 0.7691164804094215 0.013084828519772582
13 117 1.5343785322842727 1 0 0.03749999999999999 0.028051124932486918 0.08996575 1.1562108130888495 0.15071848228348222 0.6843411469431226 0.012033780862101157
14 126 1.6020215028719849 1 0 0.03749999999999999 0.026356895856133343 0.08996575 1.108359015880943 0.14273285730730384 0.6459800627705039 0.011600650226976816
13 117 1.5343785322842767 1 0 0.03749999999999999 0.028051124932486588 0.08996575 1.156210813088846 0.15071848228348153 0.6843411469431258 0.01203378086210119
13 117 1.534378532284279 1 0 0.037500000000000006 0.02805112493248699 0.08996575 1.1562108130888364 0.15071848228348245 0.6843411469431192 0.012033780862101048
15 135 1.7199624042274408 1 0 0.037433547515790824 0.025266757194742733 0.08996575 1.0266085920725714 0.1355129529557178 0.6187025624260846 0.011195963611118258
14 126 1.6020215028719806 1 0 0.03749999999999999 0.026356895856133263 0.08996575 1.10835901588095 0.14273285730730323 0.6459800627705059 0.011600650226976934
14 126 1.602021502871984 1 0 0.03749999999999999 0.026356895856133006 0.08996575 1.108359015880948 0.14273285730730229 0.6459800627705109 0.011600650226976959
14 126 1.6020215028719873 1 0 0.037500000000000006 0.026356895856133322 0.08996575 1.108359015880938 0.14273285730730367 0.6459800627705016 0.011600650226976822
16 144 1.6259731816182381 1 0 0.037433547515790824 0.025266757194742733 0.08996575 1.0266085920725714 0.1355129529557178 0.6187025624260846 0.011195963611118258
15 135 1.7199624042274368 1 0 0.03743354751579118 0.02526675719474264 0.08996575 1.0266085920725756 0.13551295295571708 0.618702562426086 0.01119596361111837
15 135 1.7199624042274393 1 0 0.0374335475157908 0.025266757194742525 0.08996575 1.0266085920725763 0.13551295295571628 0.6187025624260898 0.011195963611118374
15 135 1.7199624042274435 1 0 0.03743354751579089 0.02526675719474271 0.08996575 1.0266085920725663 0.13551295295571766 0.6187025624260817 0.01119596361111827
17 153 1.5101827673945591 1 0 0.037433547515790824 0.025266757194742733 0.08996575 1.0266085920725714 0.1355129529557178 0.6187025624260846 0.011195963611118258
16 144 1.6259731816182348 1 0 0.03743354751579118 0.02526675719474264 0.08996575 1.0266085920725756 0.13551295295571708 0.618702562426086 0.01119596361111837
16 144 1.6259731816182366 1 0 0.0374335475157908 0.025266757194742525 0.08996575 1.0266085920725763 0.13551295295571628 0.6187025624260898 0.011195963611118374
18 162 1.3575414238191592 1 0 0.037433547515790824 0.025266757194742733 0.08996575 1.0266085920725714 0.1355129529557178 0.6187025624260846 0.011195963611118258
16 144 1.6259731816182417 1 0 0.03743354751579089 0.02526675719474271 0.08996575 1.0266085920725663 0.13551295295571766 0.6187025624260817 0.01119596361111827
19 171 1.2954559838496271 1 0 0.037433547515790824 0.025266757194742733 0.08996575 1.0266085920725714 0.1355129529557178 0.6187025624260846 0.011195963611118258
17 153 1.510182767394556 1 0 0.03743354751579118 0.02526675719474264 0.08996575 1.0266085920725756 0.13551295295571708 0.618702562426086 0.01119596361111837
17 153 1.510182767394557 1 0 0.0374335475157908 0.025266757194742525 0.08996575 1.0266085920725763 0.13551295295571628 0.6187025624260898 0.011195963611118374
17 153 1.5101827673945618 1 0 0.03743354751579089 0.02526675719474271 0.08996575 1.0266085920725663 0.13551295295571766 0.6187025624260817 0.01119596361111827
20 180 1.182650176027669 1 0 0.037433547515790824 0.025266757194742733 0.08996575 1.0266085920725714 0.1355129529557178 0.6187025624260846 0.011195963611118258
18 162 1.3575414238191568 1 0 0.03743354751579118 0.02526675719474264 0.08996575 1.0266085920725756 0.13551295295571708 0.618702562426086 0.01119596361111837
18 162 1.3575414238191574 1 0 0.0374335475157908 0.025266757194742525 0.08996575 1.0266085920725763 0.13551295295571628 0.6187025624260898 0.011195963611118374
18 162 1.357541423819162 1 0 0.03743354751579089 0.02526675719474271 0.08996575 1.0266085920725663 0.13551295295571766 0.6187025624260817 0.01119596361111827
21 189 1.0375055885982063 1 0 0.037433547515790824 0.025266757194742733 0.08996575 1.0266085920725714 0.1355129529557178 0.6187025624260846 0.011195963611118258
19 171 1.2954559838496251 1 0 0.03743354751579118 0.02526675719474264 0.08996575 1.0266085920725756 0.13551295295571708 0.618702562426086 0.01119596361111837
22 198 0.9838021885901519 1 0 0.037433547515790824 0.025266757194742733 0.08996575 1.0266085920725714 0.1355129529557178 0.6187025624260846 0.011195963611118258
19 171 1.2954559838496305 1 0 0.03743354751579089 0.02526675719474271 0.08996575 1.0266085920725663 0.13551295295571766 0.6187025624260817 0.01119596361111827
19 171 1.2954559838496258 1 0 0.0374335475157908 0.025266757194742525 0.08996575 1.0266085920725763 0.13551295295571628 0.6187025624260898 0.011195963611118374
20 180 1.1826501760276682 1 0 0.03743354751579118 0.02526675719474264 0.08996575 1.0266085920725756 0.13551295295571708 0.618702562426086 0.01119596361111837
23 207 0.9119919869203523 1 0 0.037433547515790824 0.025266757194742733 0.08996575 1.0266085920725714 0.1355129529557178 0.6187025624260846 0.011195963611118258
20 180 1.1826501760276726 1 0 0.03743354751579089 0.02526675719474271 0.08996575 1.0266085920725663 0.13551295295571766 0.6187025624260817 0.01119596361111827
20 180 1.218377069425268 1 0 0.0374335475157908 0.025266757194742525 0.08996575 1.0266085920725763 0.13551295295571628 0.6187025624260898 0.011195963611118374
24 216 0.8912901490885762 1 0 0.037433547515790824 0.025266757194742733 0.08996575 1.0266085920725714 0.1355129529557178 0.6187025624260846 0.011195963611118258
21 189 1.0375055885982045 1 0 0.03743354751579118 0.02526675719474264 0.08996575 1.0266085920725756 0.13551295295571708 0.618702562426086 0.01119596361111837
25 225 0.8794883641037665 1 0 0.037433547515790824 0.025266757194742733 0.08996575 1.0266085920725714 0.1355129529557178 0.6187025624260846 0.011195963611118258
21 189 1.0248196294613536 1 0 0.03743354751579089 0.02526675719474271 0.08996575 1.0266085920725663 0.13551295295571766 0.6187025624260817 0.01119596361111827
21 189 1.0911391445904095 1 0 0.0374335475157908 0.025266757194742525 0.08996575 1.0266085920725763 0.13551295295571628 0.6187025624260898 0.011195963611118374
22 198 0.9838021885901498 1 0 0.03743354751579118 0.02526675719474264 0.08996575 1.0266085920725756 0.13551295295571708 0.618702562426086 0.01119596361111837
26 234 0.8363058643979202 1 0 0.037433547515790824 0.025266757194742733 0.08996575 1.0266085920725714 0.1355129529557178 0.6187025624260846 0.011195963611118258
22 198 0.9627440809900625 1 0 0.03743354751579089 0.02526675719474271 0.08996575 1.0266085920725663 0.13551295295571766 0.6187025624260817 0.01119596361111827
23 207 0.9119919869203498 1 0 0.03743354751579118 0.02526675719474264 0.08996575 1.0266085920725756 0.13551295295571708 0.618702562426086 0.01119596361111837
22 198 1.0056967369358831 1 0 0.0374335475157908 0.025266757194742525 0.08996575 1.0266085920725763 0.13551295295571628 0.6187025624260898 0.011195963611118374
27 243 0.7325015723560337 1 0 0.037433547515790824 0.025266757194742733 0.08996575 1.0266085920725714 0.1355129529557178 0.6187025624260846 0.011195963611118258
24 216 0.8912901490885733 1 0 0.03743354751579118 0.02526675719474264 0.08996575 1.0266085920725756 0.13551295295571708 0.618702562426086 0.01119596361111837
23 207 0.8534785451529396 1 0 0.03743354751579089 0.02526675719474271 0.08996575 1.0266085920725663 0.13551295295571766 0.6187025624260817 0.01119596361111827
28 252 0.6762931659615052 1 0 0.037433547515790824 0.025266757194742733 0.08996575 1.0266085920725714 0.1355129529557178 0.6187025624260846 0.011195963611118258
23 207 1.0173184786762728 1 0 0.0374335475157908 0.025266757194742525 0.08996575 1.0266085920725763 0.13551295295571628 0.6187025624260898 0.011195963611118374
25 225 0.8794883641037633 1 0 0.03743354751579118 0.02526675719474264 0.08996575 1.0266085920725756 0.13551295295571708 0.618702562426086 0.01119596361111837
29 261 0.648750801528289 1 0 0.037433547515790824 0.025266757194742733 0.08996575 1.0266085920725714 0.1355129529557178 0.6187025624260846 0.011195963611118258
24 216 0.7294160592444423 1 0 0.03743354751579089 0.02526675719474271 0.08996575 1.0266085920725663 0.13551295295571766 0.6187025624260817 0.01119596361111827
26 234 0.8401328407048698 1 0 0.03743354751579118 0.02526675719474264 0.08996575 1.0266085920725756 0.13551295295571708 0.618702562426086 0.01119596361111837
30 270 0.6548381037630511 1 0 0.037433547515790824 0.025266757194742733 0.08996575 1.0266085920725714 0.1355129529557178 0.6187025624260846 0.011195963611118258
24 216 1.01947774423863 1 0 0.0374335475157908 0.025266757194742525 0.08996575 1.0266085920725763 0.13551295295571628 0.6187025624260898 0.011195963611118374
25 225 0.7508739084066978 1 0 0.03743354751579089 0.02526675719474271 0.08996575 1.0266085920725663 0.13551295295571766 0.6187025624260817 0.01119596361111827
27 243 0.8092469599339341 1 0 0.03743354751579118 0.02526675719474264 0.08996575 1.0266085920725756 0.13551295295571708 0.618702562426086 0.01119596361111837
31 279 0.6473164148696231 1 0 0.037433547515790824 0.025266757194742733 0.08996575 1.0266085920725714 0.1355129529557178 0.6187025624260846 0.011195963611118258
25 225 1.0721689005337454 1 0 0.0374335475157908 0.025266757194742525 0.08996575 1.0266085920725763 0.13551295295571628 0.6187025624260898 0.011195963611118374
26 234 0.7681562766916792 1 0 0.03743354751579089 0.02526675719474271 0.08996575 1.0266085920725663 0.13551295295571766 0.6187025624260817 0.01119596361111827
32 288 0.7297807727663442 1 0 0.037433547515790824 0.025266757194742733 0.08996575 1.0266085920725714 0.1355129529557178 0.6187025624260846 0.011195963611118258
28 252 0.6875388642535339 1 0 0.03743354751579118 0.02526675719474264 0.08996575 1.0266085920725756 0.13551295295571708 0.618702562426086 0.01119596361111837
29 261 0.6254526289227319 1 0 0.03743354751579118 0.02526675719474264 0.08996575 1.0266085920725756 0.13551295295571708 0.618702562426086 0.01119596361111837
27 243 0.7050928765426638 1 0 0.03743354751579089 0.02526675719474271 0.08996575 1.0266085920725663 0.13551295295571766 0.6187025624260817 0.01119596361111827
33 297 0.8204027583882915 1 0 0.037433547515790824 0.025266757194742733 0.08996575 1.0266085920725714 0.1355129529557178 0.6187025624260846 0.011195963611118258
26 234 1.008275378720908 1 0 0.0374335475157908 0.025266757194742525 0.08996575 1.0266085920725763 0.13551295295571628 0.6187025624260898 0.011195963611118374
30 270 0.5816162247670539 1 0 0.03743354751579118 0.02526675719474264 0.08996575 1.0266085920725756 0.13551295295571708 0.618702562426086 0.01119596361111837
28 252 0.7017336653501243 1 0 0.03743354751579089 0.02526675719474271 0.08996575 1.0266085920725663 0.13551295295571766 0.6187025624260817 0.01119596361111827
34 306 0.7625447349496705 1 0 0.037433547515790824 0.025266757194742733 0.08996575 1.0266085920725714 0.1355129529557178 0.6187025624260846 0.011195963611118258
27 243 0.9351452479760798 1 0 0.0374335475157908 0.025266757194742525 0.08996575 1.0266085920725763 0.13551295295571628 0.6187025624260898 0.011195963611118374
35 315 0.7592443561947064 1 0 0.037433547515790824 0.025266757194742733 0.08996575 1.0266085920725714 0.1355129529557178 0.6187025624260846 0.011195963611118258
31 279 0.5799773043221603 1 0 0.03743354751579118 0.02526675719474264 0.08996575 1.0266085920725756 0.13551295295571708 0.618702562426086 0.01119596361111837
29 261 0.7920370752448409 1 0 0.03743354751579089 0.02526675719474271 0.08996575 1.0266085920725663 0.13551295295571766 0.6187025624260817 0.01119596361111827
28 252 1.0631831672356988 1 0 0.0374335475157908 0.025266757194742525 0.08996575 1.0266085920725763 0.13551295295571628 0.6187025624260898 0.011195963611118374
36 324 0.7136639130885777 1 0 0.037433547515790824 0.025266757194742733 0.08996575 1.0266085920725714 0.1355129529557178 0.6187025624260846 0.011195963611118258
32 288 0.5343070928201548 1 0 0.03743354751579118 0.02526675719474264 0.08996575 1.0266085920725756 0.13551295295571708 0.618702562426086 0.01119596361111837
30 270 0.7218967891263484 1 0 0.03743354751579089 0.02526675719474271 0.08996575 1.0266085920725663 0.13551295295571766 0.6187025624260817 0.01119596361111827
33 297 0.5643748582433695 1 0 0.03743354751579118 0.02526675719474264 0.08996575 1.0266085920725756 0.13551295295571708 0.618702562426086 0.01119596361111837
37 333 0.6390427292754058 1 0 0.037433547515790824 0.025266757194742733 0.08996575 1.0266085920725714 0.1355129529557178 0.6187025624260846 0.011195963611118258
29 261 1.182209904159518 1 0 0.0374335475157908 0.025266757194742525 0.08996575 1.0266085920725763 0.13551295295571628 0.6187025624260898 0.011195963611118374
31 279 0.7219215182469046 1 0 0.03743354751579089 0.02526675719474271 0.08996575 1.0266085920725663 0.13551295295571766 0.6187025624260817 0.01119596361111827
34 306 0.5091767650565273 1 0 0.03743354751579118 0.02526675719474264 0.08996575 1.0266085920725756 0.13551295295571708 0.618702562426086 0.01119596361111837
38 342 0.6517163335232932 1 0 0.037433547515790824 0.025266757194742733 0.08996575 1.0266085920725714 0.1355129529557178 0.6187025624260846 0.011195963611118258
30 270 1.3069666076058317 1 0 0.0374335475157908 0.025266757194742525 0.08996575 1.0266085920725763 0.13551295295571628 0.6187025624260898 0.011195963611118374
32 288 0.7334966230002997 1 0 0.03743354751579089 0.02526675719474271 0.08996575 1.0266085920725663 0.13551295295571766 0.6187025624260817 0.01119596361111827
35 315 0.5344530792151562 1 0 0.03743354751579118 0.02526675719474264 0.08996575 1.0266085920725756 0.13551295295571708 0.618702562426086 0.01119596361111837
39 351 0.7035829079531901 1 0 0.037433547515790824 0.025266757194742733 0.08996575 1.0266085920725714 0.1355129529557178 0.6187025624260846 0.011195963611118258
31 279 1.432722660485694 1 0 0.0374335475157908 0.025266757194742525 0.08996575 1.0266085920725763 0.13551295295571628 0.613532069007606 0.011195963611118374
36 324 0.6139364126373382 1 0 0.03743354751579118 0.02526675719474264 0.08996575 1.0266085920725756 0.13551295295571708 0.618702562426086 0.01119596361111837
33 297 0.7180912608939941 1 0 0.03743354751579089 0.02526675719474271 0.08996575 1.0266085920725663 0.13551295295571766 0.6187025624260817 0.01119596361111827
40 360 0.7778850499830049 1 0 0.037433547515790824 0.025266757194742733 0.08996575 1.0266085920725714 0.1355129529557178 0.6187025624260846 0.011195963611118258
37 333 0.6727690170123938 1 0 0.03743354751579118 0.02526675719474264 0.08996575 1.0266085920725756 0.13551295295571708 0.618702562426086 0.01119596361111837
32 288 1.4422596348104888 1 0 0.0374335475157908 0.025266757194742525 0.08996575 1.0266085920725763 0.13551295295571628 0.613532069007606 0.011195963611118374
34 306 0.6953099598483501 1 0 0.03743354751579089 0.02526675719474271 0.08996575 1.0266085920725663 0.13551295295571766 0.6187025624260817 0.01119596361111827
41 369 0.8125877711233376 1 0 0.037433547515790824 0.025266757194742733 0.08996575 1.0266085920725714 0.1355129529557178 0.6187025624260846 0.011195963611118258
38 342 0.6909262246347135 1 0 0.03743354751579118 0.02526675719474264 0.08996575 1.0266085920725756 0.13551295295571708 0.618702562426086 0.01119596361111837
42 378 0.7702415809118296 1 0 0.037433547515790824 0.025266757194742733 0.08996575 1.0266085920725714 0.1355129529557178 0.6187025624260846 0.011195963611118258
33 297 1.3476347697255713 1 0 0.0374335475157908 0.025266757194742525 0.08996575 1.0266085920725763 0.13551295295571628 0.613532069007606 0.011195963611118374
35 315 0.7166676294814388 1 0 0.03743354751579089 0.02526675719474271 0.08996575 1.0266085920725663 0.13551295295571766 0.6187025624260817 0.01119596361111827
39 351 0.5990219027956181 1 0 0.03743354751579118 0.02526675719474264 0.08996575 1.0266085920725756 0.13551295295571708 0.618702562426086 0.01119596361111837
43 387 0.7244209505424327 1 0 0.037433547515790824 0.025266757194742733 0.08996575 1.0266085920725714 0.1355129529557178 0.6187025624260846 0.011195963611118258
36 324 0.6680117089078825 1 0 0.03743354751579089 0.02526675719474271 0.08996575 1.0266085920725663 0.13551295295571766 0.6187025624260817 0.01119596361111827
34 306 1.476087013912106 1 0 0.0374335475157908 0.025266757194742525 0.08996575 1.0266085920725763 0.13551295295571628 0.5969225826807538 0.011195963611118374
40 360 0.5235010543353521 1 0 0.03743354751579118 0.02526675719474264 0.08996575 1.0266085920725756 0.13551295295571708 0.618702562426086 0.01119596361111837
44 396 0.73644010265179 1 0 0.037433547515790824 0.025266757194742733 0.08996575 1.0266085920725714 0.1355129529557178 0.6187025624260846 0.011195963611118258
41 369 0.46536342040755924 1 0 0.03743354751579118 0.02526675719474264 0.08996575 1.0266085920725756 0.13551295295571708 0.618702562426086 0.01119596361111837
37 333 0.6249753772339715 1 0 0.03743354751579089 0.02526675719474271 0.08996575 1.0266085920725663 0.13551295295571766 0.6187025624260817 0.01119596361111827
35 315 1.3788006995708955 1 0 0.0374335475157908 0.025266757194742525 0.08996575 1.0266085920725763 0.13551295295571628 0.5969225826807538 0.011195963611118374
45 405 0.6583425790312925 1 0 0.037433547515790824 0.025266757194742733 0.08996575 1.0266085920725714 0.1355129529557178 0.6187025624260846 0.011195963611118258
42 378 0.4197363672836891 1 0 0.03743354751579118 0.02526675719474264 0.08996575 1.0266085920725756 0.13551295295571708 0.618702562426086 0.01119596361111837
38 342 0.6254429755391304 1 0 0.03743354751579089 0.02526675719474271 0.08996575 1.0266085920725663 0.13551295295571766 0.6187025624260817 0.01119596361111827
46 414 0.6020681748913508 1 0 0.037433547515790824 0.025266757194742733 0.08996575 1.0266085920725714 0.1355129529557178 0.6187025624260846 0.011195963611118258
43 387 0.38460559374094205 1 0 0.03743354751579118 0.02526675719474264 0.08996575 1.0266085920725756 0.13551295295571708 0.618702562426086 0.01119596361111837
36 324 1.4387965712977722 1 0 0.0374335475157908 0.025266757194742525 0.08996575 1.0266085920725763 0.13551295295571628 0.5969225826807538 0.011195963611118374
39 351 0.5983976871415343 1 0 0.03743354751579089 0.02526675719474271 0.08996575 1.0266085920725663 0.13551295295571766 0.6187025624260817 0.01119596361111827
44 396 0.34848283902892874 1 0 0.03743354751579118 0.02526675719474264 0.08996575 1.0266085920725756 0.13551295295571708 0.618702562426086 0.01119596361111837
47 423 0.5588199848446469 1 0 0.037433547515790824 0.025266757194742733 0.08996575 1.0266085920725714 0.1355129529557178 0.6187025624260846 0.011195963611118258
45 405 0.3498811412059879 1 0 0.03743354751579118 0.02526675719474264 0.08996575 1.0266085920725756 0.13551295295571708 0.618702562426086 0.01119596361111837
40 360 0.6541964034620004 1 0 0.03743354751579089 0.02526675719474271 0.08996575 1.0266085920725663 0.13551295295571766 0.6187025624260817 0.01119596361111827
48 432 0.5653839613013085 1 0 0.037433547515790824 0.025266757194742733 0.08996575 1.0266085920725714 0.1355129529557178 0.6187025624260846 0.011195963611118258
37 333 1.4914209248631802 1 0 0.03586856626504664 0.025266757194742525 0.08996575 1.0266085920725763 0.13551295295571628 0.5969225826807538 0.011195963611118374
46 414 0.38017462605006047 1 0 0.03743354751579118 0.02526675719474264 0.08996575 1.0266085920725756 0.13551295295571708 0.618702562426086 0.01119596361111837
41 369 0.6241249913699289 1 0 0.03743354751579089 0.02526675719474271 0.08996575 1.0266085920725663 0.13551295295571766 0.6187025624260817 0.01119596361111827
49 441 0.513960908030265 1 0 0.037433547515790824 0.025266757194742733 0.08996575 1.0266085920725714 0.1355129529557178 0.6187025624260846 0.011195963611118258
38 342 1.4946105880547946 1 0 0.035492316975960836 0.025266757194742525 0.08996575 1.0266085920725763 0.13551295295571628 0.5969225826807538 0.011195963611118374
47 423 0.3720947939038247 1 0 0.03743354751579118 0.02526675719474264 0.08996575 1.0266085920725756 0.13551295295571708 0.618702562426086 0.01119596361111837
50 450 0.4611738696922731 1 0 0.037433547515790824 0.025266757194742733 0.08996575 1.0266085920725714 0.1355129529557178 0.6187025624260846 0.011195963611118258
42 378 0.6056041384735815 1 0 0.03743354751579089 0.02526675719474271 0.08996575 1.0266085920725663 0.13551295295571766 0.6187025624260817 0.01119596361111827
48 432 0.38393960663056453 1 0 0.03743354751579118 0.02526675719474264 0.08996575 1.0266085920725756 0.13551295295571708 0.618702562426086 0.01119596361111837
51 459 0.431179065053711 1 0 0.037433547515790824 0.025266757194742733 0.08996575 1.0266085920725714 0.1355129529557178 0.6187025624260846 0.011195963611118258
39 351 1.4059657532124283 1 0 0.035492316975960836 0.025266757194742525 0.08996575 1.0266085920725763 0.13551295295571628 0.5969225826807538 0.011195963611118374
49 441 0.42503238102622104 1 0 0.03743354751579118 0.02526675719474264 0.08996575 1.0266085920725756 0.13551295295571708 0.618702562426086 0.01119596361111837
52 468 0.42202602841955705 1 0 0.037433547515790824 0.025266757194742733 0.08996575 1.0266085920725714 0.1355129529557178 0.6187025624260846 0.011195963611118258
43 387 0.5554794087329132 1 0 0.03743354751579089 0.02526675719474271 0.08996575 1.0266085920725663 0.13551295295571766 0.6187025624260817 0.01119596361111827
50 450 0.41351948332431265 1 0 0.03743354751579118 0.02526675719474264 0.08996575 1.0266085920725756 0.13551295295571708 0.618702562426086 0.01119596361111837
53 477 0.39774045063302466 1 0 0.037433547515790824 0.025266757194742733 0.08996575 1.0266085920725714 0.1355129529557178 0.6187025624260846 0.011195963611118258
44 396 0.5045839113343629 1 0 0.03743354751579089 0.02526675719474271 0.08996575 1.0266085920725663 0.13551295295571766 0.6187025624260817 0.01119596361111827
40 360 1.6324456853394016 1 0 0.033221800046633485 0.025266757194742525 0.08996575 1.0266085920725763 0.11786824299424259 0.5688412617204178 0.011195963611118374
51 459 0.3856118796880963 1 0 0.03743354751579118 0.02526675719474264 0.08996575 1.0266085920725756 0.13551295295571708 0.618702562426086 0.01119596361111837
54 486 0.35724897903066677 1 0 0.037433547515790824 0.025266757194742733 0.08996575 1.0266085920725714 0.1355129529557178 0.6187025624260846 0.011195963611118258
52 468 0.3797580323493134 1 0 0.03743354751579118 0.02526675719474264 0.08996575 1.0266085920725756 0.13551295295571708 0.618702562426086 0.01119596361111837
45 405 0.47946723931555185 1 0 0.03743354751579089 0.02526675719474271 0.08996575 1.0266085920725663 0.13551295295571766 0.6187025624260817 0.01119596361111827
55 495 0.35673137880707195 1 0 0.037433547515790824 0.025266757194742733 0.08996575 1.0266085920725714 0.1355129529557178 0.6187025624260846 0.011195963611118258
41 369 1.7530115409717535 1 0 0.030037304708527775 0.02463510789527373 0.08996575 1.0266085920725763 0.10904086878630317 0.4995989718849867 0.011195963611118374
53 477 0.35772423510329365 1 0 0.03743354751579118 0.02526675719474264 0.08996575 1.0266085920725756 0.13551295295571708 0.618702562426086 0.01119596361111837
46 414 0.4634113812235238 1 0 0.03743354751579089 0.02526675719474271 0.08996575 1.0266085920725663 0.13551295295571766 0.6187025624260817 0.01119596361111827
56 504 0.3592395311269508 1 0 0.037433547515790824 0.025266757194742733 0.08996575 1.0266085920725714 0.1355129529557178 0.6187025624260846 0.011195963611118258
54 486 0.37805104772764636 1 0 0.03743354751579118 0.02526675719474264 0.08996575 1.0266085920725756 0.13551295295571708 0.618702562426086 0.01119596361111837
47 423 0.5093819322550006 1 0 0.03743354751579089 0.02526675719474271 0.08996575 1.0266085920725663 0.13551295295571766 0.6187025624260817 0.01119596361111827
57 513 0.3279293478192087 1 0 0.037433547515790824 0.025266757194742733 0.08996575 1.0266085920725714 0.1355129529557178 0.6187025624260846 0.011195963611118258
58 522 0.30355066843224987 1 0 0.037433547515790824 0.025266757194742733 0.08996575 1.0266085920725714 0.1355129529557178 0.6187025624260846 0.011195963611118258
48 432 0.47780655029277613 1 0 0.03743354751579089 0.02526675719474271 0.08996575 1.0266085920725663 0.13551295295571766 0.6187025624260817 0.01119596361111827
42 378 1.6295173488230692 1 0 0.030037304708527775 0.02463510789527373 0.08996575 1.0266085920725763 0.10904086878630317 0.4995989718849867 0.011195963611118374
55 495 0.362515505343256 1 0 0.03743354751579118 0.02526675719474264 0.08996575 1.0266085920725756 0.13551295295571708 0.618702562426086 0.01119596361111837
59 531 0.29004479457023014 1 0 0.037433547515790824 0.025266757194742733 0.08996575 1.0266085920725714 0.1355129529557178 0.6187025624260846 0.011195963611118258
49 441 0.45367631176369355 1 0 0.03743354751579089 0.02526675719474271 0.08996575 1.0266085920725663 0.13551295295571766 0.6187025624260817 0.01119596361111827
56 504 0.3542788767201548 1 0 0.03743354751579118 0.02526675719474264 0.08996575 1.0266085920725756 0.13551295295571708 0.618702562426086 0.01119596361111837
60 540 0.28564181959206486 1 0 0.037433547515790824 0.025266757194742733 0.08996575 1.0266085920725714 0.1355129529557178 0.6187025624260846 0.011195963611118258
50 450 0.4646285820583307 1 0 0.03743354751579089 0.02526675719474271 0.08996575 1.0266085920725663 0.13551295295571766 0.6187025624260817 0.01119596361111827
43 387 1.549787240971034 1 0 0.030037304708527775 0.02463510789527373 0.08996575 1.0266085920725763 0.10904086878630317 0.4995989718849867 0.011195963611118374
61 549 0.27181871439444905 1 0 0.037433547515790824 0.025266757194742733 0.08996575 1.0266085920725714 0.1355129529557178 0.6187025624260846 0.011195963611118258
57 513 0.32462427525028115 1 0 0.03743354751579118 0.02526675719474264 0.08996575 1.0266085920725756 0.13551295295571708 0.618702562426086 0.01119596361111837
51 459 0.5056961092349643 1 0 0.03743354751579089 0.02526675719474271 0.08996575 1.0266085920725663 0.13551295295571766 0.6187025624260817 0.01119596361111827
62 558 0.2536873844144717 1 0 0.037433547515790824 0.025266757194742733 0.08996575 1.0266085920725714 0.1355129529557178 0.6187025624260846 0.011195963611118258
52 468 0.4964915336694217 1 0 0.03743354751579089 0.02526675719474271 0.08996575 1.0266085920725663 0.13551295295571766 0.6187025624260817 0.01119596361111827
58 522 0.29959939358356846 1 0 0.03743354751579118 0.02526675719474264 0.08996575 1.0266085920725756 0.13551295295571708 0.618702562426086 0.01119596361111837
63 567 0.23444472066659075 1 0 0.037433547515790824 0.025266757194742733 0.08996575 1.0266085920725714 0.1355129529557178 0.6187025624260846 0.011195963611118258
44 396 1.409167625425221 1 0 0.030037304708527775 0.02463510789527373 0.08996575 1.0266085920725763 0.10904086878630317 0.4995989718849867 0.011195963611118374
53 477 0.4405280762186212 1 0 0.03743354751579089 0.02526675719474271 0.08996575 1.0266085920725663 0.13551295295571766 0.6187025624260817 0.01119596361111827
64 576 0.20381445555295638 1 0 0.037433547515790824 0.025266757194742733 0.08996575 1.0266085920725714 0.1355129529557178 0.6187025624260846 0.011195963611118258
59 531 0.2993568205527806 1 0 0.03743354751579118 0.02526675719474264 0.08996575 1.0266085920725756 0.13551295295571708 0.618702562426086 0.01119596361111837
54 486 0.4526906465188904 1 0 0.03743354751579089 0.02526675719474271 0.08996575 1.0266085920725663 0.13551295295571766 0.6187025624260817 0.01119596361111827
65 585 0.20872605759388482 1 0 0.037433547515790824 0.025266757194742733 0.08996575 1.0266085920725714 0.1355129529557178 0.6187025624260846 0.011195963611118258
45 405 1.4199970528754011 1 0 0.030037304708527775 0.02463510789527373 0.08996575 1.0266085920725763 0.10904086878630317 0.4995989718849867 0.011195963611118374
60 540 0.306662144530618 1 0 0.03743354751579118 0.02526675719474264 0.08996575 1.0266085920725756 0.13551295295571708 0.618702562426086 0.01119596361111837
55 495 0.4302752567906565 1 0 0.03743354751579089 0.02526675719474271 0.08996575 1.0266085920725663 0.13551295295571766 0.6187025624260817 0.01119596361111827
66 594 0.18510148406463606 1 0 0.037433547515790824 0.025266757194742733 0.08996575 1.0266085920725714 0.1355129529557178 0.6187025624260846 0.011195963611118258
56 504 0.4271375623527276 1 0 0.03743354751579089 0.02526675719474271 0.08996575 1.0266085920725663 0.13551295295571766 0.6187025624260817 0.01119596361111827
67 603 0.18113482156908306 1 0 0.037433547515790824 0.025266757194742733 0.08996575 1.0266085920725714 0.1355129529557178 0.6187025624260846 0.011195963611118258
67 603 0.18113482156908306 1 0 0.037433547515790824 0.025266757194742733 0.08996575 1.0266085920725714 0.1355129529557178 0.6187025624260846 0.011195963611118258
61 549 0.3064257562865161 1 0 0.03743354751579118 0.02526675719474264 0.08996575 1.0266085920725756 0.13551295295571708 0.618702562426086 0.01119596361111837
46 414 1.4713558673525216 1 0 0.030037304708527775 0.02463510789527373 0.08996575 1.0266085920725763 0.10904086878630317 0.4995989718849867 0.011195963611118374
57 513 0.389701105859781 1 0 0.03743354751579089 0.02526675719474271 0.08996575 1.0266085920725663 0.13551295295571766 0.6187025624260817 0.01119596361111827
62 558 0.302737564673215 1 0 0.03743354751579118 0.02526675719474264 0.08996575 1.0266085920725756 0.13551295295571708 0.618702562426086 0.01119596361111837
47 423 1.4304916056025245 1 0 0.030037304708527775 0.02463510789527373 0.08996575 1.0266085920725763 0.10904086878630317 0.4995989718849867 0.011195963611118374
58 522 0.3899950461826243 1 0 0.03743354751579089 0.02526675719474271 0.08996575 1.0266085920725663 0.13551295295571766 0.6187025624260817 0.01119596361111827
63 567 0.3190090617137068 1 0 0.03743354751579118 0.02526675719474264 0.08996575 1.0266085920725756 0.13551295295571708 0.618702562426086 0.01119596361111837
59 531 0.35348842895870886 1 0 0.03743354751579089 0.02526675719474271 0.08996575 1.0266085920725663 0.13551295295571766 0.6187025624260817 0.01119596361111827
48 432 1.4189033715718802 1 0 0.030037304708527775 0.02463510789527373 0.08996575 1.0266085920725763 0.10904086878630317 0.4995989718849867 0.011195963611118374
64 576 0.29346587969427046 1 0 0.03743354751579118 0.02526675719474264 0.08996575 1.0266085920725756 0.13551295295571708 0.618702562426086 0.01119596361111837
60 540 0.3315962746734626 1 0 0.03743354751579089 0.02526675719474271 0.08996575 1.0266085920725663 0.13551295295571766 0.6187025624260817 0.01119596361111827
61 549 0.32376738375792924 1 0 0.03743354751579089 0.02526675719474271 0.08996575 1.0266085920725663 0.13551295295571766 0.6187025624260817 0.01119596361111827
65 585 0.26763119311779987 1 0 0.03743354751579118 0.02526675719474264 0.08996575 1.0266085920725756 0.13551295295571708 0.618702562426086 0.01119596361111837
49 441 1.3370472334574839 1 0 0.030037304708527775 0.02463510789527373 0.08996575 1.0266085920725763 0.10904086878630317 0.4995989718849867 0.011195963611118374
62 558 0.32464785242446104 1 0 0.03743354751579089 0.02526675719474271 0.08996575 1.0266085920725663 0.13551295295571766 0.6187025624260817 0.01119596361111827
66 594 0.26241098995669376 1 0 0.03743354751579118 0.02526675719474264 0.08996575 1.0266085920725756 0.13551295295571708 0.618702562426086 0.01119596361111837
50 450 1.2109162623539844 1 0 0.030037304708527775 0.02463510789527373 0.08996575 1.0266085920725763 0.10904086878630317 0.4995989718849867 0.011195963611118374
63 567 0.2855241952869358 1 0 0.03743354751579089 0.02526675719474271 0.08996575 1.0266085920725663 0.13551295295571766 0.6187025624260817 0.01119596361111827
67 603 0.24674345892912933 1 0 0.03743354751579118 0.02526675719474264 0.08996575 1.0266085920725756 0.13551295295571708 0.618702562426086 0.01119596361111837
67 603 0.24674345892912933 1 0 0.03743354751579118 0.02526675719474264 0.08996575 1.0266085920725756 0.13551295295571708 0.618702562426086 0.01119596361111837
64 576 0.2572442916068891 1 0 0.03743354751579089 0.02526675719474271 0.08996575 1.0266085920725663 0.13551295295571766 0.6187025624260817 0.01119596361111827
51 459 1.2554955550869504 1 0 0.030037304708527775 0.02463510789527373 0.08996575 1.0266085920725763 0.10904086878630317 0.4995989718849867 0.011195963611118374
65 585 0.2277937544887515 1 0 0.03743354751579089 0.02526675719474271 0.08996575 1.0266085920725663 0.13551295295571766 0.6187025624260817 0.01119596361111827
66 594 0.22779654754832554 1 0 0.03743354751579089 0.02526675719474271 0.08996575 1.0266085920725663 0.13551295295571766 0.6187025624260817 0.01119596361111827
52 468 1.1248839643321034 1 0 0.030037304708527775 0.02463510789527373 0.08996575 1.0266085920725763 0.10904086878630317 0.4995989718849867 0.011195963611118374
67 603 0.21961785256306549 1 0 0.03743354751579089 0.02526675719474271 0.08996575 1.0266085920725663 0.13551295295571766 0.6187025624260817 0.01119596361111827
67 603 0.21961785256306549 1 0 0.03743354751579089 0.02526675719474271 0.08996575 1.0266085920725663 0.13551295295571766 0.6187025624260817 0.01119596361111827
53 477 0.9189979913384402 1 0 0.030037304708527775 0.02463510789527373 0.08996575 1.0266085920725763 0.10904086878630317 0.4995989718849867 0.011195963611118374
54 486 0.864575855677314 1 0 0.030037304708527775 0.02463510789527373 0.08996575 1.0266085920725763 0.10904086878630317 0.4995989718849867 0.011195963611118374
55 495 0.938386532144115 1 0 0.030037304708527775 0.02463510789527373 0.08996575 1.0266085920725763 0.10904086878630317 0.4995989718849867 0.011195963611118374
56 504 1.018107371582691 1 0 0.030037304708527775 0.02463510789527373 0.08996575 1.0266085920725763 0.10904086878630317 0.4995989718849867 0.011195963611118374
57 513 1.0079561763995055 1 0 0.030037304708527775 0.02463510789527373 0.08996575 1.0266085920725763 0.10904086878630317 0.4995989718849867 0.011195963611118374
58 522 0.9823002630566823 1 0 0.030037304708527775 0.02463510789527373 0.08996575 1.0266085920725763 0.10904086878630317 0.4995989718849867 0.011195963611118374
59 531 0.8647541348258057 1 0 0.030037304708527775 0.02463510789527373 0.08996575 1.0266085920725763 0.10904086878630317 0.4995989718849867 0.011195963611118374
60 540 0.8024197338476213 1 0 0.030037304708527775 0.02463510789527373 0.08996575 1.0266085920725763 0.10904086878630317 0.4995989718849867 0.011195963611118374
61 549 0.839394014972833 1 0 0.030037304708527775 0.02463510789527373 0.08996575 1.0266085920725763 0.10904086878630317 0.4995989718849867 0.011195963611118374
62 558 0.8458830935890458 1 0 0.030037304708527775 0.02463510789527373 0.08996575 1.0266085920725763 0.10904086878630317 0.4995989718849867 0.011195963611118374
63 567 0.8543370321383775 1 0 0.030037304708527775 0.02463510789527373 0.08996575 1.0266085920725763 0.10904086878630317 0.4995989718849867 0.011195963611118374
64 576 0.8182763514890325 1 0 0.030037304708527775 0.02463510789527373 0.08996575 1.0266085920725763 0.10904086878630317 0.4995989718849867 0.011195963611118374
65 585 0.73330373706719 1 0 0.030037304708527775 0.02463510789527373 0.08996575 1.0266085920725763 0.10904086878630317 0.4995989718849867 0.011195963611118374
66 594 0.7248594984507443 1 0 0.030037304708527775 0.02463510789527373 0.08996575 1.0266085920725763 0.10904086878630317 0.4995989718849867 0.011195963611118374
67 603 0.7081077302266787 1 0 0.030037304708527775 0.02463510789527373 0.08996575 1.0266085920725763 0.10904086878630317 0.4995989718849867 0.011195963611118374
67 603 0.7081077302266787 1 0 0.030037304708527775 0.02463510789527373 0.08996575 1.0266085920725763 0.10904086878630317 0.4995989718849867 0.011195963611118374
