% # columns="iteration, evaluation, sigma, void, void,  stds==sigma*sigma_vec.scaling*sqrt(diag(C))", seed=2567, Fri Aug 28 18:28:04 2026, <python>{}</python>
8801616
1 9 0.944972989972906 0 0 0.03587690611771669 0.035765229965352655 0.08048810889316228 1.5376968588120663 0.17692963321268979 0.7141808469386625 0.01641395918880162
1 9 0.9449729899729059 0 0 0.03587690611771668 0.035765229965352655 0.08048810889316227 1.5376968588120659 0.17692963321268976 0.7141808469386624 0.016413959188801616
2 18 0.9087555735421708 0 0 0.035560483756812374 0.03440087039610022 0.07750971109625689 1.508679205417545 0.16760484635697612 0.6446680750393459 0.01531552270422923
2 18 0.9087555735421711 0 0 0.03556048375681241 0.03440087039610022 0.0775097110962569 1.5086792054175455 0.16760484635697614 0.6446680750393458 0.015315522704229236
2 18 0.9087555735421713 0 0 0.03556048375681242 0.034400870396100236 0.07750971109625694 1.5086792054175464 0.16760484635697612 0.6446680750393462 0.015315522704229239
2 18 0.9087555735421712 0 0 0.035560483756812436 0.03440087039610024 0.07750971109625693 1.5086792054175464 0.1676048463569764 0.6446680750393436 0.015315522704229239
3 27 0.8929064494700624 0 0 0.03285951926575744 0.0343329900549578 0.07631199210045474 1.4436738926937913 0.16086424313499922 0.6434983613697038 0.015182343350779646
3 27 0.8929064494700627 0 0 0.032859519265757475 0.03433299005495782 0.07631199210045475 1.4436738926937929 0.16086424313499925 0.6434983613697038 0.01518234335077964
3 27 0.8929064494700624 0 0 0.03285951926575748 0.034332990054957914 0.07631199210045474 1.4436738926937913 0.16086424313499925 0.6434983613697015 0.015182343350779616
3 27 0.8929064494700629 0 0 0.03285951926575749 0.03433299005495779 0.07631199210045478 1.4436738926937938 0.1608642431349993 0.6434983613697042 0.015182343350779651
4 36 0.9418161944914403 0 0 0.032057565833085985 0.038773040343643504 0.08088623872304831 1.5778379063445218 0.17318849643278292 0.6652976875657755 0.016074538390402487
4 36 0.9418161944914397 0 0 0.032057565833086034 0.03877304034364348 0.08088623872304834 1.5778379063445154 0.173188496432783 0.6652976875657748 0.016074538390402484
4 36 0.9418161944914406 0 0 0.03205756583308603 0.03877304034364346 0.08088623872304837 1.5778379063445234 0.1731884964327829 0.6652976875657759 0.016074538390402498
4 36 0.9418161944914395 0 0 0.032057565833086006 0.03877304034364357 0.08088623872304829 1.5778379063445183 0.17318849643278317 0.6652976875657716 0.016074538390402453
5 45 0.9936258651670431 0 0 0.03363392204779665 0.041255845321657804 0.08400831025045871 1.5736670968135262 0.19209296241868878 0.7311720147137007 0.016873035712630338
5 45 0.9936258651670422 0 0 0.03363392204779671 0.04125584532165776 0.08400831025045861 1.57366709681352 0.19209296241868928 0.7311720147136991 0.016873035712630307
6 54 0.9658109715943618 0 0 0.031955242716017684 0.039732262239812084 0.0820319722802882 1.502406287076702 0.18868354961367706 0.678696299944414 0.01639123652855744
5 45 0.9936258651670432 0 0 0.033633922047796694 0.04125584532165776 0.08400831025045867 1.5736670968135278 0.1920929624186887 0.7311720147137017 0.016873035712630338
5 45 0.993625865167042 0 0 0.03363392204779667 0.04125584532165785 0.08400831025045855 1.5736670968135236 0.19209296241868998 0.7311720147136936 0.01687303571263027
6 54 0.9658109715943601 0 0 0.03195524271601767 0.039732262239811994 0.08203197228028798 1.502406287076694 0.18868354961367756 0.678696299944412 0.016391236528557406
7 63 0.9225956796809976 0 0 0.030232892104309104 0.03804963623318953 0.07784381254220568 1.311616531246422 0.17979807148305554 0.6593135024890685 0.015484656125415698
6 54 0.9658109715943619 0 0 0.03195524271601772 0.03973226223981204 0.08203197228028815 1.5024062870767028 0.18868354961367714 0.6786962999444149 0.016391236528557444
6 54 0.9658109715943605 0 0 0.0319552427160177 0.03973226223981211 0.08203197228028802 1.5024062870766999 0.18868354961367814 0.6786962999444064 0.01639123652855738
7 63 0.9225956796809962 0 0 0.030232892104309062 0.038049636233189445 0.07784381254220549 1.3116165312464105 0.17979807148305593 0.6593135024890674 0.015484656125415722
8 72 0.9345485230932978 0 0 0.03073296393733066 0.04054718475231983 0.0758554913975406 1.3128101149644302 0.1770222579005708 0.6553116827056287 0.016629884379889145
7 63 0.922595679680996 0 0 0.030232892104309107 0.03804963623318947 0.07784381254220551 1.311616531246412 0.17979807148305663 0.6593135024890628 0.015484656125415674
7 63 0.9225956796809975 0 0 0.030232892104309125 0.03804963623318949 0.07784381254220561 1.311616531246421 0.17979807148305543 0.6593135024890695 0.015484656125415719
8 72 0.9345485230932962 0 0 0.0307329639373306 0.04054718475231969 0.07585549139754047 1.3128101149644196 0.1770222579005711 0.6553116827056273 0.016629884379889152
9 81 1.1072489249643593 0 0 0.03545094696212623 0.04739386424174261 0.08560018730383348 1.4722111221171759 0.23091560052789722 0.7888838286682252 0.022626582333246294
8 72 0.9345485230932964 0 0 0.030732963937330673 0.0405471847523198 0.07585549139754054 1.3128101149644222 0.17702225790057188 0.6553116827056228 0.016629884379889097
8 72 0.934548523093298 0 0 0.03073296393733069 0.0405471847523198 0.07585549139754058 1.3128101149644307 0.17702225790057072 0.6553116827056296 0.01662988437988916
9 81 1.1072489249643571 0 0 0.035450946962126105 0.04739386424174234 0.08560018730383334 1.4722111221171703 0.23091560052789814 0.7888838286682234 0.02262658233324623
10 90 1.1558091236585815 0 0 0.03693243449275075 0.04851129647416731 0.08664309085953877 1.4910083794901592 0.2437360251974017 0.8662792541255299 0.023333333333333338
9 81 1.1072489249643584 0 0 0.03545094696212627 0.04739386424174279 0.08560018730383345 1.4722111221171728 0.23091560052789895 0.7888838286682187 0.022626582333246114
9 81 1.1072489249643602 0 0 0.03545094696212626 0.04739386424174253 0.08560018730383358 1.4722111221171792 0.23091560052789728 0.7888838286682277 0.022626582333246346
10 90 1.1558091236585788 0 0 0.036932434492750646 0.048511296474167014 0.08664309085953864 1.4910083794901512 0.2437360251974025 0.8662792541255273 0.023333333333333338
11 99 1.2624946706397921 0 0 0.040127768328571733 0.05000000000000001 0.09358805532504731 1.937340343915088 0.25132741228718336 0.917426643201002 0.023333333333333334
10 90 1.1558091236585808 0 0 0.03693243449275084 0.04851129647416764 0.08664309085953881 1.4910083794901563 0.24373602519740323 0.8662792541255206 0.023333333333333338
10 90 1.1558091236585826 0 0 0.03693243449275081 0.048511296474167194 0.0866430908595389 1.4910083794901619 0.24373602519740195 0.866279254125533 0.023333333333333334
11 99 1.2624946706397888 0 0 0.04012776832857161 0.05 0.09358805532504706 1.9373403439150743 0.2513274122871834 0.9174266432009989 0.02333333333333333
12 108 1.4597241859687564 0 0 0.04545978529720945 0.05000000000000001 0.1073918218577885 2.0943951023931953 0.2513274122871834 1.0262536001726656 0.02333333333333333
11 99 1.262494670639792 0 0 0.04012776832857186 0.05000000000000001 0.09358805532504733 1.9373403439150834 0.2513274122871834 0.9174266432009911 0.023333333333333334
11 99 1.2624946706397935 0 0 0.0401277683285718 0.05 0.09358805532504742 1.9373403439150914 0.2513274122871834 0.9174266432010051 0.023333333333333334
12 108 1.4597241859687522 0 0 0.04545978529720935 0.05000000000000001 0.10739182185778819 2.0943951023931953 0.25132741228718347 1.0262536001726654 0.023333333333333334
13 117 1.5343785322842773 0 0 0.04522491089934164 0.05 0.1096807785618923 2.0943951023931953 0.25132741228718336 1.0262536001726659 0.023333333333333334
12 108 1.4597241859687562 0 0 0.04545978529720962 0.049999999999999996 0.10739182185778848 2.0943951023931953 0.25132741228718347 1.0262536001726659 0.02333333333333333
12 108 1.459724185968758 0 0 0.04545978529720955 0.049999999999999996 0.10739182185778859 2.0943951023931953 0.2513274122871834 1.0262536001726654 0.02333333333333333
13 117 1.5343785322842727 0 0 0.04522491089934147 0.05 0.10968077856189204 2.0943951023931957 0.25132741228718336 1.0262536001726656 0.023333333333333334
14 126 1.6020215028719849 0 0 0.04598298744679094 0.05 0.10970751621997837 2.0943951023931957 0.2513274122871834 1.0262536001726656 0.023333333333333334
13 117 1.5343785322842767 0 0 0.0452249108993418 0.05000000000000001 0.10968077856189223 2.0943951023931953 0.2513274122871834 1.0262536001726656 0.023333333333333334
13 117 1.534378532284279 0 0 0.045224910899341726 0.049999999999999996 0.10968077856189239 2.0943951023931953 0.2513274122871834 1.0262536001726656 0.02333333333333333
15 135 1.7199624042274408 0 0 0.049999999999999975 0.05 0.1124784846394039 2.0943951023931953 0.2513274122871834 1.0262536001726654 0.02333333333333333
14 126 1.6020215028719806 0 0 0.04598298744679066 0.05000000000000002 0.10970751621997842 2.0943951023931953 0.2513274122871834 1.0262536001726659 0.02333333333333333
14 126 1.602021502871984 0 0 0.045982987446791045 0.05 0.10970751621997842 2.0943951023931953 0.2513274122871834 1.0262536001726656 0.023333333333333334
14 126 1.6020215028719873 0 0 0.04598298744679098 0.05 0.10970751621997864 2.0943951023931953 0.2513274122871834 1.0262536001726659 0.02333333333333333
16 144 1.6259731816182381 0 0 0.04792246656508517 0.045296193927761096 0.10252505683805073 1.9199549333975148 0.23903122778257097 0.9699150679429259 0.022118238501235513
15 135 1.7199624042274368 0 0 0.049999999999999996 0.049999999999999996 0.11247848463940369 2.094395102393195 0.2513274122871834 1.0262536001726656 0.023333333333333338
15 135 1.7199624042274393 0 0 0.04999999999999999 0.05 0.11247848463940377 2.0943951023931953 0.2513274122871834 1.0262536001726654 0.02333333333333333
15 135 1.7199624042274435 0 0 0.05 0.05000000000000001 0.11247848463940412 2.0943951023931953 0.2513274122871834 1.0262536001726656 0.023333333333333334
17 153 1.5101827673945591 0 0 0.04301036215052564 0.03976181299907034 0.09313179519659945 1.7166035843282788 0.21782652819312556 0.8977569587841273 0.020589916845250748
16 144 1.6259731816182348 0 0 0.047922466565085135 0.04529619392776101 0.10252505683805052 1.9199549333975205 0.23903122778257105 0.9699150679429266 0.022118238501235517
16 144 1.6259731816182366 0 0 0.04792246656508512 0.04529619392776122 0.10252505683805051 1.9199549333975163 0.23903122778257058 0.9699150679429258 0.02211823850123549
18 162 1.3575414238191592 0 0 0.03899102391791317 0.03444243453993911 0.08119400811743394 1.4951590055077575 0.1939554799374582 0.8087442670854272 0.018290947318086666
16 144 1.6259731816182417 0 0 0.04792246656508514 0.045296193927761096 0.10252505683805091 1.919954933397517 0.23903122778257133 0.9699150679429269 0.022118238501235555
19 171 1.2954559838496271 0 0 0.0357104406077399 0.032168413623787626 0.07620287511699803 1.3473945717110969 0.18781723940869682 0.7791716049316195 0.016850422411279587
17 153 1.510182767394556 0 0 0.04301036215052563 0.039761812999070285 0.09313179519659928 1.716603584328285 0.2178265281931256 0.8977569587841278 0.02058991684525074
17 153 1.510182767394557 0 0 0.043010362150525616 0.039761812999070535 0.09313179519659917 1.7166035843282803 0.21782652819312476 0.8977569587841272 0.020589916845250703
17 153 1.5101827673945618 0 0 0.04301036215052564 0.039761812999070334 0.09313179519659942 1.7166035843282805 0.21782652819312576 0.8977569587841275 0.020589916845250765
20 180 1.182650176027669 0 0 0.03159152735386986 0.029730072928638385 0.06926211624201743 1.1637202701784604 0.17033475524094255 0.6739553959186301 0.01601198837991374
18 162 1.3575414238191568 0 0 0.03899102391791309 0.03444243453993904 0.08119400811743374 1.495159005507767 0.1939554799374582 0.8087442670854283 0.018290947318086663
18 162 1.3575414238191574 0 0 0.03899102391791316 0.034442434539939226 0.08119400811743374 1.4951590055077597 0.19395547993745738 0.8087442670854287 0.018290947318086632
18 162 1.357541423819162 0 0 0.03899102391791315 0.034442434539939115 0.08119400811743403 1.4951590055077604 0.19395547993745846 0.8087442670854285 0.018290947318086673
21 189 1.0375055885982063 0 0 0.02766483639416319 0.02551140836691367 0.05482528640560504 1.0161240364721047 0.14867975518281257 0.5850290830393123 0.013982609788788814
19 171 1.2954559838496251 0 0 0.03571044060773998 0.03216841362378755 0.07620287511699783 1.3473945717111044 0.18781723940869674 0.7791716049316206 0.01685042241127959
22 198 0.9838021885901519 0 0 0.025645046184281317 0.02358258970395641 0.04910915885194146 0.9479524219299028 0.1427690871782744 0.5685217447749449 0.012944167407012385
19 171 1.2954559838496305 0 0 0.03571044060773988 0.03216841362378768 0.07620287511699822 1.3473945717111007 0.18781723940869696 0.7791716049316216 0.016850422411279587
19 171 1.2954559838496258 0 0 0.03571044060773992 0.032168413623787695 0.0762028751169979 1.3473945717111007 0.18781723940869613 0.7791716049316209 0.016850422411279556
20 180 1.1826501760276682 0 0 0.031591527353870066 0.029730072928638288 0.06926211624201722 1.1637202701784677 0.17033475524094258 0.6739553959186314 0.016011988379913775
23 207 0.9119919869203523 0 0 0.023388961828841547 0.0227615372086597 0.04458177877030485 0.8654952481191166 0.12825817733487432 0.520561572067612 0.011318459065061721
20 180 1.1826501760276726 0 0 0.03159152735386989 0.02973007292863846 0.06926211624201764 1.1637202701784655 0.1703347552409428 0.673955395918632 0.01601198837991374
20 180 1.218377069425268 0 0 0.03262159526775616 0.03080039467914955 0.07135377033390067 1.1938737846755532 0.17578612879717093 0.6992455896783117 0.01643024621758771
24 216 0.8912901490885762 0 0 0.023368342039864636 0.022262579616298926 0.04133005536615839 0.8335546033842337 0.12555164824857404 0.4926484300893554 0.011086901974558291
21 189 1.0375055885982045 0 0 0.027664836394163304 0.025511408366913544 0.054825286405604856 1.0161240364721094 0.14867975518281257 0.5850290830393133 0.013982609788788843
25 225 0.8794883641037665 0 0 0.022841986603456967 0.021627326243451886 0.03949425854250699 0.7573266102339739 0.13107816112315446 0.48417970431972557 0.010735750847051324
21 189 1.0248196294613536 0 0 0.026622097579255415 0.02519099124923273 0.05483135310823587 0.9933710568484938 0.14853664481810988 0.5734574423510379 0.013663073976824348
21 189 1.0911391445904095 0 0 0.029182473350695157 0.026919551764791366 0.058021982657676864 1.0596227580439073 0.15898562236025932 0.6136138461979135 0.014873303739475706
22 198 0.9838021885901498 0 0 0.02564504618428139 0.02358258970395628 0.04910915885194124 0.9479524219299056 0.14276908717827436 0.5685217447749457 0.01294416740701241
26 234 0.8363058643979202 0 0 0.02127322831840353 0.02045673211953226 0.03581729191803622 0.6953946415191348 0.12211690652576884 0.4620689723439419 0.00990504967800498
22 198 0.9627440809900625 0 0 0.024142286481816398 0.02410921831778993 0.05157435932771255 0.873105278998482 0.14647888376370474 0.5239169288578256 0.012800302029749243
23 207 0.9119919869203498 0 0 0.023388961828841558 0.022761537208659564 0.044581778770304475 0.865495248119117 0.12825817733487438 0.5205615720676123 0.011318459065061745
22 198 1.0056967369358831 0 0 0.026283701001703998 0.024955226739938142 0.05261063987959305 0.9460808325915538 0.14727609287613672 0.5799238529344826 0.01353864095503561
27 243 0.7325015723560337 0 0 0.018426667344618414 0.017662658241393583 0.030554535481547455 0.5986400453413425 0.10274951352780116 0.3964446630369614 0.008558715455297234
24 216 0.8912901490885733 0 0 0.023368342039864706 0.022262579616298774 0.0413300553661582 0.8335546033842335 0.12555164824857393 0.49264843008935566 0.0110869019745583
23 207 0.8534785451529396 0 0 0.02092632616211766 0.021777272137493805 0.04707483582472919 0.762204657658839 0.12813375537909064 0.44567859866233756 0.01083651650943446
28 252 0.6762931659615052 0 0 0.016591403956558292 0.016357036200892086 0.02664899863789839 0.5373139248390021 0.10180727892090434 0.3540705319277672 0.007911383676695985
23 207 1.0173184786762728 0 0 0.02750862606450036 0.025209682223812997 0.052495137823673994 0.8644850643626989 0.1462653927521986 0.6139136931054933 0.014942098696473073
25 225 0.8794883641037633 0 0 0.022841986603457026 0.021627326243451706 0.03949425854250683 0.7573266102339724 0.1310781611231542 0.4841797043197254 0.010735750847051336
29 261 0.648750801528289 0 0 0.014725067436165744 0.01518916965861629 0.025638522483313095 0.4858251841877217 0.10137037737039536 0.33590538961997324 0.0076956246624916794
24 216 0.7294160592444423 0 0 0.017767433103453332 0.018354994677206634 0.0388575114068474 0.620175693490051 0.1056129490349103 0.3754967112119748 0.008825409997625015
26 234 0.8401328407048698 0 0 0.021375579754172473 0.02038492764220222 0.035978392401199114 0.6949654654331003 0.12355892670711252 0.4607381315330974 0.00998451316549919
30 270 0.6548381037630511 0 0 0.015440324461488455 0.015436006729451118 0.025253485477089242 0.46856217176312853 0.10653220300578352 0.3352844756926641 0.008175987762648919
24 216 1.01947774423863 0 0 0.027264699735636375 0.025743659014384038 0.05293939893833263 0.8680163561993679 0.13469685846923865 0.6366310681405649 0.015159264556568164
25 225 0.7508739084066978 0 0 0.018169253291043356 0.0185946308460948 0.04022426632592112 0.6124934473481402 0.12159407746885319 0.37383225212756865 0.009078929832145572
27 243 0.8092469599339341 0 0 0.020441687266913307 0.019610510158894815 0.034368124700678744 0.6584862470625596 0.12395639697269148 0.45149560517753023 0.00959829896661129
31 279 0.6473164148696231 0 0 0.01565604602247785 0.015499927773420135 0.024588478106007537 0.44183491248450163 0.10778760171526008 0.3225241815423789 0.008118002530996584
25 225 1.0721689005337454 0 0 0.028190826488238646 0.028614079082002367 0.05523542195743904 0.8632385153910903 0.14372958112233666 0.6534248596337386 0.015748655277425583
26 234 0.7681562766916792 0 0 0.018257160478380177 0.020121138711181968 0.03906948033489789 0.6417513737905493 0.12876499534081803 0.3759241757247183 0.009125695197894369
32 288 0.7297807727663442 0 0 0.0169863656808695 0.018644708998785193 0.02665403666120024 0.49075456770496967 0.12056747563192231 0.35838774860196126 0.01045236259916533
28 252 0.6875388642535339 0 0 0.01682387435008121 0.016358850074048397 0.027235473105220866 0.5626578882309746 0.10553443591683671 0.38565712017566467 0.00828286045975445
29 261 0.6254526289227319 0 0 0.01481365313532776 0.014943830584972095 0.02425535034483899 0.5095393115841931 0.0935702459572269 0.35035824164479423 0.007437326279042306
27 243 0.7050928765426638 0 0 0.016263646862034378 0.01878525161659284 0.03509657212405146 0.5872039921526416 0.11313667082761149 0.3344474831762837 0.008373884021981422
33 297 0.8204027583882915 0 0 0.018578987970782973 0.021579006321433447 0.028401873736248032 0.5353207404750011 0.13897363883190453 0.4173302410978759 0.012016730474435685
26 234 1.008275378720908 0 0 0.025747936224224152 0.026522020808936952 0.049503754588214835 0.8013495300899165 0.13744363398479634 0.6214507100821207 0.014502407001019646
30 270 0.5816162247670539 0 0 0.013873998652323152 0.013578914599887469 0.02069184885199854 0.47985353872787095 0.08896139275154076 0.3177315733189732 0.007033575709674364
28 252 0.7017336653501243 0 0 0.01565279071195831 0.019064484326085113 0.03402693699018684 0.583960113885876 0.10689887886819992 0.32717608093930634 0.00858955870874527
34 306 0.7625447349496705 0 0 0.016900406132861794 0.020144976356013446 0.025902779405150234 0.4825350441405669 0.12958673988785566 0.3872609065220718 0.011149817038654199
27 243 0.9351452479760798 0 0 0.023186306762869553 0.0246324081141896 0.045209498150708835 0.7246132067139703 0.12280848537990215 0.5865491351180772 0.013046498000059234
35 315 0.7592443561947064 0 0 0.01701960392347607 0.02022173543338553 0.025593225132485943 0.4435174480775766 0.13323973134911782 0.3762172353519333 0.010860620699336758
31 279 0.5799773043221603 0 0 0.013932004831162803 0.013470141604483676 0.020532319317563257 0.4540616273365071 0.0870833547901991 0.31852805130926115 0.007137256063799301
29 261 0.7920370752448409 0 0 0.019694909662176633 0.021028752403196314 0.0376235475095462 0.7148444299873372 0.12202295054406935 0.3565116942504707 0.009660696703861542
28 252 1.0631831672356988 0 0 0.02788310559680461 0.031083833757875844 0.047843919425270685 0.7993009488364736 0.14024229344264463 0.6709206696094462 0.014722946571695353
36 324 0.7136639130885777 0 0 0.016131009396306722 0.01989603802961677 0.024082930514599706 0.3867147204614166 0.1247466316456974 0.34608234924079617 0.01027245417007
32 288 0.5343070928201548 0 0 0.012103692362741876 0.012149378497305399 0.018346268104831257 0.41284293300746017 0.08036679809294689 0.2899108445964058 0.0066847659522748185
30 270 0.7218967891263484 0 0 0.017496752453217225 0.01894838071798561 0.03370757111270952 0.6363179643603024 0.10684395194857206 0.30971160164631323 0.008651785486296519
33 297 0.5643748582433695 0 0 0.012555073901831472 0.01296932413496531 0.019361233082473138 0.41898842457234353 0.08466005228318342 0.3124573361568377 0.007742123036918119
37 333 0.6390427292754058 0 0 0.013916519725805303 0.01748071860099698 0.021127831134869227 0.3472969123105482 0.11214949833272095 0.3114779959490281 0.008931148094251998
29 261 1.182209904159518 0 0 0.030523500126528602 0.034932687888899146 0.051346623828863916 0.8303560711518934 0.15590556867622926 0.7678337352795053 0.016735104128270856
31 279 0.7219215182469046 0 0 0.018350026139718038 0.01922469142319182 0.032345461077429596 0.6286267705661244 0.10428986056929938 0.3034217706852524 0.008363643261669829
34 306 0.5091767650565273 0 0 0.010937049208124756 0.011327177062245942 0.01729582295590228 0.3440055973792616 0.075203131580982 0.27803284752765534 0.007088440559398135
38 342 0.6517163335232932 0 0 0.013844075298169523 0.018569703332972927 0.020751338436851324 0.33077617282768773 0.11469577346256388 0.3295597084655419 0.009718766853526043
30 270 1.3069666076058317 0 0 0.03350727342945209 0.04223466986460464 0.056169100062242405 0.8313521530163297 0.17976139520637174 0.9134495030224374 0.018361932017738614
32 288 0.7334966230002997 0 0 0.018649147576603933 0.019106765966499194 0.03176126196943462 0.6300880718455782 0.10624713776942867 0.3232980037094507 0.008530774827445279
35 315 0.5344530792151562 0 0 0.011160030115969572 0.012957746706213606 0.018003393681292862 0.3391721250259515 0.0800341330386697 0.2923891921464837 0.007399769857450981
39 351 0.7035829079531901 0 0 0.014955655227631478 0.020894107010395836 0.020597829241980736 0.3538242791775586 0.12417900992556061 0.36749336360455026 0.011267148145069555
31 279 1.432722660485694 0 0 0.03715227862284461 0.04670062658771215 0.061119934053972445 0.8950544011494119 0.21269932007064726 1.0262536001726656 0.020198800003203125
36 324 0.6139364126373382 0 0 0.01395389144463661 0.01634073820090582 0.019289846308138098 0.38832301467999003 0.08675113113371674 0.34367525956514955 0.009149985969481841
33 297 0.7180912608939941 0 0 0.018202151376038325 0.01839167953020182 0.03015764805879572 0.6129097398194575 0.10428825219336998 0.31496731321164106 0.008263686336840801
40 360 0.7778850499830049 0 0 0.016688054508198866 0.022746123755741865 0.022149627738422887 0.385985868135598 0.13559255283147623 0.4094861291465733 0.013426990517450508
37 333 0.6727690170123938 0 0 0.01581550151888077 0.018279797215586063 0.019861941921343915 0.40760576541751053 0.09283553471659775 0.37406410717857314 0.010659401643795611
32 288 1.4422596348104888 0 0 0.038493263601347014 0.04593527915723426 0.059874917220740086 0.8869118461140554 0.2180413491909613 1.0151674526466898 0.01994292035410777
34 306 0.6953099598483501 0 0 0.01717960071559082 0.01793927381539189 0.026996364771273536 0.5644902095141114 0.10369259398769105 0.3062780574539658 0.007940213158266244
41 369 0.8125877711233376 0 0 0.01742435311717708 0.023756243999985154 0.022540815959269392 0.40579517603209103 0.13533074159547154 0.4080567138944874 0.013808765982155182
38 342 0.6909262246347135 0 0 0.01652032196273112 0.019361878430495874 0.020153812850584946 0.3851331398290495 0.0941745767274238 0.3757834463198489 0.011813966511330461
42 378 0.7702415809118296 0 0 0.01648580619939172 0.022635595270304093 0.020120097653356556 0.3579442848290439 0.12727243909666916 0.3858860652750113 0.012821333472637886
33 297 1.3476347697255713 0 0 0.036132594136749935 0.04159627188261284 0.05261780682262275 0.8024134404205232 0.20494773587930726 0.9546439797075275 0.018795201661670292
35 315 0.7166676294814388 0 0 0.01874578244355736 0.018931293987490688 0.02755784115162608 0.5632900304518991 0.11208903882703927 0.30104616915501564 0.00836120330834011
39 351 0.5990219027956181 0 0 0.014341995782835638 0.01650145421179564 0.016414667742629112 0.3282832104619055 0.0790379805976513 0.31743803249342223 0.010239344711811479
43 387 0.7244209505424327 0 0 0.014813583214233624 0.02173717144835024 0.01856059425160142 0.3357746456150472 0.11907161786886557 0.37225571765572735 0.01193227586173381
36 324 0.6680117089078825 0 0 0.017304893366825124 0.017388580419292945 0.025497841535650587 0.5184601295550845 0.10830024237727845 0.26804081171102756 0.007635520349521782
34 306 1.476087013912106 0 0 0.045400205104746946 0.045546081878758644 0.05471359598529689 0.8628494235687433 0.2317115629749829 1.0262536001726659 0.021180897703811343
40 360 0.5235010543353521 0 0 0.011690277109082135 0.013927582924230571 0.013774311571275078 0.2828294874741787 0.07077853947258571 0.2778528947840914 0.00904782006853673
44 396 0.73644010265179 0 0 0.01473826852167808 0.021656971814400978 0.017809347028315596 0.34535023809273774 0.12201496970313626 0.381828696765639 0.012101035653268009
41 369 0.46536342040755924 0 0 0.01019843663883343 0.01259211084350214 0.01167739155339308 0.2561671897748503 0.06183585887166844 0.2446539151373367 0.0078038632863705465
37 333 0.6249753772339715 0 0 0.015228035511077894 0.016327085683157928 0.023602062472229162 0.4471174417830659 0.1019612592588295 0.24944415879181164 0.007259726760516167
35 315 1.3788006995708955 0 0 0.04346554180581839 0.0420400899883405 0.04937850824513017 0.7718966583454787 0.21897416625179758 0.929113102860481 0.01917231679854226
45 405 0.6583425790312925 0 0 0.01324270013332788 0.018132313578886956 0.01560807561903087 0.315429481962022 0.10856286097605083 0.33778988425092726 0.010942301663450803
42 378 0.4197363672836891 0 0 0.009082644404950064 0.011020107933774297 0.010143733243853125 0.2229904212489148 0.05577790290695513 0.2185512798183565 0.006857578826518844
38 342 0.6254429755391304 0 0 0.014587599379864955 0.016645707105083552 0.02423411164072351 0.44146535053767033 0.10184574616909481 0.24237152603659867 0.007463553933527317
46 414 0.6020681748913508 0 0 0.012246179122427968 0.016207031876361373 0.013958442243226572 0.27804666358131147 0.0979187726374349 0.32643825655123004 0.010137818707588595
43 387 0.38460559374094205 0 0 0.008298657664833321 0.009945557238266248 0.00951943037165321 0.19790021377989836 0.04936487432354738 0.19768618771835814 0.006301269908421333
36 324 1.4387965712977722 0 0 0.04676144405113 0.04319677442088758 0.049993357739186894 0.7655278622372119 0.22979896322608373 0.9588053714554198 0.019732722589401525
39 351 0.5983976871415343 0 0 0.014166492309487346 0.015927619266619533 0.0224734815001272 0.4257566900433426 0.09434329267399479 0.23322856959746907 0.006975406127861474
44 396 0.34848283902892874 0 0 0.0075357189567461 0.009189905314656492 0.007865377209534534 0.1624223147617719 0.04461373885091374 0.18390203898278248 0.00573933000232475
47 423 0.5588199848446469 0 0 0.010559047940315428 0.014936451146755238 0.012202448700810007 0.2582887284191819 0.08999734190264354 0.30030798191242164 0.009528886341670796
40 360 0.6541964034620004 0 0 0.01577448508872485 0.01754375553149518 0.02335337883701398 0.4568255927844521 0.1022337548912586 0.2539965988616625 0.00821191613396544
45 405 0.3498811412059879 0 0 0.007269444613083119 0.009043873274871217 0.007854869049902829 0.15443380075054963 0.045903289992412846 0.1903302430528075 0.005974899214580969
48 432 0.5653839613013085 0 0 0.010697569937048073 0.01466016531946272 0.011805598011006809 0.26404857354189204 0.09561149444657994 0.3035978798694406 0.009642590050726627
37 333 1.4914209248631802 0 0 0.04999999999999999 0.044731808515321485 0.04839450487483708 0.7958071633454776 0.2384061475581169 0.9643316543106176 0.019809227454296433
46 414 0.38017462605006047 0 0 0.007809060239107813 0.009261898269417469 0.008446680757790273 0.1771925659513843 0.054216626744438896 0.2131325391997072 0.006435750002970519
41 369 0.6241249913699289 0 0 0.015447484219727749 0.015536690019056654 0.022253977081056798 0.41781539724298156 0.09941635303188978 0.2575268043002576 0.007705931920449696
49 441 0.513960908030265 0 0 0.009612359143400152 0.013121187045569525 0.009800641438205283 0.23489543754405212 0.0891965963712559 0.2779420104207329 0.008319603451258246
38 342 1.4946105880547946 0 0 0.05 0.04171187050358355 0.04452583603556305 0.8122925405509122 0.23351222906899116 0.9554376109752255 0.019992446411429606
47 423 0.3720947939038247 0 0 0.007564748009921577 0.009088875767299723 0.008091757083467528 0.16953163671499422 0.051778262013333264 0.20484512711540204 0.006144066441166781
50 450 0.4611738696922731 0 0 0.008470910868371286 0.0117739656923658 0.008813545902327769 0.20425545435790962 0.07651024399912734 0.23923008914643565 0.007422186900467149
42 378 0.6056041384735815 0 0 0.01465370999927798 0.014997512390080105 0.02088122033347834 0.38606788626917915 0.09122750519661212 0.25796017786762476 0.007363337310731694
48 432 0.38393960663056453 0 0 0.007808262317787521 0.009523668165119898 0.008153948956902435 0.16950067134616806 0.05692596307773897 0.2058481110298801 0.00658483329446557
51 459 0.431179065053711 0 0 0.007978325090981092 0.010557423629118788 0.008241539367711204 0.20000027207793297 0.06804389979462391 0.22070262874830868 0.006868641580991704
39 351 1.4059657532124283 0 0 0.04550009978613248 0.039419207661896286 0.03771421090020584 0.7711094182619571 0.22640499175467274 0.8959733199323213 0.018799574007145225
49 441 0.42503238102622104 0 0 0.008312678528755365 0.011325913619988458 0.008254004190437906 0.18890611165691268 0.06297088991241845 0.22155035282743343 0.008528868599077824
52 468 0.42202602841955705 0 0 0.007724424068806481 0.009532975055223348 0.008091844882194235 0.18956356370539013 0.06660687762507657 0.22420509867790633 0.006656304385829976
43 387 0.5554794087329132 0 0 0.012562895469244054 0.014210984860247666 0.019035726823163415 0.3427524681469888 0.0845484239658836 0.2312837047118683 0.0067130148685370875
50 450 0.41351948332431265 0 0 0.008080265815260865 0.0112266501917099 0.007935421947702343 0.1697992933999822 0.05685919593219719 0.21271655451912613 0.00839112667110878
53 477 0.39774045063302466 0 0 0.007250665438482263 0.008615627775875408 0.0075767421801602374 0.1802683200385988 0.06502417714023405 0.20975840843448307 0.006165342065713837
44 396 0.5045839113343629 0 0 0.01107080722024015 0.013221107142396995 0.016348432268786565 0.2919843737515767 0.07627424204058916 0.20992556275658275 0.006103540662764318
40 360 1.6324456853394016 0 0 0.04999999999999999 0.04514583561225697 0.04322119720057041 0.8332400781436945 0.25132741228718336 1.0262536001726656 0.021470571407021456
51 459 0.3856118796880963 0 0 0.0073177197642556886 0.010271172014543865 0.007218585247312541 0.16270991820898656 0.05163115686548691 0.19864150683827422 0.007836734389349615
54 486 0.35724897903066677 0 0 0.006568341731867252 0.007655774678256469 0.006699883782373388 0.15739184760052324 0.05870770243023403 0.18325361092683953 0.005390172233089266
52 468 0.3797580323493134 0 0 0.006948520232420349 0.009902549932115555 0.006854910536435198 0.16059144336172146 0.050910784489624744 0.20517268445042075 0.007855622566390434
45 405 0.47946723931555185 0 0 0.010443278474883277 0.012819800193121225 0.014661702379987445 0.2945280753757531 0.07408062439428356 0.20245219549841803 0.005564309137919325
55 495 0.35673137880707195 0 0 0.006760267592819971 0.007370955217655624 0.006582627665878241 0.15882456697408695 0.05953767983108376 0.18257709445672216 0.005131599096217718
41 369 1.7530115409717535 0 0 0.04999999999999999 0.05 0.046840060727572325 0.864906793468872 0.25132741228718336 1.0262536001726656 0.021739880265603903
53 477 0.35772423510329365 0 0 0.006499376494027945 0.009046104056594595 0.0065031951067568185 0.1397099295895246 0.04778921160009653 0.19955950382534418 0.007301079613259729
46 414 0.4634113812235238 0 0 0.010058529652401931 0.01221858871473735 0.013842298255829557 0.2723207732505565 0.07240981410833436 0.1951923442947601 0.005225666612646931
56 504 0.3592395311269508 0 0 0.006554271621422478 0.007436007821835837 0.007027138627724379 0.14838022795351713 0.06196070707150896 0.18970537148586394 0.005528122353791852
54 486 0.37805104772764636 0 0 0.006596858624959196 0.009482177617881555 0.006788044380237035 0.15402125626076477 0.051884669120008144 0.2178379892114412 0.007861500974860876
47 423 0.5093819322550006 0 0 0.010719105201216945 0.013600979255996236 0.014736249153310572 0.30261696324393256 0.08752897533244136 0.21338892367709997 0.005945922459411728
57 513 0.3279293478192087 0 0 0.006130792812352185 0.006699767722738725 0.006135682639176316 0.12853423521012966 0.0565519830034576 0.17789045984561633 0.004795418104504866
58 522 0.30355066843224987 0 0 0.005529124907535451 0.005993457749277759 0.005440819013908149 0.11827428590522165 0.052701739613112725 0.16515096581625804 0.00433146392816626
48 432 0.47780655029277613 0 0 0.0099355387080643 0.011730546915646642 0.013721545985034087 0.29197738386820343 0.08438724064426543 0.19992902237762053 0.005420810328065663
42 378 1.6295173488230692 0 0 0.04608722084475646 0.04527817033843307 0.04270442189946747 0.7405866693719944 0.23184928291085563 0.9585214664987379 0.019967289577026794
55 495 0.362515505343256 0 0 0.006407917801134759 0.009055221992753241 0.006054562984031293 0.1452984302722005 0.04817878905769943 0.20210028344059508 0.007309505640319899
59 531 0.29004479457023014 0 0 0.005292332061046896 0.00562885108718468 0.005092394764447313 0.11157109075843351 0.04924290092236749 0.1654683766513298 0.004261159627112103
49 441 0.45367631176369355 0 0 0.009237737719152867 0.010924213413545292 0.012180114502957529 0.2732645954199308 0.08161411546537395 0.19023365775196324 0.005059339873617245
56 504 0.3542788767201548 0 0 0.005989783177649725 0.008926032555188765 0.0055325733063899 0.1414047908003206 0.04568271561698992 0.2052597449891209 0.007173478737467926
60 540 0.28564181959206486 0 0 0.005135126591167893 0.0055562404015776804 0.005005372903573755 0.1127102985812998 0.048815028595787645 0.1614383939225041 0.0042588023791306955
50 450 0.4646285820583307 0 0 0.00945141948016217 0.011105829844948008 0.012050367985289152 0.2814423919628747 0.0890269527607029 0.19647245415232129 0.005066233941657198
43 387 1.549787240971034 0 0 0.04533467131372802 0.04171118285975207 0.0407612597413748 0.6951142581873025 0.21841012200242219 0.878647523594385 0.018615303080864266
61 549 0.27181871439444905 0 0 0.004746098987226378 0.00520847376256457 0.004583809491878248 0.10578945229165436 0.046038958208415304 0.1524235460203017 0.004129843596789599
57 513 0.32462427525028115 0 0 0.005390736201479982 0.007984131097981663 0.004916615175802378 0.12378723598822589 0.0418151932854059 0.19205815113510186 0.006430760952970376
51 459 0.5056961092349643 0 0 0.010092883546493861 0.012278734105192118 0.013108945629629816 0.2988711586063948 0.09928913886454666 0.21281053572430253 0.005392657478854473
62 558 0.2536873844144717 0 0 0.0042941484510429515 0.004759290103589769 0.004186238990276196 0.09867270117819665 0.0434666353919391 0.13967850487241518 0.003999431021578993
52 468 0.4964915336694217 0 0 0.009657521814627614 0.012166210183310492 0.012500689492777715 0.2928299165300077 0.0941553824236516 0.21742209547179 0.0051743901036927714
58 522 0.29959939358356846 0 0 0.005003506564219447 0.007637772739816438 0.004318181140674912 0.11269967023599199 0.03776289208685141 0.17657000527760014 0.005905291895564009
63 567 0.23444472066659075 0 0 0.003939174539917501 0.004155816120946938 0.0037768745936476076 0.09147913509070779 0.04067852189222862 0.12847088642698862 0.0037409585572037974
44 396 1.409167625425221 0 0 0.04136652685444375 0.037363764331162626 0.03719078288052613 0.6246733529868 0.19242447495776946 0.780365556767588 0.016572670875705933
53 477 0.4405280762186212 0 0 0.008390724070227885 0.010539440936744741 0.010614440005470707 0.2615396752496374 0.0832516421915899 0.1849560358461636 0.004549741093316624
64 576 0.20381445555295638 0 0 0.0031609892451101586 0.003605713507721231 0.002986661576470631 0.08068998815206259 0.036290578815088556 0.11017881426891572 0.0032199486690053514
59 531 0.2993568205527806 0 0 0.004890926890157311 0.007678798347883529 0.0043446800444876515 0.10995259850959695 0.03610061791478356 0.17677987126559402 0.006038709884839784
54 486 0.4526906465188904 0 0 0.009087306139579558 0.010553120802531608 0.010818093728261285 0.2563287470467094 0.08693222667612185 0.19938092740071583 0.00460861027871986
65 585 0.20872605759388482 0 0 0.0033454767760170714 0.0035854215899942497 0.0030269614738427015 0.08436467375235586 0.03697499658845868 0.11664644694572036 0.0033657195057034896
45 405 1.4199970528754011 0 0 0.04400603483061203 0.038497129677858066 0.03756417989479149 0.5849047989893494 0.20085861648958467 0.7637140392041941 0.01725584144683377
60 540 0.306662144530618 0 0 0.004827676453509124 0.007815515906944306 0.004340753550149561 0.11200329650699589 0.03869796063908763 0.19533109053100822 0.006461141651707252
55 495 0.4302752567906565 0 0 0.008645664710563706 0.009445549756615686 0.009551960611099674 0.2481000400513334 0.07939884815625947 0.18145211630638072 0.004430730247655473
66 594 0.18510148406463606 0 0 0.0029709486254694663 0.003158192779076013 0.002621579458820491 0.0739652723658285 0.030736252969764143 0.10217056629188964 0.00282167052671417
56 504 0.4271375623527276 0 0 0.00881003206279076 0.008812178323211167 0.0093600091313874 0.2332472941296451 0.07975907809428064 0.1866842904094264 0.004462944261081213
67 603 0.18113482156908306 0 0 0.0028702822075518364 0.0030721542141802557 0.002555883416970172 0.07327177272053834 0.03083207394019652 0.0994021745954124 0.0027343112360083796
67 603 0.18113482156908306 0 0 0.0028702822075518364 0.0030721542141802557 0.002555883416970172 0.07327177272053834 0.03083207394019652 0.0994021745954124 0.0027343112360083796
61 549 0.3064257562865161 0 0 0.004889200765752696 0.007645646905776585 0.004347192834288558 0.11644324783801016 0.03906240112232701 0.19473239964105696 0.006197588912574068
46 414 1.4713558673525216 0 0 0.04682784036591735 0.040646259001333715 0.038402281445508786 0.6314861093110028 0.21453946934870968 0.754699881402235 0.01854158490230154
57 513 0.389701105859781 0 0 0.008003699149776592 0.007466362442168753 0.008373606833598453 0.20709100793054666 0.07429689907508691 0.17088183161849252 0.004148324277408148
62 558 0.302737564673215 0 0 0.004681398824946677 0.007511890129237244 0.00415021781617913 0.11363418855561862 0.03832276384951969 0.18805219204836082 0.00606038774419115
47 423 1.4304916056025245 0 0 0.04459939914792196 0.03964814067975669 0.03760122628882993 0.6029933514238008 0.2145578613406259 0.7311032724768021 0.017631708836723433
58 522 0.3899950461826243 0 0 0.008203945069764336 0.00719866531788198 0.008479314587729957 0.19453997565187084 0.07438426169719742 0.17204964717143084 0.004311673081742835
63 567 0.3190090617137068 0 0 0.005164547384456713 0.007590350953589004 0.004291896038844181 0.1226526613271407 0.041486772746914154 0.1946796040907561 0.006282518928259461
59 531 0.35348842895870886 0 0 0.007502243077148402 0.006450947475783913 0.0074567902251836534 0.17383535835380498 0.06535483072013713 0.1456488987501512 0.003910645483312907
48 432 1.4189033715718802 0 0 0.041888827072318446 0.03902630936248691 0.037018472761788684 0.6063301919302488 0.21190212047237536 0.7100269136534231 0.017929451557043802
64 576 0.29346587969427046 0 0 0.00470311388334012 0.006882926781421126 0.00362874642971999 0.10450812319747736 0.03871972198847349 0.18008012943750396 0.005868002759503531
60 540 0.3315962746734626 0 0 0.007055515399278472 0.006206193622937892 0.006760809807316458 0.1657644180568578 0.0605626314629743 0.1359584852227399 0.0035110047754337895
61 549 0.32376738375792924 0 0 0.00685518769319198 0.005953676797274131 0.006515628737350735 0.15922725410405672 0.0578631049985621 0.13122298783776562 0.0034044735721843124
65 585 0.26763119311779987 0 0 0.004240530081788052 0.006053135499079311 0.0031172528417646936 0.09859279398434687 0.0351736322437015 0.16346466402776175 0.00552216817233685
49 441 1.3370472334574839 0 0 0.04036921871187404 0.03809268842229434 0.033201074577109704 0.5564851818893265 0.20163194633627823 0.6631083999150584 0.016815997559314403
62 558 0.32464785242446104 0 0 0.006817741392476569 0.005765873793533468 0.006130026458453294 0.15824273732044603 0.05798481073329331 0.14350512144680314 0.003400561800609202
66 594 0.26241098995669376 0 0 0.004309124998569144 0.005808108798021377 0.002907418397195768 0.09777734805706595 0.03289771650480846 0.15490229949260947 0.005331015193765649
50 450 1.2109162623539844 0 0 0.03422651911900924 0.03376478951208922 0.029722203075436944 0.5171401933233325 0.17619259385898947 0.6054672783589631 0.014862796930941074
63 567 0.2855241952869358 0 0 0.006071585575027161 0.004846133575474208 0.005264747455164319 0.13147841377309558 0.051263434334893776 0.12634188882920772 0.003009193235107529
67 603 0.24674345892912933 0 0 0.004048856712541193 0.005475142661296301 0.0026873600026286622 0.08416391851713183 0.031109529302421775 0.14602627865078177 0.004878183219709912
67 603 0.24674345892912933 0 0 0.004048856712541193 0.005475142661296301 0.0026873600026286622 0.08416391851713183 0.031109529302421775 0.14602627865078177 0.004878183219709912
64 576 0.2572442916068891 0 0 0.005459901341234631 0.004429697862781078 0.004294282413493204 0.11768039691863218 0.04716189733959991 0.11035493904798728 0.0027554655783934424
51 459 1.2554955550869504 0 0 0.0345927390277949 0.03560522723178337 0.029825837661891934 0.5154550614433767 0.1895502480505334 0.609128364069331 0.015276742265479868
65 585 0.2277937544887515 0 0 0.004815586876099039 0.0038626518134359028 0.0035709294546144126 0.09869071551571233 0.04144165206277973 0.09643203787533167 0.002421406852543014
66 594 0.22779654754832554 0 0 0.004766025616058336 0.0036744871857338915 0.003581991973076322 0.09788388962080798 0.04169879040093525 0.09723864536032903 0.0023753724257369866
52 468 1.1248839643321034 0 0 0.029961746551733153 0.03105352403752936 0.026204022693541308 0.4542299869649794 0.16741145575411648 0.5510369938634585 0.013685149660759614
67 603 0.21961785256306549 0 0 0.004354440589930673 0.0035253143863556583 0.003323321047380541 0.0937891184371638 0.04136408734503917 0.09462398273108309 0.0022659364602418317
67 603 0.21961785256306549 0 0 0.004354440589930673 0.0035253143863556583 0.003323321047380541 0.0937891184371638 0.04136408734503917 0.09462398273108309 0.0022659364602418317
53 477 0.9189979913384402 0 0 0.024175320836833797 0.024452095549161494 0.021321502440015443 0.36722954926017926 0.14040739550562178 0.4275269993342778 0.011289339800751488
54 486 0.864575855677314 0 0 0.021661074414956048 0.023129059293431575 0.020420783044584577 0.3365481321458718 0.12962724882270496 0.40140648653550043 0.010446451495415607
55 495 0.938386532144115 0 0 0.022574842511698532 0.024347193984857664 0.021735842550424128 0.36745338985041825 0.13574841061426526 0.432003808505662 0.011527615870719508
56 504 1.018107371582691 0 0 0.024170107222180447 0.02618771775015559 0.023206053158987917 0.3715689417396763 0.1432318773913547 0.4813066570379649 0.012443658213433696
57 513 1.0079561763995055 0 0 0.023586586913712636 0.026092341536147506 0.02168609803288773 0.35624832849591226 0.14202264239502713 0.4553750693036163 0.01234532975435548
58 522 0.9823002630566823 0 0 0.022169604042993354 0.02528889023776451 0.020321934422797044 0.3327810716676017 0.13889390641468996 0.4306245956516638 0.012247011013196276
59 531 0.8647541348258057 0 0 0.018900739018218298 0.021812928860217396 0.01767372666836027 0.2701697689766883 0.12013989922024135 0.3719614798886783 0.01064878767773611
60 540 0.8024197338476213 0 0 0.017091284897136676 0.02026429838738843 0.016036363124356554 0.24563135825361868 0.11014069156069402 0.33902908737860543 0.010516011181264393
61 549 0.839394014972833 0 0 0.017564989600784845 0.022913884370814146 0.016349865504381098 0.2572640674699713 0.1125666081775256 0.35640547224337954 0.010857193182697752
62 558 0.8458830935890458 0 0 0.017623791892277918 0.02265607744786445 0.015450952765614982 0.27096356817817113 0.11396155753026939 0.36489632011577444 0.010885027198013418
63 567 0.8543370321383775 0 0 0.016922744754946456 0.022929817323037418 0.015383799273197624 0.27459294608275053 0.11791905579487628 0.3636414545943646 0.011052671717507364
64 576 0.8182763514890325 0 0 0.015890098395635877 0.022557822612656514 0.01400855475497842 0.2600295669883025 0.11239484458837848 0.33296525863573556 0.010580115854573895
65 585 0.73330373706719 0 0 0.013943643440806053 0.020164475785159335 0.01137650823792627 0.23279078304512757 0.10426968495400886 0.28961948141219973 0.009324333196515776
66 594 0.7248594984507443 0 0 0.013863707221848248 0.019620143152962836 0.011009905842907203 0.21584591226904362 0.09633012875692505 0.27625163821506094 0.009675687928209397
67 603 0.7081077302266787 0 0 0.013031938607717196 0.018824890525180556 0.010393982962672509 0.20362935170704205 0.09588130638304528 0.2675199495997008 0.009786632683307744
67 603 0.7081077302266787 0 0 0.013031938607717196 0.018824890525180556 0.010393982962672509 0.20362935170704205 0.09588130638304528 0.2675199495997008 0.009786632683307744
