% # columns="iteration, evaluation, void, void, void, xmean", seed=2567, Fri Aug 28 18:28:04 2026, <python>{}</python> # scaling_of_variables: 1, typical_x: 0
1 9 0 0 0 0.4486798644228997 0.011583246439807595 0.12071488158743218 -0.9640260454045447 -0.11677519162340762 0.05196965985161189 0.058900864566966776
1 9 0 0 0 0.45735925437651304 0.0856173133106162 0.12071488624404504 -0.9640260454045447 -0.11677519162340762 0.05196965985161189 0.058900864566966776
1 9 0 0 0 0.35090848805151603 -0.0804453397541116 0.12071487972478703 -0.9640260454045447 -0.11677519162340762 0.05196965985161189 0.058900864566966776
2 18 0 0 0 0.42902056734907235 0.09275179564120872 0.07344200723999657 -1.4455041041941783 -0.06443902248645277 0.11288292160996209 0.06046685312736973
2 18 0 0 0 0.4203411773954589 0.018717728770399924 0.07344200258338376 -1.4455041041941716 -0.06443902248645329 0.11288292160996147 0.060466853127369796
2 18 0 0 0 0.32256980102407523 -0.07331085742351937 0.07344200072073842 -1.4455041041941799 -0.06443902248645313 0.1128829216099626 0.06046685312736978
2 18 0 0 0 0.4441484050070005 0.06796508490207324 0.07344200444602897 -1.4455041041941559 -0.06443902248645417 0.11288292160996037 0.06046685312736969
3 27 0 0 0 0.4370498318044194 0.11001473656810462 0.11036644132133264 -2.153638875836173 -0.038589379034748655 0.5286149649159875 0.07161204145403362
3 27 0 0 0 0.42837044185080597 0.03598066969729597 0.11036643666471957 -2.153638875836173 -0.03858937903474882 0.5286149649159873 0.07161204145403362
3 27 0 0 0 0.4521776694623474 0.08522802582897025 0.11036643852736487 -2.1536388758361387 -0.03858937903474888 0.528614964915991 0.07161204145403322
3 27 0 0 0 0.3305990654794223 -0.056047916496623676 0.11036643480207443 -2.1536388758361875 -0.03858937903474893 0.5286149649159843 0.07161204145403373
4 36 0 0 0 0.4259536144908711 0.0751611415017325 0.1368796266919158 -3.3000548265416545 -0.14713000279580754 0.6074171000501157 0.07492566473014152
4 36 0 0 0 0.4346330044444845 0.14919520837254122 0.13687963134852982 -3.3000548265416296 -0.14713000279580876 0.6074171000501152 0.07492566473014167
4 36 0 0 0 0.3281822381194875 -0.01686744469218707 0.13687962482927093 -3.300054826541671 -0.14713000279580668 0.6074171000501176 0.07492566473014162
4 36 0 0 0 0.4497608421024125 0.12440849763340636 0.13687962855456137 -3.300054826541618 -0.14713000279581176 0.6074171000501025 0.07492566473014119
5 45 0 0 0 0.42290054708020325 0.061318337548327495 0.05036549985380863 -2.409142715202114 -0.29998383866930245 1.2546639874640397 0.05975524919297941
5 45 0 0 0 0.4315799370338161 0.13535240441913637 0.050365504510424236 -2.409142715202048 -0.29998383866930717 1.2546639874640348 0.059755249192979726
6 54 0 0 0 0.4551482071287669 0.05314811363469988 0.02422442066322063 -3.368775510557872 -0.2807938022499431 0.8872987223807257 0.06009326078931515
5 45 0 0 0 0.3251291707088195 -0.03071024864559182 0.05036549799116497 -2.409142715202102 -0.29998383866930206 1.2546639874640486 0.059755249192979566
5 45 0 0 0 0.4467077746917444 0.11056569368000128 0.050365501716456006 -2.409142715202031 -0.29998383866931333 1.2546639874640093 0.05975524919297928
6 54 0 0 0 0.4638275970823805 0.12718218050550992 0.02422442531983674 -3.3687755105577892 -0.2807938022499499 0.8872987223807244 0.06009326078931497
7 63 0 0 0 0.43087514655933157 0.05311792200112779 0.02915169623147152 -3.7563693987615876 -0.12336352356702633 1.4175549576988755 0.0552042308479132
6 54 0 0 0 0.35737683075738363 -0.038880472559219094 0.024224418800577217 -3.3687755105578523 -0.28079380224994466 0.8872987223807364 0.060093260789314984
6 54 0 0 0 0.4789554347403083 0.1023954697663737 0.024224422525867557 -3.368775510557801 -0.28079380224995176 0.8872987223807179 0.06009326078931484
7 63 0 0 0 0.4395545365129458 0.1271519888719385 0.029151700888086683 -3.75636939876152 -0.12336352356703385 1.4175549576988762 0.05520423084791259
8 72 0 0 0 0.44579834850107575 0.006256258926374309 0.03673021350520041 -2.9444694783570537 -0.1887091836391624 1.2089681281091649 0.03378334935940804
7 63 0 0 0 0.4546823741708727 0.1023652781328038 0.0291516980941176 -3.756369398761483 -0.1233635235670374 1.4175549576988642 0.055204230847912095
7 63 0 0 0 0.33310377018794834 -0.038910664192791516 0.02915169436882793 -3.756369398761575 -0.12336352356702779 1.417554957698887 0.05520423084791312
8 72 0 0 0 0.45447773845468986 0.08029032579718527 0.03673021816181646 -2.944469478356971 -0.18870918363917058 1.2089681281091647 0.033783349359407536
9 81 0 0 0 0.4516783054514551 -0.013365694215102706 0.03948340422914101 -2.8159945798685015 -0.48110504637330426 1.328675365654629 0.012791300387187222
8 72 0 0 0 0.46960557611261694 0.055503615058049204 0.03673021536784711 -2.9444694783569574 -0.18870918363917244 1.2089681281091627 0.033783349359407466
8 72 0 0 0 0.3480269721296925 -0.08577232726754469 0.03673021164255748 -2.9444694783570173 -0.18870918363916483 1.208968128109182 0.03378334935940793
9 81 0 0 0 0.4603576954050686 0.060668372655708236 0.039483408885759304 -2.8159945798683688 -0.4811050463733147 1.3286753656546255 0.012791300387187116
10 90 0 0 0 0.46676249886194976 0.013238718499504164 0.045140131634888656 -3.5982613387477183 -0.596903635207153 0.22952917134887343 0.03849330348942757
9 81 0 0 0 0.47548553306299585 0.035881661916570134 0.03948340609178871 -2.8159945798683963 -0.48110504637331697 1.3286753656546286 0.01279130038718743
9 81 0 0 0 0.3539069290800715 -0.1053942804090212 0.03948340236649858 -2.8159945798684336 -0.4811050463733061 1.3286753656546673 0.012791300387186974
10 90 0 0 0 0.47544188881556326 0.0872727853703142 0.04514013629150691 -3.598261338747606 -0.5969036352071608 0.22952917134887232 0.038493303489427616
11 99 0 0 0 0.4671234270877835 0.0504817031117875 0.06511540360012978 -6.390507830568086 -0.6548530105295232 0.9033515530430901 0.054086530405921165
10 90 0 0 0 0.4905697264734915 0.062486074631174525 0.04514013349753582 -3.5982613387476907 -0.5969036352071612 0.229529171348887 0.03849330348942836
10 90 0 0 0 0.36899112249056654 -0.07878986769441396 0.04514012977224486 -3.5982613387476765 -0.5969036352071566 0.22952917134890105 0.03849330348942687
11 99 0 0 0 0.47580281704139815 0.12451576998259878 0.06511540825674797 -6.390507830567953 -0.6548530105295319 0.9033515530430917 0.05408653040592073
12 108 0 0 0 0.4624807180763119 0.09966324601770644 0.09477510399132116 -8.959442409955734 -0.6637285542203429 1.6036382109417877 0.07311145692069933
11 99 0 0 0 0.4909306546993252 0.09972905924345962 0.06511540546277655 -6.390507830568037 -0.6548530105295299 0.9033515530431164 0.054086530405921485
11 99 0 0 0 0.3693520507164005 -0.04154688308213058 0.06511540173748596 -6.390507830568052 -0.6548530105295269 0.9033515530431142 0.05408653040592044
12 108 0 0 0 0.4711601080299276 0.1736973128885186 0.09477510864793887 -8.959442409955583 -0.6637285542203518 1.6036382109417904 0.07311145692069859
13 117 0 0 0 0.45590300769858566 0.10138768497718638 0.09655194532259045 -9.070597897020432 -0.5736203183040726 2.5336939028059344 0.07865953511617611
12 108 0 0 0 0.4862879456878536 0.14891060214937998 0.09477510585396752 -8.95944240995566 -0.6637285542203485 1.603638210941816 0.07311145692069917
12 108 0 0 0 0.36470934170492914 0.0076346598237884014 0.09477510212867724 -8.95944240995572 -0.6637285542203456 1.6036382109418044 0.07311145692069858
13 117 0 0 0 0.46458239765220183 0.17542175184799877 0.096551949979207 -9.070597897020294 -0.5736203183040813 2.5336939028059393 0.07865953511617522
14 126 0 0 0 0.4312424612917343 0.05918896978819127 0.08209497825643379 -8.98040531495418 -0.3274808285206872 1.3534657122500708 0.09459489937818273
13 117 0 0 0 0.4797102353101271 0.1506350411088619 0.09655194718523635 -9.070597897020328 -0.5736203183040769 2.5336939028059753 0.07865953511617549
13 117 0 0 0 0.35813163132720294 0.00935909878326792 0.09655194345994673 -9.070597897020429 -0.5736203183040741 2.5336939028059406 0.07865953511617563
15 135 0 0 0 0.41333045364108184 0.031124008731597316 0.13625613688646812 -9.66480246057437 -0.3445389314295756 1.8668143778610191 0.09638284741362002
14 126 0 0 0 0.43992185124535266 0.1332230366590032 0.08209498291304544 -8.980405314954178 -0.3274808285206884 1.3534657122500904 0.09459489937818141
14 126 0 0 0 0.4550496889032775 0.10843632591986707 0.08209498011907691 -8.980405314954151 -0.32748082852067895 1.353465712250155 0.09459489937818216
14 126 0 0 0 0.33347108492035293 -0.03283961640572765 0.08209497639378728 -8.980405314954231 -0.32748082852069016 1.3534657122500553 0.0945948993781819
16 144 0 0 0 0.45482943700440887 0.03826670956521593 0.11669375158728938 -9.708237349484138 -0.6687083965149825 1.862119153119731 0.07394515952246782
15 135 0 0 0 0.42200984359470134 0.10515807560240943 0.13625614154307716 -9.66480246057442 -0.3445389314295734 1.8668143778610466 0.09638284741361845
15 135 0 0 0 0.4371376812526252 0.08037136486327419 0.13625613874910977 -9.664802460574352 -0.3445389314295593 1.8668143778611423 0.09638284741361933
15 135 0 0 0 0.31555907726970106 -0.0609045774623217 0.1362561350238225 -9.664802460574428 -0.34453893142957814 1.8668143778609998 0.0963828474136192
17 153 0 0 0 0.4754813870838749 0.057093215240299915 0.11783915070585474 -10.029061829011084 -0.6668624842930048 2.0841503867469378 0.0910313479762947
16 144 0 0 0 0.463508826958027 0.11230077643602857 0.11669375624390355 -9.708237349484083 -0.668708396514985 1.8621191531197472 0.07394515952246646
16 144 0 0 0 0.4786366646159511 0.08751406569689067 0.11669375344993294 -9.708237349484099 -0.6687083965149724 1.862119153119833 0.07394515952246755
18 162 0 0 0 0.49246553089647715 0.07060511299233081 0.10224179399902786 -10.015136742684284 -0.5883024118946724 1.458704812648312 0.0918673266625298
16 144 0 0 0 0.35705806063302686 -0.05376187662870236 0.11669374972464407 -9.708237349484152 -0.6687083965149861 1.8621191531197365 0.07394515952246679
19 171 0 0 0 0.4948041368125128 0.06331406804386391 0.07645387620518493 -10.678380924452538 -0.43662661272331615 1.2872873860636849 0.09199832153436634
17 153 0 0 0 0.4841607770374935 0.13112728211111235 0.11783915536246821 -10.02906182901104 -0.6668624842930059 2.0841503867469533 0.0910313479762934
17 153 0 0 0 0.49928861469541763 0.10634057137197517 0.11783915256849826 -10.029061829011056 -0.6668624842929909 2.0841503867470466 0.09103134797629431
17 153 0 0 0 0.37771001071249366 -0.03493537095361831 0.11783914884320881 -10.02906182901112 -0.6668624842930071 2.0841503867469275 0.09103134797629366
20 180 0 0 0 0.4767844008652509 0.04115012213946458 0.0650051496670887 -9.600205896705427 -0.5115878804936834 1.391316493802652 0.06999062332276984
18 162 0 0 0 0.5011449208500954 0.14463917986314345 0.10224179865564086 -10.015136742684223 -0.5883024118946759 1.4587048126483222 0.09186732666252848
18 162 0 0 0 0.5162727585080198 0.11985246912400559 0.10224179586167002 -10.015136742684264 -0.5883024118946626 1.458704812648403 0.09186732666252935
18 162 0 0 0 0.3946941545250951 -0.02142347320158744 0.1022417921363784 -10.015136742684325 -0.5883024118946767 1.4587048126482933 0.09186732666252861
21 189 0 0 0 0.49233022324351916 0.053130826299088975 0.07898259810313503 -9.112954916839024 -0.45490257238382137 1.1946493363215243 0.0854295164519469
19 171 0 0 0 0.5034835267661322 0.1373481349146775 0.07645388086179591 -10.678380924452494 -0.43662661272332143 1.2872873860636984 0.09199832153436449
22 198 0 0 0 0.48915230833773826 0.04861519427450551 0.07563421364867672 -9.22241811971932 -0.3601801395541366 1.5816319120770286 0.09322852683328865
19 171 0 0 0 0.3970327604411306 -0.028714518150054505 0.07645387434253352 -10.678380924452583 -0.43662661272332187 1.287287386063661 0.09199832153436498
19 171 0 0 0 0.5186113644240552 0.11256142417553977 0.07645387806782422 -10.67838092445252 -0.436626612723307 1.2872873860637868 0.09199832153436542
20 180 0 0 0 0.48546379081886903 0.11518418901027798 0.0650051543237015 -9.600205896705358 -0.5115878804936902 1.3913164938026648 0.06999062332276809
23 207 0 0 0 0.49940711420563894 0.07008748371693671 0.04559496333763138 -9.202324859729718 -0.4157759247280556 1.6788754659684917 0.09141813877698786
20 180 0 0 0 0.3790130244938681 -0.05087846405445378 0.06500514780443963 -9.600205896705441 -0.5115878804936892 1.3913164938026512 0.0699906233227686
20 180 0 0 0 0.49781646176563743 0.08795553296615158 0.09376181197248099 -9.698566509616892 -0.4643064558059043 1.1328322719724193 0.07062193336533841
24 216 0 0 0 0.5142757973260954 0.07647761924943848 0.03273937430452993 -9.836859427134502 -0.39336210265261246 1.789728217054082 0.09759916544910056
21 189 0 0 0 0.5010096131971372 0.12716489316990168 0.07898260275974706 -9.112954916838975 -0.454902572383826 1.194649336321535 0.0854295164519454
25 225 0 0 0 0.5106090041450503 0.07252994414168654 0.0517089385399284 -9.285981000630551 -0.2493374613051835 1.9394743315076617 0.09696959722986305
21 189 0 0 0 0.3757854417417211 -0.04872298190353476 0.09016580118528736 -9.474174070412777 -0.41875269795506803 1.705666588072966 0.07988898662651375
21 189 0 0 0 0.5116251101784162 0.1073534542762596 0.11066275087256566 -9.148753692634141 -0.4073531577354471 0.9072474362331204 0.08814019219119573
22 198 0 0 0 0.49783169829135715 0.12264926114531836 0.07563421830528727 -9.222418119719299 -0.36018013955413997 1.5816319120770428 0.093228526833287
26 234 0 0 0 0.5011954731242949 0.08915854099533527 0.036379914068245436 -9.713996761184426 -0.2658770610480549 2.0808744862770348 0.09705466636132253
22 198 0 0 0 0.3780507537780043 -0.04710155375252449 0.1401800880842421 -9.679378334701637 -0.6178796630857105 1.8764646663406663 0.08172024997423026
23 207 0 0 0 0.508086504159257 0.14412155058774964 0.04559496799424376 -9.202324859729655 -0.4157759247280612 1.6788754659685001 0.09141813877698633
22 198 0 0 0 0.5198201840849438 0.10608616446277316 0.14030645864702723 -10.083285275288537 -0.36255896637371327 1.226343606846653 0.09643061296663047
27 243 0 0 0 0.511276747056087 0.07678432646211268 0.025491063170216578 -9.736734850563298 -0.27158069420804126 1.6017791967566335 0.09944564757737798
24 216 0 0 0 0.5229551872797141 0.15051168612025193 0.03273937896114132 -9.83685942713444 -0.39336210265261856 1.7897282170540896 0.09759916544909886
23 207 0 0 0 0.3718400846865046 -0.031430118291008564 0.07709840095965764 -9.528784820084617 -0.47187821003761266 1.4111005445037794 0.08378684776821047
28 252 0 0 0 0.5140255122951473 0.07711922895885202 0.029687574614864383 -9.64004735479482 -0.4286687778069716 1.626028489621053 0.09503909380866472
23 207 0 0 0 0.5359271609281232 0.11491188555825933 0.12540110577549518 -10.196443502367492 -0.42049159751849363 0.6745971213177459 0.11356733239171418
25 225 0 0 0 0.5192883940986691 0.14656401101249994 0.05170894319653846 -9.2859810006305 -0.24933746130519 1.939474331507669 0.09696959722986129
29 261 0 0 0 0.5039682946395333 0.0782426997890672 0.02197549277933856 -9.482565972088738 -0.48776474218743765 1.6127517623800167 0.09022588691565454
24 216 0 0 0 0.36996178449112854 -0.03037431886671298 0.08041847352040013 -9.870242926540335 -0.5081695952478307 1.7999424811835778 0.08166280006363023
26 234 0 0 0 0.5093484434198237 0.16053141155938289 0.037247825643849625 -9.635774272712416 -0.241740008593988 2.016502158602106 0.09504331361572062
30 270 0 0 0 0.4926947302482389 0.07255818026623986 0.036719897659013644 -9.318932697040571 -0.536198687711313 1.6363002524538308 0.08258989373716
24 216 0 0 0 0.5436777783313517 0.10127451357679688 0.09892063860320413 -9.469533113911503 -0.46396662059521765 0.20998466209916436 0.11212174786860488
25 225 0 0 0 0.35725827322024867 -0.03635690671752325 0.04856337101774891 -9.488285838146535 -0.3085215730793857 1.5218708982130587 0.08101180541875709
27 243 0 0 0 0.5130908915393632 0.15345959545982482 0.027084359414348086 -9.702154729241327 -0.4345264302830841 1.3481077689270207 0.09105381583382342
31 279 0 0 0 0.5148385991426893 0.06765822011833646 0.017327194895590873 -9.5530258523744 -0.5838516929578857 1.6097069413316272 0.08754831196165593
25 225 0 0 0 0.5429897010266235 0.0637221578786167 0.07660464129383585 -9.098480330023916 -0.35578965437500865 0.04067246454627109 0.10512209007739517
26 234 0 0 0 0.3496053652911946 -0.05739413089375232 0.04699263599875612 -9.129633114452355 -0.29258138693810987 1.532887296493728 0.07451454589685262
32 288 0 0 0 0.517409221326511 0.052266942715534635 0.027614238342612736 -9.641088972164468 -0.5912346461066594 1.6310115867797497 0.0721789207034982
28 252 0 0 0 0.5156266758142583 0.15987610554133763 0.038608914323948425 -9.951337933969645 -0.39853846441892493 1.7988410985243928 0.09269087207664067
29 261 0 0 0 0.5114101952672602 0.15973598422699048 0.030945922805308595 -10.078310397572006 -0.3571228509070112 2.0572535486387804 0.0893276457327948
27 243 0 0 0 0.35434106908233015 -0.06429669507240841 0.057258127413811095 -9.047181665779966 -0.36642353518348136 1.4988947408974795 0.07303197337698902
33 297 0 0 0 0.5154162521738371 0.041203310681987966 0.0145137903961216 -9.882590717602952 -0.47474548656717935 1.1758257488256634 0.07199431063415664
26 234 0 0 0 0.5280555492884861 0.060296524665647035 0.06464901523310251 -9.433218246007687 -0.3243215478370509 0.08902530507760929 0.10159587718590442
30 270 0 0 0 0.5241721226576288 0.1620201106505597 0.027519056967390276 -9.598584016373602 -0.28213418728128387 1.707798181522525 0.09445203777282077
28 252 0 0 0 0.3642621243304759 -0.07167854051061547 0.06461800316949533 -9.633765324039013 -0.4112182082657672 1.3064196586834775 0.08141286299868836
34 306 0 0 0 0.5136717553519767 0.046535176831153345 0.026907580208069805 -9.672262125827302 -0.5851857128875936 1.193309252370728 0.07228331255741498
27 243 0 0 0 0.5331421708972668 0.05440004902142664 0.06543063121808838 -9.536133023308597 -0.35222498980396366 -0.22388697735493565 0.10889282322148769
35 315 0 0 0 0.495452080483257 0.03657430245243579 0.012325759878621174 -9.80679137660169 -0.4369405103694127 1.4083722561489966 0.07935153694292661
31 279 0 0 0 0.52780735656757 0.15823300700105358 0.011518143283537941 -9.824552275973266 -0.36275844335552704 1.647632180792601 0.10032379206417473
29 261 0 0 0 0.38792011418760897 -0.07182032398328102 0.04733113285783413 -10.501080534060064 -0.4431724924719921 1.284176587399348 0.08239404052859693
28 252 0 0 0 0.507038786138586 0.02324043872853332 0.05879275178564079 -9.910118580403566 -0.33789502349777595 -0.5130793409316166 0.11680192739726385
36 324 0 0 0 0.49248170639470107 0.02715512585022701 0.03022204753050133 -9.786738190626071 -0.48797078599711063 1.4632476623376822 0.07176930061999687
32 288 0 0 0 0.5173661271122423 0.15555121101001057 0.03280375467702698 -9.590602531175225 -0.38139428983261087 1.75879628252435 0.098604616492512
30 270 0 0 0 0.3747248684146289 -0.07485729501094528 0.04984082421715129 -10.126912920608012 -0.4128483145629066 1.3781966987027692 0.08218970884196464
33 297 0 0 0 0.5191747636169919 0.14933190563155094 0.017342615339796728 -9.808008773691773 -0.3913516953471523 1.50237213135273 0.10819315691917017
37 333 0 0 0 0.49474992576311383 0.033402329875289176 0.008103150749729893 -9.891473075631449 -0.5370464143218668 1.347199441862723 0.07110126518946251
29 261 0 0 0 0.5111382908918368 0.011763725850553955 0.02299112595309382 -9.815686445883335 -0.4153182039240498 -0.8350042971683825 0.1263613097546939
31 279 0 0 0 0.39348470487564624 -0.08151186902849793 0.029864745796876896 -10.226777486600497 -0.3816305614183013 1.2798069260321812 0.07929044355233704
34 306 0 0 0 0.5221956215825821 0.1544133369532666 0.017402221872889763 -9.809460708226224 -0.4079440895323209 1.530762267198143 0.10592381460438349
38 342 0 0 0 0.4946914618409082 0.015309782819096042 0.02342850657062879 -9.80427179139929 -0.5108795117032648 1.0391979934723066 0.06004799217788707
30 270 0 0 0 0.4944750416292828 -0.02631106421362762 0.033846113124374286 -9.736998263688625 -0.29781832016086873 -1.562719017315751 0.12896443273336994
32 288 0 0 0 0.39646852633457874 -0.07715117973125912 0.04499652306317779 -9.756065126515196 -0.3453564522044805 0.8538502471487742 0.0858245666471348
35 315 0 0 0 0.5147335132682768 0.1371875957817716 0.01347960137951566 -9.538474999168997 -0.3474351568122273 1.5473657482723449 0.10978533610279533
39 351 0 0 0 0.4921159800165368 0.001707674989156942 0.026421160764184333 -10.001802374378647 -0.4959066373939617 0.8255722541928768 0.05219848267178517
31 279 0 0 0 0.5342994355744616 -0.009297847524436091 0.08560882296788483 -10.491130631827922 -0.5900511617055905 -1.6992663341154914 0.12679694394957347
36 324 0 0 0 0.5036789359822074 0.12393876891505538 0.014560681940734871 -9.899785821343555 -0.36195865846223174 1.5584972901909344 0.11631454690876208
33 297 0 0 0 0.3960341258637078 -0.05880352069103118 0.033741423122738146 -9.995744033273542 -0.4382429021610141 0.8139134837464312 0.08340079247260261
40 360 0 0 0 0.4849220180949369 0.0028464118176151987 0.03729358228713605 -10.26309661655467 -0.503529372191174 0.8952471405264277 0.04207881089301623
37 333 0 0 0 0.49829093920154116 0.11505594948342594 0.012344422320783763 -9.882919481898744 -0.3871465493443768 1.3819458360627062 0.12219793792692403
32 288 0 0 0 0.5633831211120387 6.803689738390256e-05 0.061201465881254864 -9.276570284938371 -0.7012561775314874 -1.3391817567628406 0.11606424593249223
34 306 0 0 0 0.39509264759829604 -0.07002208848759921 0.029560644622569746 -9.7393421395283 -0.5186402413621759 0.9365692618109265 0.08443477753438956
41 369 0 0 0 0.48540363121855906 0.0271771314552188 0.025838415169721563 -10.366407920135549 -0.5025914715198336 1.2068820524259174 0.04518694346092829
38 342 0 0 0 0.49498793177448025 0.11254536697435978 0.024771400597867314 -9.875995030254805 -0.37208278481257884 1.3504621487828208 0.1283248757894675
42 378 0 0 0 0.48831454123208695 0.033218989767534284 0.029019646857922535 -10.289319098282236 -0.5033941013753623 1.4382360083208015 0.04663470043035148
33 297 0 0 0 0.5553585881231226 0.0021222957723378262 0.03512521040378168 -9.675208331788886 -0.6769571934095442 -1.7761170688514774 0.1372491513149885
35 315 0 0 0 0.4064303079910161 -0.07476806929945445 0.009970338488925335 -9.853517357034475 -0.6115110599460969 0.8784980311825513 0.07771906531013961
39 351 0 0 0 0.5050786826381786 0.11932458442151736 0.027320083734336156 -9.657173253460202 -0.33531948852513493 1.4855189211391564 0.12185957436160977
43 387 0 0 0 0.48353812179057143 0.01824791586387343 0.026176509410126992 -10.481983449251738 -0.46120794820447886 1.5852190412095608 0.047373771061446295
36 324 0 0 0 0.39506216616087914 -0.06869006243612961 0.026482069477167604 -9.777961517882456 -0.6073489145501451 0.8244344328441494 0.0764654599391584
34 306 0 0 0 0.6113045719899696 0.004600060875611207 0.03223267507037704 -10.02710237884186 -0.7883808125877936 -2.3065294574877453 0.1544802271585838
40 360 0 0 0 0.5036230641924845 0.12724189527129606 0.01720581297977587 -9.774685282541427 -0.3022391122281802 1.5591048011685418 0.11929816316011578
44 396 0 0 0 0.47259579879930547 0.021682193329463084 0.02587618228959882 -10.606460543090192 -0.40234486373261547 1.889095138134904 0.04848713768524752
41 369 0 0 0 0.4992863387069894 0.11551025345885643 0.017412865948508386 -9.952052076507535 -0.3433149043737393 1.537562577435179 0.12018227581496373
37 333 0 0 0 0.3991183977203877 -0.07421269399266531 0.042717782259118736 -9.966316951076028 -0.5310355734390456 0.864372072136453 0.07235333198839489
35 315 0 0 0 0.6000862104757058 -0.017158094677907316 0.035809720989699347 -10.084320712071124 -0.7534287204926421 -2.374849877008716 0.14991223013997973
45 405 0 0 0 0.4799957457939149 0.03452556674802991 0.024105426160986078 -10.254003839560822 -0.47486218306840966 1.9399198685485037 0.05477144204396202
42 378 0 0 0 0.50210955327072 0.11629143813498426 0.019457498377325192 -10.044970604410537 -0.32029899155040203 1.5009916242051056 0.12150144923368854
38 342 0 0 0 0.39807355355349716 -0.0850681463305659 0.011691643925468951 -9.859321113700766 -0.4628622960398812 0.769355871247135 0.06939586465752735
46 414 0 0 0 0.4876845493282247 0.015294116118927453 0.03470969949517583 -10.361249132164655 -0.4730362127717633 1.4515109926985983 0.04448421446146532
43 387 0 0 0 0.49575325041002305 0.10829905344051659 0.014467927093238547 -10.05532176750305 -0.335428611653297 1.4959389125608078 0.12252487826163118
36 324 0 0 0 0.6347030868486434 -0.001233160798275596 0.05457963283912465 -10.420591784036661 -0.644454790729465 -2.824848565136095 0.140772415330415
39 351 0 0 0 0.4031084061272653 -0.08776778838151711 0.02432966251074989 -10.144947282804047 -0.5354310491940839 0.6847202324145002 0.06682226834443339
44 396 0 0 0 0.4932982446101551 0.10488325784758505 0.016397030738977532 -10.071468036760722 -0.35786392954554436 1.4332806509723728 0.12265554669673842
47 423 0 0 0 0.4916796859174114 0.019142932545545076 0.040312595373351495 -10.449354182209747 -0.5063343483041156 1.5094472838057325 0.04137249771370938
45 405 0 0 0 0.48927295119659847 0.10811824546279585 0.012303727954678876 -10.117073012342289 -0.3882942589772922 1.5753656218332228 0.11632836564258796
40 360 0 0 0 0.38861508922350263 -0.07210237039580915 0.01458168534635495 -9.809728681620639 -0.5206212694263067 0.8750229365703455 0.059259205897589866
48 432 0 0 0 0.4867392124778949 0.026392799064898533 0.033637455250031714 -10.599172596740285 -0.599502003877918 1.6788609431844173 0.03360365886733501
37 333 0 0 0 0.6814885021540393 0.028616665467882503 0.04414140008100534 -10.403265850175154 -0.8040149354958231 -2.60117126970903 0.15556112973155145
46 414 0 0 0 0.4882029710730506 0.10226766730541353 0.014103621141555205 -10.249556595712678 -0.4398236487975293 1.698348248301205 0.12023076654639611
41 369 0 0 0 0.4011637560976376 -0.0802748104940029 0.03329910796331604 -9.76711050679226 -0.5600442296281958 0.5945658027424064 0.0621395856131649
49 441 0 0 0 0.48768108103579033 0.02289583396396529 0.03316963649047135 -10.398497676422489 -0.6187199744761134 1.4662346400811184 0.035340127999051944
38 342 0 0 0 0.6868916433960794 0.0371772707407526 0.04846545730742417 -9.804245095105262 -0.7193116689832209 -2.383820100253529 0.1656090288862941
47 423 0 0 0 0.49301876758896723 0.10164781461700265 0.010298802139891807 -10.14003000630748 -0.4224635417493047 1.6942164170335914 0.12134443997599566
50 450 0 0 0 0.4844128989628216 0.020923858745148658 0.025436142240059318 -10.414963217813128 -0.5606037739472854 1.5176690003963564 0.036524253758371844
42 378 0 0 0 0.3985540793047892 -0.07905333715245963 0.038739296713743696 -9.908158512184462 -0.5779877275217754 0.46853586179592555 0.0613364605720525
48 432 0 0 0 0.49044205029083665 0.09556653997201887 0.00952815692199178 -10.146201327545022 -0.3452154153194267 1.661616963201362 0.12871498035873502
51 459 0 0 0 0.4858041920218698 0.02228745820093354 0.023641611106240364 -10.649967184331912 -0.5622434783390177 1.583787239305575 0.038691416923781995
39 351 0 0 0 0.6578480461621007 0.015107951004222433 0.04689363036166546 -9.236602482891632 -0.5098556400891407 -2.2412124206317454 0.14988108235015712
49 441 0 0 0 0.49180045880540013 0.08715018402317268 0.013039454244225302 -10.23038001229493 -0.33725613908811086 1.6164633494546692 0.13827338881197968
52 468 0 0 0 0.487972282453494 0.021542999878757532 0.01943482249417749 -10.563281341303098 -0.6212711950284642 1.3465442528964773 0.03432173211166189
43 387 0 0 0 0.40166776846214275 -0.09280433189319168 0.019161387273689268 -9.802989173931994 -0.5978075383903101 0.5332159587559695 0.05816438518672372
50 450 0 0 0 0.4878125224014145 0.08353393117304019 0.010713893494383646 -10.197943683038805 -0.3497202685222804 1.4719633312385414 0.13886198444314
53 477 0 0 0 0.4850761436954026 0.02332672045542495 0.022382392959015802 -10.64279678276566 -0.5679101579197853 1.566067391494396 0.03113764757131288
44 396 0 0 0 0.40260392862914746 -0.09539303940772931 0.017216997358919225 -9.775686288334589 -0.6315514307614607 0.43930243218898524 0.05813784202197948
40 360 0 0 0 0.6304267372832032 -0.013240662129134351 0.07742703726833329 -9.088672586137958 -0.23925441731509786 -1.3375130652033531 0.14047508972849726
51 459 0 0 0 0.4918888442619701 0.09103402368394838 0.006795912716583421 -10.043404373724623 -0.32637829869914325 1.3806707757398697 0.1371366542531165
54 486 0 0 0 0.47960110159193176 0.018327117075278555 0.024689303847505315 -10.512272977581855 -0.5708435893821762 1.5605158955108087 0.03108053414958597
52 468 0 0 0 0.49633450268525986 0.08725903136633117 0.007025942254150954 -10.110149411074314 -0.332455316008566 1.1940022490746927 0.14349480559052508
45 405 0 0 0 0.4029445106993245 -0.10136161873623431 0.018488517298401713 -10.164147510602001 -0.6016179663335283 0.5156417321703507 0.059394765048312925
55 495 0 0 0 0.4742241212376422 0.01504784637476458 0.01920919859754682 -10.554589104606967 -0.5319576601901861 1.640089284218089 0.03154785267319988
41 369 0 0 0 0.6707350429942304 0.05990841720675435 0.09668624568059819 -9.654604213056562 -0.6176168610718163 -0.34230306055000137 0.14885549006410861
53 477 0 0 0 0.4969796962375305 0.08421618685705096 0.008068944391370484 -10.091486731635653 -0.3184573942616511 1.1107353088933638 0.14418742082849414
46 414 0 0 0 0.3943939832611093 -0.09565096820901438 0.024819683381570402 -10.237732283263243 -0.6141408523608379 0.6755639206218361 0.05904863686429209
56 504 0 0 0 0.475515198919701 0.01980315559999221 0.028554155362192246 -10.630617987298487 -0.4758374833657559 1.7789113942819383 0.038056364924643725
54 486 0 0 0 0.4951785400936771 0.0753275816175488 0.004777056281083698 -9.974796029692945 -0.27397966546218666 1.0028648289300865 0.14863458551101458
47 423 0 0 0 0.39014978499830655 -0.10804327398487833 0.018953084682248815 -9.960775871332002 -0.7221281770587309 0.5702327674314396 0.05339190228531066
57 513 0 0 0 0.4792465807722272 0.017273135934541793 0.023967929180481656 -10.689720861707169 -0.47591773949393545 1.6009526797071547 0.037551207351600065
58 522 0 0 0 0.4782492037371771 0.016310415852104652 0.021107314885852897 -10.6496131804418 -0.4883308698477181 1.4820399526367412 0.0379298608082365
48 432 0 0 0 0.39250708510603166 -0.10241609011413721 0.01625575424230572 -9.670736813618056 -0.5966690755841159 0.5253433607820241 0.05773211191392738
42 378 0 0 0 0.6560456981677625 0.02802573957364696 0.08980956563103061 -9.233833624438336 -0.6401949627866385 -0.6507899495146899 0.14282284682791002
55 495 0 0 0 0.491614883203467 0.07668879153158828 0.00696610264325957 -9.958678631607865 -0.286647994391206 0.9466944800121739 0.1467454497024196
59 531 0 0 0 0.4788030394488968 0.012857070865500794 0.021052701224583182 -10.648210188607779 -0.5181093830169903 1.350245170652898 0.03271056733225013
49 441 0 0 0 0.3963743363053957 -0.10327308393849322 0.01764988949229933 -9.674038892370998 -0.5381900041158328 0.45641589388037573 0.057391519705403446
56 504 0 0 0 0.4893592659868008 0.07597087406965086 0.0064271489968332676 -9.972394467216802 -0.268198663263317 0.8769065242108871 0.14473991766267666
60 540 0 0 0 0.48003719571275894 0.00936554803170066 0.016419118102164034 -10.570757443234566 -0.5507359091459322 1.3084583592351107 0.03262259875266953
50 450 0 0 0 0.3908471638487069 -0.09292124912203081 0.014350297579967235 -9.904507436544622 -0.4556941127058011 0.49617422387935356 0.06026217638773655
43 387 0 0 0 0.6997417697827659 0.04863798128800947 0.1008296742978048 -9.75083994375915 -0.6395507231951053 -0.8731963315931183 0.13818567483221533
61 549 0 0 0 0.4803271436678175 0.008829920102051927 0.01993607326178007 -10.557649789922353 -0.5326871657038963 1.2729683856137168 0.03597247652472369
57 513 0 0 0 0.48874202282466916 0.07290394245528402 0.008019897336337798 -10.034954530010088 -0.27665731958968204 0.8254739986246912 0.14930926193281735
51 459 0 0 0 0.3851074925425777 -0.10359547816495418 0.007828061656103927 -9.936678915894541 -0.43226339248800355 0.3877969630175793 0.06061100103278036
62 558 0 0 0 0.4787482547281837 0.010808192707334676 0.019054092251227457 -10.549744900089413 -0.5568337818112473 1.2819763545721954 0.03629087441341067
52 468 0 0 0 0.39577251201993596 -0.11016318153152506 0.011657278295102215 -10.038225199942701 -0.528931764794879 0.18121062015045936 0.059401746387004406
58 522 0 0 0 0.4901642913913474 0.06752844477392293 0.004690896300460834 -10.031947801890135 -0.2801779782359556 0.806323142073428 0.15204125795141446
63 567 0 0 0 0.477868145304951 0.009594143045146546 0.0175659953407289 -10.463259774084447 -0.5299654874117296 1.283940309370482 0.038006838716820195
44 396 0 0 0 0.7170388144530331 0.03470251995652875 0.07312906654038155 -9.694980788060395 -0.6784756412517148 -1.2857126782524075 0.14231265403904456
53 477 0 0 0 0.3912018051262913 -0.10670614648368364 0.010848961696316703 -9.778861310349313 -0.48722405774816213 0.2988121898991598 0.05678798383083243
64 576 0 0 0 0.4792554995633455 0.011321735471500284 0.016488503491065346 -10.456501546900553 -0.5281818904216797 1.3018288808458107 0.038083485139016215
59 531 0 0 0 0.4911187840061807 0.06537296873313989 0.002648756456491961 -10.042668338837501 -0.27511018783446 0.7468590170047883 0.1582180716528496
54 486 0 0 0 0.3802841042842176 -0.10570406566674073 0.012463911316529035 -9.808843259380913 -0.40940631639967906 0.5276181688811209 0.05611026217907319
65 585 0 0 0 0.47570158990626504 0.010962955384351025 0.014074633370054374 -10.41286035282056 -0.527513860122998 1.405002881993026 0.04002005500860808
45 405 0 0 0 0.7543521555587822 0.07509187345198029 0.06265084358185137 -10.07962538955207 -0.8680573315198362 -1.1316133914131454 0.15429964008027933
60 540 0 0 0 0.4932954351498551 0.06306661071326078 0.002658577541179773 -10.010674470668013 -0.24323409432899315 0.5215866264306573 0.16181209261869564
55 495 0 0 0 0.3903138257956899 -0.10572206713647238 0.010301242426316465 -9.653330932510615 -0.44259085586397084 0.41011729049368795 0.052867642109864464
66 594 0 0 0 0.4773196534547335 0.009034805212697332 0.015565758465080458 -10.431072867637983 -0.5483260019664981 1.3545770677437041 0.03796852043985849
56 504 0 0 0 0.3946561233805302 -0.10636555740894475 0.006390253198577451 -9.866190549731998 -0.48599989205803024 0.21214781438305533 0.05206340719154711
67 603 0 0 0 0.47754977785217956 0.008543868598878752 0.013784013687083938 -10.369311572697137 -0.5708054882073729 1.3654541029961176 0.0377878670823933
67 603 0 0 0 0.47754977785217956 0.008543868598878752 0.013784013687083938 -10.369311572697137 -0.5708054882073729 1.3654541029961176 0.0377878670823933
61 549 0 0 0 0.4943087659640096 0.05995869668045248 0.0012543635521003094 -9.903724182078568 -0.23861189348736073 0.46358790365235975 0.16027084092790908
46 414 0 0 0 0.762059266809418 0.09779258648196716 0.06317327219261162 -10.588472436388908 -1.0178236218527337 -1.0466038742495767 0.1657363679702982
57 513 0 0 0 0.3917242040217427 -0.10860944552178169 0.0076112183462133075 -9.928524198746079 -0.49057324731865276 0.1521073374718965 0.055298496674614006
62 558 0 0 0 0.49121007281513607 0.06942219094545947 0.0055173186131882495 -9.86894207955733 -0.27029702991615373 0.624003551083311 0.15609583867526036
47 423 0 0 0 0.7625148626974175 0.09453127086500172 0.03327309658954896 -10.260168820550989 -1.0300788586395357 -1.0108346312307346 0.17176373297370845
58 522 0 0 0 0.3976414488239573 -0.10976374240688413 0.01707950230323395 -9.960693166846992 -0.5368255494691119 0.06925442633542214 0.05129600062892927
63 567 0 0 0 0.48659560880469827 0.07031414652760117 0.005660950520604694 -9.814963483226554 -0.29760169368317735 0.7521185635756058 0.15442298156576756
59 531 0 0 0 0.39772335164690154 -0.10934916608240397 0.011198065897200519 -9.859491112076833 -0.492763096745166 0.11010606205623182 0.05049644055784052
48 432 0 0 0 0.7788464447801923 0.07679026713351769 0.04851833441837701 -10.349449612570545 -0.9010299083410314 -1.6166632300614248 0.18709558583123517
64 576 0 0 0 0.4897083430374855 0.07069547023819922 0.005364646273973502 -9.842031025281383 -0.2715486284785118 0.7340884191118406 0.1577984201694611
60 540 0 0 0 0.394525023431807 -0.10737271566706318 0.015352812886860398 -9.956966492442548 -0.4339360865875242 0.2553394704041401 0.052711957790757887
61 549 0 0 0 0.38876132311268785 -0.10666348420620216 0.011269739601809329 -10.104226972178019 -0.4450595136422874 0.3397536113334301 0.05283359473779621
65 585 0 0 0 0.4918258866044705 0.06429833941927166 0.003859119679530601 -9.957192211088508 -0.2609285901884439 0.6486709924778004 0.16304660167441093
49 441 0 0 0 0.7446051465880059 0.036495103067510956 0.041000756697698 -10.26253240671611 -0.9712055941062097 -1.6876943034889118 0.17841372397867747
62 558 0 0 0 0.38864551580019013 -0.10460776308822184 0.015303623320539082 -10.058833246865678 -0.4338448066770144 0.47832821730914815 0.0543524392445297
66 594 0 0 0 0.49472981089972834 0.06846758935232365 0.0034914665270253447 -9.989814175415551 -0.2461268051988244 0.7428100744035467 0.1588616355318495
50 450 0 0 0 0.7511106395309819 0.048583550971109814 0.024180602681236393 -9.766684114336147 -0.9720352893297812 -1.2403819216461571 0.17249429193243093
63 567 0 0 0 0.3884743927193972 -0.10495606486156664 0.012520527383763372 -10.11906211419537 -0.436904161564214 0.4143937279425365 0.05283336506670532
67 603 0 0 0 0.495817129854479 0.06935995369076393 0.002431318999524263 -9.941876243297044 -0.23087372484050814 0.6777383484842737 0.16131510313148958
67 603 0 0 0 0.495817129854479 0.06935995369076393 0.002431318999524263 -9.941876243297044 -0.23087372484050814 0.6777383484842737 0.16131510313148958
64 576 0 0 0 0.39109754741555997 -0.10409115469889267 0.010885843763090819 -10.150525587160985 -0.4730295519446897 0.3884825000939393 0.05188404299775688
51 459 0 0 0 0.7507906721017857 0.03197935124614018 0.015532841386255897 -9.48049998007056 -0.786342549467695 -1.3299308237049043 0.1790340054042999
65 585 0 0 0 0.38875240693392515 -0.10689291294203401 0.010755334625341003 -10.1068373082511 -0.47078659486190777 0.4079558913331719 0.050954512623935876
66 594 0 0 0 0.39170979057972427 -0.10786219852592634 0.007543393448847497 -10.15116237339977 -0.5156486706514037 0.33420952025610695 0.05053512259794458
52 468 0 0 0 0.7348840629515982 0.031726038968177134 0.046381974764193507 -9.494935105351157 -0.733094576748636 -1.180812726808807 0.1654620202990124
67 603 0 0 0 0.39222867777902115 -0.10634721959868583 0.008355641899199635 -10.125010616614434 -0.5355997764290078 0.26414047144030417 0.050079518192907777
67 603 0 0 0 0.39222867777902115 -0.10634721959868583 0.008355641899199635 -10.125010616614434 -0.5355997764290078 0.26414047144030417 0.050079518192907777
53 477 0 0 0 0.7491801621319055 0.046460729913195394 0.03149104614494024 -9.753263242160184 -0.8955708588803135 -1.309913192953646 0.1744598174256162
54 486 0 0 0 0.737130154556315 0.035292286529477426 0.017429728456972167 -9.670466864642357 -0.8338060024892432 -1.4106662164345147 0.16332056670056977
55 495 0 0 0 0.7538886587301978 0.056294151479312896 0.01937500506101556 -9.852394819960058 -0.8548359714238585 -1.6297492251902086 0.1577212332007077
56 504 0 0 0 0.7548257320082365 0.05881574378574858 0.014297935717530894 -9.882568743393202 -0.9220221792008996 -1.8889746368632683 0.1548397909649003
57 513 0 0 0 0.7379958708020877 0.043835449560970186 0.02056142164180912 -9.717040702738169 -0.9993315850792938 -1.6140598311359386 0.1507591348258785
58 522 0 0 0 0.7486756930185388 0.04710466949725271 0.011034476127240437 -9.79401176474657 -1.0780048200190187 -1.4721037222373967 0.14530711060476598
59 531 0 0 0 0.7490885147320243 0.04788679678920147 0.013420046228792663 -9.952978086039929 -1.0735900301598196 -1.7199562841218772 0.15052905019353055
60 540 0 0 0 0.754049824816737 0.042643003736227786 0.01955862245382132 -9.98181151321691 -0.9491076335672598 -1.8763184308898258 0.1642841630973153
61 549 0 0 0 0.7587285924282351 0.01895533156060455 0.024223755035712388 -10.077918665246301 -1.0178024620141597 -1.9519575405525134 0.15896751648367122
62 558 0 0 0 0.7501125617040229 0.01433962914799551 0.014407296144921606 -9.785655385864619 -0.9219278894668933 -1.6787189165098866 0.159721442829773
63 567 0 0 0 0.7558941280782124 0.01346022987165886 0.011396832024099806 -9.740677774063649 -0.8109965946564389 -1.8450537623242744 0.16350576919914794
64 576 0 0 0 0.7462718327123382 -0.005006549098432266 0.017542875574987436 -9.722974892364055 -0.7944220563035892 -1.9454938564809217 0.15983317533825708
65 585 0 0 0 0.7469682401405879 0.0004019699454158458 0.01694313994822672 -9.68926056476208 -0.7622755814858898 -1.8202177626178082 0.16089850338961692
66 594 0 0 0 0.738595737632791 -0.0022692841656567746 0.008589877836947734 -9.76988043191856 -0.7884001882374034 -1.8709210101863714 0.17245276092036158
67 603 0 0 0 0.7484902803119025 0.012035094188421473 0.017264953037517638 -9.959856710913675 -0.7883914470057699 -1.7252525339835232 0.1744807530525036
67 603 0 0 0 0.7484902803119025 0.012035094188421473 0.017264953037517638 -9.959856710913675 -0.7883914470057699 -1.7252525339835232 0.1744807530525036
