% # columns="iter, evals, sigma, 0, fitness, xbest" seed=2567, Fri Aug 28 18:28:04 2026, <python>{}</python>
9636463043867 -0.2344314727627191 0.68547248421146 0.059895911604224916
1 9 0.944972989972906 0 2.025532509508265 0.4389942891430285 0.0529751304786131 0.10596790510893249 -2.5599636463043867 -0.2344314727627191 0.68547248421146 0.059895911604224916
1 9 0.944972989972906 0 2.025566984707082 0.34122291277164485 -0.03905345571530608 0.10596790324628734 -2.5599636463043867 -0.2344314727627191 0.68547248421146 0.059895911604224916
1 9 0.9449729899729059 0 2.0255411003058312 0.4476736790966418 0.12700919734942173 0.10596790976554536 -2.5599636463043867 -0.2344314727627191 0.68547248421146 0.059895911604224916
2 18 0.9087555735421708 0 1.8119580380031648 0.4352261672588417 0.11000968398450472 0.11772511370388823 -2.6171175773698985 -0.19553353785062724 0.22208860526691562 0.06117326482244741
2 18 0.9087555735421711 0 1.8119461913388153 0.4265467773052283 0.035975617113695964 0.11772510904727518 -2.617117577369898 -0.1955335378506276 0.2220886052669157 0.06117326482244744
2 18 0.9087555735421713 0 1.811944454934028 0.32877540093384466 -0.05605296908022321 0.11772510718463007 -2.617117577369902 -0.19553353785062727 0.22208860526691684 0.061173264822447435
2 18 0.9087555735421712 0 1.8119625489874618 0.45035400491677 0.0852229732453688 0.11772511090992036 -2.6171175773698994 -0.195533537850628 0.2220886052669138 0.06117326482244745
3 27 0.8929064494700624 0 1.73869532129714 0.4354154934494444 0.12381423944924642 0.10537469374720232 -1.738910459515456 -0.03602833884653834 0.27864858866941145 0.06876437764890192
3 27 0.8929064494700627 0 1.738673628480799 0.4267361034958311 0.04978017257843778 0.10537468909058934 -1.73891045951546 -0.036028338846538555 0.278648588669409 0.06876437764890192
3 27 0.8929064494700624 0 1.7387013883382711 0.4505433311073727 0.0990275287101113 0.10537469095323476 -1.7389104595154337 -0.03602833884654194 0.278648588669395 0.06876437764890171
3 27 0.8929064494700629 0 1.7386936459048978 0.32896472712444735 -0.042248413615481636 0.1053746872279443 -1.7389104595154734 -0.0360283388465379 0.27864858866940967 0.06876437764890198
4 36 0.9418161944914403 0 0.7573793078164675 0.4299445621845853 0.044601752375096 0.0529429929469446 -3.0294505986635962 -0.04231828772927805 0.33915198487842335 0.06863835444797667
4 36 0.9418161944914397 0 0.7573902485149246 0.43862395213819927 0.11863581924590479 0.05294299760355825 -3.029450598663612 -0.042318287729277336 0.3391519848784297 0.06863835444797656
4 36 0.9418161944914406 0 0.7574498549618522 0.3321731858132019 -0.0474268338188235 0.052942991084299604 -3.029450598663617 -0.042318287729277836 0.3391519848784237 0.06863835444797671
4 36 0.9418161944914395 0 0.757435889563918 0.45375178979612696 0.0938491085067697 0.05294299480958992 -3.029450598663577 -0.04231828772927787 0.3391519848784323 0.06863835444797642
5 45 0.9936258651670431 0 1.5585976055424593 0.4235808150245385 0.03886037691626137 -0.012156865821896373 -2.046706828067884 -0.3545979322046284 1.2033039740547087 0.05505059261992399
5 45 0.9936258651670422 0 1.5586000085989349 0.4322602049781513 0.11289444378706998 -0.012156861165280086 -2.0467068280678165 -0.35459793220462504 1.2033039740547014 0.05505059261992437
6 54 0.9658109715943618 0 0.001069601912464441 0.4636215320255151 0.046457857168793165 0.02337894288632649 -2.2405556100192348 -0.30104416253371247 0.9019157063006455 0.041074992873429375
5 45 0.9936258651670432 0 1.5586904223230076 0.3258094386531548 -0.053168209277657655 -0.01215686768453969 -2.046706828067861 -0.354597932204628 1.2033039740547187 0.05505059261992401
5 45 0.993625865167042 0 1.5586826272013747 0.4473880426360799 0.08810773304793384 -0.012156863959247893 -2.0467068280678085 -0.35459793220462144 1.2033039740546791 0.05505059261992441
6 54 0.9658109715943601 0 0.0010567695191349934 0.47230092197912904 0.12049192403960363 0.023378947542944523 -2.2405556100193778 -0.30104416253372446 0.9019157063006411 0.04107499287342892
7 63 0.9225956796809976 0 0.6226611698191065 0.41699560350203196 0.025419773487356065 -0.00111330620514314 -2.5875456017290137 -0.049383269991488676 1.2607579050556288 0.04523750658347666
6 54 0.9658109715943619 0 0.006235576300294357 0.3658501556541319 -0.0455707290251256 0.023378941023684208 -2.240555610019282 -0.3010441625337147 0.9019157063006659 0.04107499287342904
6 54 0.9658109715943605 0 0.019348844216647086 0.48742875963705634 0.0957052133004668 0.0233789447489742 -2.2405556100193387 -0.3010441625337272 0.9019157063006296 0.04107499287342894
7 63 0.9225956796809962 0 0.6219556045440076 0.42567499345564624 0.09945384035816726 -0.0011133015485287195 -2.5875456017290546 -0.04938326999149681 1.260757905055624 0.045237506583475535
8 72 0.9345485230932978 0 0.12000836708087445 0.45036400456579634 -0.02923053372907175 0.00777771818404057 -2.389176702003458 -0.10456630761848162 1.222430147141772 0.02614754282987776
7 63 0.922595679680996 0 0.6167661480708747 0.44080283111357327 0.07466712961903335 -0.001113304342497571 -2.587545601729147 -0.049383269991499584 1.2607579050556297 0.04523750658347503
7 63 0.9225956796809975 0 0.6220862661919045 0.31922422713064863 -0.06660881270656333 -0.0011133080677868529 -2.587545601729026 -0.04938326999149101 1.260757905055616 0.04523750658347659
8 72 0.9345485230932962 0 0.06147284861585213 0.4590433945194109 0.04480353314173982 0.007777722840656025 -2.389176702003387 -0.10456630761849037 1.2224301471417744 0.026147542829877204
9 81 1.1072489249643593 0 0.18125843927614546 0.45612977972786095 -0.002115542233809431 0.025102703454687604 -2.501607698653099 -0.3290359960220136 1.1064227825332045 0.015917384204901467
8 72 0.9345485230932964 0 0.027308881267722806 0.47417123217733753 0.020016822402603787 0.007777720046686799 -2.3891767020033585 -0.10456630761849033 1.2224301471417818 0.026147542829877253
8 72 0.934548523093298 0 0.02722720997669623 0.35259262819441317 -0.12125911992299065 0.00777771632139752 -2.389176702003416 -0.10456630761848511 1.2224301471417904 0.02614754282987765
9 81 1.1072489249643571 0 0.17316906342182808 0.4648091696814741 0.07191852463700181 0.025102708111307145 -2.501607698652921 -0.32903599602200057 1.1064227825332134 0.015917384204901484
10 90 1.1558091236585815 0 0.0008951965995941962 0.49090526817162267 0.030141395182422745 0.007517780311549226 -2.916909794899884 -0.20806376035779828 0.6871444803380148 0.044773135280345024
9 81 1.1072489249643584 0 0.18373311408291962 0.4799370073394011 0.047131813897864416 0.025102705317336056 -2.5016076986529425 -0.3290359960219964 1.1064227825332231 0.015917384204901477
9 81 1.1072489249643602 0 0.18084241197109063 0.358358403356477 -0.09414412842772805 0.025102701592045994 -2.5016076986530154 -0.3290359960220143 1.106422782533156 0.015917384204901488
10 90 1.1558091236585788 0 0.0008690005393523739 0.49958465812523606 0.10417546205323294 0.007517784968168274 -2.916909794900032 -0.2080637603577884 0.6871444803380092 0.04477313528034504
11 99 1.2624946706397921 0 0.001858818112684896 0.4644962727722751 0.06483082426504305 0.05328676632744782 2.434211030247832 -0.12658740248512135 1.4031795392875348 0.06550182427331255
10 90 1.1558091236585808 0 0.0009680495502384391 0.5147124957831642 0.0793887513140941 0.007517782174196741 -2.9169097948999303 -0.20806376035778884 0.6871444803380263 0.04477313528034558
10 90 1.1558091236585826 0 0.0009626930568330366 0.39313389180023944 -0.06188719101149549 0.007517778448905783 -2.9169097948999303 -0.20806376035779517 0.6871444803380453 0.0447731352803444
11 99 1.2624946706397888 0 0.0018617907424305744 0.4731756627258909 0.13886489113585246 0.05328677098406624 2.4342110302476705 -0.12658740248511058 1.4031795392875328 0.06550182427331197
12 108 1.4597241859687564 0 0.003080307406200086 0.46399034042979026 0.0652456134267773 0.13225702070967627 2.857354208418874 -0.2412895883202576 1.4769196757228946 0.07465605567709524
11 99 1.262494670639792 0 0.001973154239918062 0.4883035003838167 0.1140781803967162 0.053286768190094466 2.4342110302477433 -0.1265874024851139 1.4031795392875035 0.0655018242733124
11 99 1.2624946706397935 0 0.0019872916400999236 0.36672489640089245 -0.027197761928875897 0.05328676446480424 2.4342110302478037 -0.12658740248511802 1.403179539287511 0.06550182427331212
12 108 1.4597241859687522 0 0.003078932729469384 0.4726697303834065 0.1392796802975865 0.13225702536629236 2.8573542084187693 -0.24128958832025194 1.4769196757229017 0.07465605567709493
13 117 1.5343785322842773 0 0.2915071449967672 0.46694111862242416 0.06377250175576132 0.1248610091793369 3.107185811245864 -0.3456731254040017 -0.4328165073153989 0.0761271589046826
12 108 1.4597241859687562 0 0.003150638835986111 0.48779756804133245 0.11449296955845033 0.13225702257232191 2.8573542084188333 -0.24128958832025815 1.476919675722937 0.07465605567709517
12 108 1.459724185968758 0 0.003147843212214273 0.3662189640584078 -0.02678297276714172 0.13225701884703153 2.8573542084188848 -0.2412895883202545 1.4769196757228968 0.07465605567709492
13 117 1.5343785322842727 0 0.2915144953008968 0.4756205085760406 0.13780656862656884 0.12486101383595326 3.1071858112459405 -0.34567312540399364 -0.4328165073154029 0.07612715890468229
14 126 1.6020215028719849 0 0.05941807174970116 0.4317328827947218 0.03732944820162519 0.05068472015573122 1.6728255771310696 -0.3008719417841328 0.42443813581275514 0.0772710156091906
13 117 1.5343785322842767 0 0.29160425553343994 0.4907483462339651 0.11301985788743305 0.12486101104198258 3.107185811245932 -0.345673125403997 -0.43281650731543975 0.07612715890468219
13 117 1.534378532284279 0 0.2915861392804208 0.3691697422510415 -0.02825608443815795 0.1248610073166939 3.1071858112458624 -0.34567312540400186 -0.43281650731539445 0.07612715890468254
15 135 1.7199624042274408 0 0.0031046652867198076 0.40873920777219946 0.01983263170150152 0.12470185198213993 2.5536188211584356 -0.3738203953380353 1.0530416248132448 0.07620556108114601
14 126 1.6020215028719806 0 0.05942695702618711 0.44041227274833894 0.11136351507243594 0.0506847248123421 1.6728255771311034 -0.3008719417841318 0.4244381358127769 0.07727101560919025
14 126 1.602021502871984 0 0.059512669411691144 0.45554011040626513 0.08657680433329938 0.05068472201837403 1.6728255771310803 -0.30087194178412185 0.4244381358128435 0.07727101560919054
14 126 1.6020215028719873 0 0.05953724637633001 0.33396150642334005 -0.05469913799229381 0.05068471829308349 1.672825577131137 -0.3008719417841367 0.42443813581273826 0.07727101560919031
16 144 1.6259731816182381 0 0.001790172756938058 0.49528250815307595 0.00323660251632343 0.0767746462788239 3.1396621539408924 -0.02599925775972134 1.534159056678243 0.06113662351172428
15 135 1.7199624042274368 0 0.0031331728231975926 0.4174185977258155 0.09386669857231403 0.12470185663874875 2.5536188211583717 -0.37382039533803596 1.0530416248132142 0.07620556108114543
15 135 1.7199624042274393 0 0.0031243395558415883 0.43254643538374177 0.06907998783317847 0.12470185384478122 2.5536188211584534 -0.37382039533804 1.0530416248131045 0.07620556108114579
15 135 1.7199624042274435 0 0.0031294511723351775 0.3109678314008172 -0.07219595449241749 0.12470185011949513 2.5536188211583735 -0.37382039533803485 1.053041624813256 0.0762055610811457
17 153 1.5101827673945591 0 0.002304743627549333 0.4873214085891819 0.04439270173839461 0.09126677550858434 3.1006335202224067 -0.11079258351664201 0.7777648636995986 0.07946226852527488
16 144 1.6259731816182348 0 0.0017918496054772101 0.5039618981066945 0.07727066938713695 0.07677465093543831 3.139662153940884 -0.025999257759717787 1.534159056678239 0.06113662351172308
16 144 1.6259731816182366 0 0.0018427358484127427 0.519089735764618 0.05248395864799735 0.07677464814146642 3.1396621539408893 -0.025999257759735772 1.5341590566782084 0.061136623511724254
18 162 1.3575414238191592 0 0.0022284359487271177 0.5077872263523228 0.06515717928817528 0.0814703807289912 3.063257346076766 -0.3301063829535613 1.523629038010141 0.07381988136283182
16 144 1.6259731816182417 0 0.001814696605363926 0.3975111317816937 -0.08879198367759451 0.0767746444161786 3.139662153940891 -0.02599925775971501 1.5341590566782375 0.06113662351172332
19 171 1.2954559838496271 0 0.0018249584354866613 0.4537732654311855 0.03931363632850393 0.0679654214326869 2.2257494503493174 -0.3183972035152608 1.5379655988218908 0.07572439276249393
17 153 1.510182767394556 0 0.0022798622270425767 0.4960007985428012 0.11842676860920559 0.09126678016519682 3.100633520222414 -0.11079258351664423 0.77776486369958 0.07946226852527473
17 153 1.510182767394557 0 0.0023880706053622533 0.5111286362007255 0.09364005787006933 0.09126677737122879 3.1006335202224156 -0.11079258351666443 0.7777648636994596 0.07946226852527485
17 153 1.5101827673945618 0 0.0023760764990408394 0.38955003221780177 -0.04763588445552395 0.09126677364593999 3.100633520222384 -0.11079258351664045 0.7777648636996128 0.07946226852527476
20 180 1.182650176027669 0 0.0009887284112780883 0.48068367337249873 0.027273594855310057 0.029971693522531692 2.47134127724067 -0.2907419516061809 1.3946269097411192 0.05919398423491571
18 162 1.3575414238191568 0 0.002195980408985932 0.5164666163059398 0.1391912461589847 0.08147038538560539 3.0632573460766817 -0.3301063829535535 1.5236290380101403 0.07381988136283128
18 162 1.3575414238191574 0 0.0023189618239632718 0.5315944539638645 0.11440453541984859 0.08147038259163339 3.0632573460767256 -0.330106382953562 1.5236290380101158 0.07381988136283148
18 162 1.357541423819162 0 0.0023294378688489253 0.4100158499809399 -0.026871406905743696 0.08147037886634008 3.0632573460767882 -0.330106382953558 1.5236290380101518 0.07381988136283134
21 189 1.0375055885982063 0 0.0015125088744058351 0.4772079792635548 0.0495301017985499 0.03907945400995341 2.175705066422463 -0.35138132800813116 1.1235492751807852 0.0732670295007505
19 171 1.2954559838496251 0 0.0018365139221586527 0.46245265538480573 0.11334770319931647 0.06796542608929543 2.2257494503493156 -0.3183972035152647 1.5379655988218874 0.07572439276249315
22 198 0.9838021885901519 0 0.0014382923371416031 0.49850591887206347 0.05382208585702474 0.04147404308178623 2.1282721108340237 -0.20784825859120348 1.4721908856142063 0.07877677925224774
19 171 1.2954559838496305 0 0.0018745591399851034 0.35600188905980373 -0.05271494986541496 0.06796541957003682 2.2257494503492694 -0.31839720351526624 1.5379655988218932 0.0757243927624935
19 171 1.2954559838496258 0 0.0018697613100240843 0.4775804930427279 0.08856099246018012 0.06796542329532526 2.2257494503493493 -0.31839720351524964 1.5379655988218741 0.0757243927624935
20 180 1.1826501760276682 0 0.000985050525842325 0.4893630633261166 0.10130766172612313 0.029971698179145446 2.4713412772405796 -0.2907419516061731 1.3946269097411073 0.05919398423491435
23 207 0.9119919869203523 0 0.0013896904998377353 0.5151727438644897 0.06016433479861047 0.016665660166895226 2.812170138780374 -0.3598888599534003 1.2801351154637608 0.07521853087003437
20 180 1.1826501760276726 0 0.001082927588248344 0.382912297001116 -0.0647549913386083 0.02997169165988471 2.4713412772406684 -0.29074195160617566 1.3946269097411086 0.059193984234914836
20 180 1.218377069425268 0 0.0034582371035767547 0.49143998606942657 0.06564128451676077 0.16520707679782815 2.933906637691674 -0.3399220140593224 0.6224852879112994 0.061420073381524665
24 216 0.8912901490885762 0 0.0012727764857117599 0.5135134579930765 0.04869177153263235 0.0115817109435985 3.0933771667538084 -0.2534716175735482 1.5378468819245645 0.0783395537078271
21 189 1.0375055885982045 0 0.0015107528840946933 0.4858873692171725 0.1235641686693609 0.03907945866656527 2.175705066422415 -0.3513813280081354 1.1235492751807963 0.07326702950074983
25 225 0.8794883641037665 0 0.0018248794378211508 0.5041414125639558 0.06410753462872774 0.05745500914965009 2.2020157150905497 -0.24249642620799802 1.2596830318122816 0.07786261370137991
21 189 1.0248196294613536 0 0.0016183320451470813 0.37943660289217196 -0.04249848439536897 0.03907945214730294 2.1757050664225 -0.3513813280081352 1.123549275180768 0.07326702950075004
21 189 1.0911391445904095 0 0.001992530991652567 0.49889001180588927 0.09845812591247029 0.06505480033228184 2.310509536816914 -0.30815894139777056 0.909734656373979 0.07401727705952173
22 198 0.9838021885901498 0 0.0014306971626281803 0.5071853088256822 0.12785615272783543 0.04147404773839621 2.128272110834004 -0.2078482585912078 1.4721908856142172 0.07877677925224745
26 234 0.8363058643979202 0 0.00128359985627651 0.49404652414662886 0.05853225781241618 0.00497264357307093 3.074276619640018 -0.2469543629960163 1.027469641039118 0.07830990031676349
22 198 0.9627440809900625 0 0.0027764646494082322 0.3828361642341192 -0.0788461533679344 0.12663612044319494 3.128685287841333 -0.15466787555167005 1.5286508244017254 0.07424278897355356
23 207 0.9119919869203498 0 0.0013798596966232565 0.523852133818107 0.13419840166942082 0.016665664823508626 2.812170138780278 -0.3598888599533959 1.2801351154637568 0.07521853087003381
22 198 1.0056967369358831 0 0.002540863816703718 0.5321500272613562 0.10651475535446955 0.10362538688027517 2.575336676334299 -0.3723052163173197 1.30231309354563 0.07872331102231243
27 243 0.7325015723560337 0 0.0014632413308336592 0.5207051147872304 0.057288598351781954 0.021528226834302243 2.991921470403669 -0.2829066681071849 1.5192594416832383 0.07767734167773002
24 216 0.8912901490885733 0 0.0012709361814828716 0.522192847946695 0.12272583840344412 0.011581715600207439 3.0933771667537933 -0.25347161757355396 1.5378468819245628 0.07833955370782665
23 207 0.8534785451529396 0 0.0018479680728204662 0.3665614164628186 -0.03263444218869634 0.04984921377200585 2.508269282602763 -0.3664574742386216 1.341907308773202 0.07635535608859595
28 252 0.6762931659615052 0 0.0014285736366647266 0.5117593544803115 0.05012521407674098 0.032608281910614295 3.1045592748230653 -0.3639935702794146 1.53756231442961 0.07706341100456023
23 207 1.0173184786762728 0 0.0028262049383351953 0.5549970120808514 0.10421706081936918 0.10669855464135769 3.01046323241432 -0.3571420282216739 0.26238052529628697 0.07998153340935259
25 225 0.8794883641037633 0 0.0018196278779294324 0.5128208025175738 0.13814160149953733 0.05745501380626157 2.2020157150904787 -0.24249642620800516 1.259683031812279 0.07786261370137955
29 261 0.648750801528289 0 0.0013020803912617404 0.4967795672582069 0.06058297801867598 0.016470601587615395 3.055396621272185 -0.3503350379075093 1.5314470147671304 0.07433831828804993
24 216 0.7294160592444423 0 0.0018779772808644325 0.3736040597055782 -0.033661323612131824 0.06066773679271757 3.1413343985396986 -0.31701092696402566 1.2937436356563277 0.0694216363803719
26 234 0.8401328407048698 0 0.0012763948886927706 0.5027259141002479 0.13256632468322688 0.004972648229681069 3.0742766196399893 -0.24695436299602322 1.02746964103911 0.07830990031676308
30 270 0.6548381037630511 0 0.0014210578456583462 0.48203642258445034 0.05375799731423546 0.04025667864040451 2.6806550861125196 -0.3652315694347353 1.4022405341385895 0.06993371477716862
24 216 1.01947774423863 0 0.0024587526861597113 0.5481048559497615 0.1023128316481581 0.08918956229248093 2.255620890325792 -0.35956231948118067 0.5917504384693364 0.07999771776493074
25 225 0.7508739084066978 0 0.0015464118544440083 0.3436317887260694 -0.04932122202067764 0.04020059242433564 2.9503392943868914 -0.3406617017091279 1.5004661697764168 0.06941803222842335
27 243 0.8092469599339341 0 0.0012000902473969755 0.502957074895766 0.1298417618751177 0.009594679072740836 3.140646104690288 -0.3136607337383459 0.7083505686816884 0.07695170562704051
31 279 0.6473164148696231 0 0.0013609638641590579 0.5074620589973934 0.05051159323127443 0.008997136561652377 2.8578929863549476 -0.1524487442654524 1.3935536442283474 0.07551341075836959
25 225 1.0721689005337454 0 0.0017887169124451944 0.5118595747962486 0.04131255447463433 0.07723114772296719 2.534640040094942 -0.28061088783445626 0.03965806448737608 0.07843982667739494
26 234 0.7681562766916792 0 0.0015076457383198525 0.3479043815321246 -0.07330388177993458 0.039644803901335936 2.2599443328485673 -0.20514431035805974 1.1692182856997266 0.06896315649078225
32 288 0.7297807727663442 0 0.0010877880055160545 0.5179174952061407 0.030611716501248748 0.01865920608249411 3.0834199477964153 -0.2309795427712764 1.4669534314355466 0.05847487952189752
28 252 0.6875388642535339 0 0.0014284859932288485 0.5238351545574795 0.13328381322318364 0.024994839397303004 3.0722620051086698 -0.3737444768970819 1.5121074556706868 0.07276455470114884
29 261 0.6254526289227319 0 0.0013741571951510234 0.5144927099590436 0.12982665836912746 0.029025635904386456 2.8569340922676183 -0.339089563437287 1.433936795487709 0.07536995237774026
27 243 0.7050928765426638 0 0.001442566597021802 0.35974597202144004 -0.05656764399326466 0.04335079823921114 2.1907230246143925 -0.3765722168892508 1.4943163874794858 0.06511559979851429
33 297 0.8204027583882915 0 0.0009932695356783849 0.5078956222866313 0.03971791644779289 0.004571363741525482 3.1308577706109926 -0.37553214985649347 1.1466773844590028 0.06525103786235678
26 234 1.008275378720908 0 0.001622887637659403 0.5280686753997632 0.06740233410546842 0.05732013099352667 3.1198666345245027 -0.37698391931315983 0.5769780368325313 0.07832992992703498
30 270 0.5816162247670539 0 0.0014856652350162393 0.5268651214399205 0.13170246462251536 0.026816251559051776 2.8390077514631535 -0.2260059655386983 1.510670930281109 0.07860007310113597
34 306 0.7625447349496705 0 0.0010794118261257888 0.5116856884761004 0.0384486520085181 0.008712974649666114 3.049652000065595 -0.31852939566337213 1.132130721957615 0.0691114375070869
28 252 0.7017336653501243 0 0.001360710203675537 0.3787364285568916 -0.07787540145236939 0.04996318993015388 3.135794765100245 -0.37649875738180094 1.2618609701344023 0.07398344311402115
27 243 0.9351452479760798 0 0.001779797012140408 0.5277915001311189 0.05207299728137559 0.06843323590785604 2.9618728264195067 -0.28631631795353657 -0.19925457523150214 0.07997044305933958
35 315 0.7592443561947064 0 0.0009707804210151913 0.5079346862984202 0.03669776866573243 0.002457107560716487 3.1414998431443704 -0.3762220264882033 1.5388950339650187 0.07342784968077248
31 279 0.5799773043221603 0 0.0013388763595788603 0.5167551906996012 0.13548708374696355 0.010064992245361715 3.140430290402679 -0.37228900578287605 1.4951448391593944 0.07786397671817427
29 261 0.7920370752448409 0 0.0011167435047397293 0.4078914923795193 -0.0849523262847472 0.056254517733623825 2.0395162585869215 -0.31616755527053364 1.4212402067749572 0.07006945871754168
28 252 1.0631831672356988 0 0.0014011788060360195 0.4826845808990037 0.018405880268838777 0.048192195112242625 3.031143121651484 -0.37473671474028303 -0.5956546233187626 0.07998198245796927
36 324 0.7136639130885777 0 0.0011132625460048913 0.49955561942809446 0.0012388358022879312 0.03698208855716528 3.076697365091329 -0.36406486112546055 1.3747007956191422 0.06511262696895004
32 288 0.5343070928201548 0 0.0014344219631349986 0.5094206008332978 0.1342707189454167 0.03479696950198072 2.8346594430618524 -0.37535359490968634 1.5237958747446645 0.07505080089253487
30 270 0.7218967891263484 0 0.0011532498976169398 0.367327194241906 -0.07241080698056906 0.03276760832703221 3.126526813263054 -0.370958338061393 1.4575747821792735 0.07492059156222008
33 297 0.5643748582433695 0 0.0012526003512423553 0.5220415143410666 0.12942074132636977 0.0003862939916818159 3.1414030199886085 -0.3750792267174978 1.4194188796215421 0.0799944091815279
37 333 0.6390427292754058 0 0.000849921292547416 0.5021441442174539 0.026119032448381964 0.002472940363862565 3.0725136017061265 -0.19392358339217686 1.504565602637688 0.06699767223830193
29 261 1.182209904159518 0 0.0010415450905565712 0.5087891704986965 0.011820499601864376 0.02252888191988274 3.024591662784129 -0.29023752290918414 -0.771096201020448 0.0795252046031983
31 279 0.7219215182469046 0 0.0009334653739537352 0.3863903699237995 -0.09892066595405027 0.02658791966374628 2.8386760126880777 -0.3493895176359852 1.4640295729235042 0.0697477638286156
34 306 0.5091767650565273 0 0.001348565006798268 0.5170647712710296 0.13457645566783888 0.012398527653787891 3.127510592865635 -0.37692746480243344 1.5310595415093313 0.07986826488503726
38 342 0.6517163335232932 0 0.0007976881010570584 0.4939721505592227 0.01683363807329327 0.015280211804148968 3.096283272444049 -0.30394377962579655 1.0348251835835462 0.05772403023614191
30 270 1.3069666076058317 0 0.001405901176303353 0.4779429587542176 -0.025191870690153256 0.028715404969052134 2.8126725542589543 -0.08045996002685352 -1.1537985664430415 0.0793771141608407
32 288 0.7334966230002997 0 0.0013036839536517714 0.409052788395781 -0.1015822008093521 0.046421144447938184 3.0665342745890607 -0.37698096883533627 0.9700231568736768 0.07165641392610649
35 315 0.5344530792151562 0 0.0011991030033738938 0.5112583796149542 0.12751211971122692 0.008752797013011113 2.946480506984072 -0.3267336666772175 1.5378191586941465 0.07998226182416394
39 351 0.7035829079531901 0 0.0006955611512792825 0.49519201598594054 -0.0014588682192902963 0.02008456000964775 2.959843196437861 -0.3760112544452776 0.6817000350632786 0.048652425575183136
31 279 1.432722660485694 0 0.0018514198080053876 0.5283004107991837 0.014879795840237311 0.06542127957783156 2.8383376196916235 -0.056819433180445356 -1.159580951290681 0.07981162984805618
36 324 0.6139364126373382 0 0.0010684892888164423 0.4873332923376448 0.11521872262998187 0.014561022484309464 3.0103005513543333 -0.33301860736027167 1.2244237434482135 0.07915085909350159
33 297 0.7180912608939941 0 0.0012222558358273234 0.3981503922917654 -0.060053631508885784 0.026662793002466812 2.9372023327775203 -0.35845581436476204 0.5786753010048998 0.07196025105424333
40 360 0.7778850499830049 0 0.000881194716688247 0.4956698471630343 0.01304778664975226 0.031027934977530723 3.071628636737625 -0.29320902667643034 1.1997998574859197 0.043686245469372775
37 333 0.6727690170123938 0 0.0010102457307178386 0.5061218109992504 0.11231281122702305 0.004995556184818098 3.1405703060745718 -0.37041575146494393 1.1380678677485319 0.0798837653353482
32 288 1.4422596348104888 0 0.0023427846889028017 0.5655268707312013 0.012658345690477087 0.06412969112460432 2.261936105627308 -0.11515294539316778 -1.4752222884595918 0.07999454695716314
34 306 0.6953099598483501 0 0.0009782493466975542 0.39804227385828583 -0.08361833442935188 0.015881239153799496 3.1396589733858367 -0.22366743644180787 1.043381339634796 0.07313181175436477
41 369 0.8125877711233376 0 0.0007044909977861327 0.48116039333071337 0.025758237912124907 0.019960643496338058 2.7079944219085643 -0.3766774897704067 1.5039471249317191 0.04360478724854666
38 342 0.6909262246347135 0 0.0009616282393611655 0.48504840592177556 0.09917833043721663 0.01999128504155322 3.1170412798984364 -0.37069362088956487 1.2230469110225444 0.07518983379246565
42 378 0.7702415809118296 0 0.0008921262283532074 0.479256880218978 0.030475547652041503 0.03277960303113251 2.7703568418789573 -0.34123423589378055 1.5144589981463492 0.03871122271465086
33 297 1.3476347697255713 0 0.0017368313172335368 0.5565668118221381 -0.01709788303181047 0.027259785510176895 2.6672562400436455 -0.31732208348170965 -1.1868215875809822 0.07680195674395965
35 315 0.7166676294814388 0 0.0010134582141905454 0.4311244655166794 -0.09584101245900198 0.0016161368504168626 3.0989458311802047 -0.22681139384275206 0.5535729604053163 0.06395254111042228
39 351 0.5990219027956181 0 0.0011584412251370723 0.500949053169826 0.1124698467117714 0.0257970657818035 3.100527946799832 -0.37526216480899877 1.5300907399544295 0.0793941480927487
43 387 0.7244209505424327 0 0.0007189937174832107 0.4822462969004568 0.00733170103031712 0.02501832601401843 2.760960699714788 -0.37193240726836785 1.315861167490555 0.04588886136308937
36 324 0.6680117089078825 0 0.0009822891277554149 0.37446164348788086 -0.06802357404292347 0.014243233133795729 2.9076511085324697 -0.3231809488498194 0.8564562835303869 0.06937510457352565
34 306 1.476087013912106 0 0.0015395186989543483 0.5621475639082014 0.004261930390648372 0.012185283406303829 2.9682284952044355 0.09895706252170666 -0.45821732524416126 0.06215491792375423
40 360 0.5235010543353521 0 0.0011533365072700864 0.49512295184477756 0.12118972393685534 0.011783139977207303 3.11607602188804 -0.24906701192558423 1.5158814210592972 0.0794690844526132
44 396 0.73644010265179 0 0.0008522618088774624 0.4649317064226486 0.01889909067370609 0.025511690713819198 2.3333948762493844 -0.37699091373565147 1.1653783089571645 0.03390990592393659
41 369 0.46536342040755924 0 0.0010574149514579437 0.5008983242372794 0.10494622546490004 0.016094078098450693 3.135380747035122 -0.24463127780212515 1.4166636789137894 0.0795093979280736
37 333 0.6249753772339715 0 0.001211296098861958 0.40968328261920184 -0.08729719622051535 0.03978871953878464 3.027917821421886 -0.29565025482595997 0.8778600925908024 0.0629113415689243
35 315 1.3788006995708955 0 0.0015131219228535723 0.5455512664883637 -0.018444588624882168 0.021938272915043015 2.9003327901175844 -0.19474571897191184 -0.8940017927236776 0.06990277920579656
45 405 0.6583425790312925 0 0.0009785615220042642 0.4712419233435797 0.04124126678275726 0.01439535114342181 3.0844899031688287 -0.30392667870000134 1.2542258574317189 0.06534162380231848
42 378 0.4197363672836891 0 0.0011236577228382345 0.5030273402938568 0.11296887140811858 0.019081557124244773 3.114373486266686 -0.3293263946746192 1.5372727686243148 0.07999768366854043
38 342 0.6254429755391304 0 0.0007519873302121587 0.398311951426819 -0.09162557682141159 0.011634587747609563 3.141191547456588 -0.3644710414855251 0.7640261170110222 0.06181031832667294
46 414 0.6020681748913508 0 0.0009092286040238043 0.5067182341207073 0.02123354479365442 0.031601666972813434 2.8597602151099064 -0.3584098963907437 1.4304727046727315 0.044816719922860244
43 387 0.38460559374094205 0 0.000916694222425107 0.49900764719692414 0.10552126471637871 0.0033060096365045387 3.0591836319549794 -0.2920861657448382 1.5102479045006014 0.07917315032219431
36 324 1.4387965712977722 0 0.0021348942440709636 0.574376431974676 0.027781684161067573 0.07456408722221436 2.923139252778217 -0.37651905992390033 -0.07976207701309068 0.07662556369815457
39 351 0.5983976871415343 0 0.0008335565150540069 0.39649328658688093 -0.09117579562083325 0.018478192438927506 3.0395120614496975 -0.36047158172229726 0.7878870052512763 0.06316631176110729
44 396 0.34848283902892874 0 0.000981569845961484 0.48809214769847775 0.09559936960514971 0.019442946898513166 3.0904132541087757 -0.3421811053652442 1.2151637898299796 0.07867418086420147
47 423 0.5588199848446469 0 0.0009058242667160228 0.4911989387805951 0.01480405710171567 0.04490877515817661 2.4693097877321186 -0.36805604079050314 1.5374904028386496 0.040269051199505475
45 405 0.3498811412059879 0 0.000964417452211153 0.48482177532852705 0.1073064374075613 0.011624285048151262 3.087671283810219 -0.35938589554813866 1.4994972820957957 0.07999823513380924
40 360 0.6541964034620004 0 0.00080138809175816 0.37916993868963716 -0.0636377238650545 0.007059280711059886 3.1129087243546736 -0.36822078583635576 0.9211297642822588 0.05768236130582949
48 432 0.5653839613013085 0 0.0007711554624651931 0.49182966140963225 0.027620072147974954 0.033446256940333555 2.3044588550588365 -0.1725385392888693 1.533716331385977 0.02756386938505421
37 333 1.4914209248631802 0 0.0012076377819078337 0.520104724356567 0.008437136957861038 0.03273833182457468 3.1384120378547378 -0.013031395118035527 -0.11060018001475846 0.0642812297600909
46 414 0.38017462605006047 0 0.0009458269134342014 0.48205094260101305 0.10533560931731997 0.011172803957031864 2.8896337778094523 -0.3751512841671678 1.4497414994474258 0.0798666982463762
41 369 0.6241249913699289 0 0.000976728590592598 0.4140201980264653 -0.0918759127514457 0.021919048077664913 3.1366453336724867 -0.28129029435201913 0.4288396856479136 0.05936467316590957
49 441 0.513960908030265 0 0.0007969854399453381 0.48358040482012377 0.021280856946112515 0.03092188868450053 2.7964681481946663 -0.22773129380137047 1.5330324486069438 0.034863904501259445
38 342 1.4946105880547946 0 0.000925818152227233 0.5094408105020115 0.033528729802498956 0.020315288280603187 2.539914373169859 -0.2641198443442262 -0.7851466027594842 0.05641372700276995
47 423 0.3720947939038247 0 0.0008853765608594067 0.48697829254122 0.09686062000394359 0.010400303443411472 3.088706665415472 -0.3769514378756633 1.4222806823105 0.07961848370506265
50 450 0.4611738696922731 0 0.0006366873399818824 0.47823869064917846 0.007695947770883397 0.02528888978746735 2.655576005106587 -0.23526197974380791 1.3590942812656934 0.03193005124408595
42 378 0.6056041384735815 0 0.0010422609056243651 0.397800420543137 -0.08853168340251834 0.03566354584132395 3.113315465336986 -0.35952317348478674 0.6241036307610768 0.05834061683098182
48 432 0.38393960663056453 0 0.0008683224840189536 0.4934134536201385 0.1006720400082319 0.0049068847153762125 2.9972033141619523 -0.2912347818441679 1.533770827456593 0.07831857630374067
51 459 0.431179065053711 0 0.0006952485964603398 0.49055613727366104 0.024949026902812373 0.02178059270056947 2.468258015059403 -0.296174733395403 1.5230748759525787 0.04259313160609166
39 351 1.4059657532124283 0 0.002039319412556575 0.5654698695515661 -0.0079105897817579 0.05721442996792809 2.7014220156718416 -0.3758442424113167 -1.0012507267038182 0.07465415944035793
49 441 0.42503238102622104 0 0.0008186302900047561 0.49385771740120726 0.0785123093800785 0.014094455791216227 2.9452638952257075 -0.3142466094378117 1.527173309596621 0.07242052837571339
52 468 0.42202602841955705 0 0.0006389072235826468 0.48138424754645626 0.02177720479064963 0.01701040380327276 2.785182450823916 -0.2382513246035718 1.366608066969433 0.035603525376092564
43 387 0.5554794087329132 0 0.0008100869236571694 0.4061846640782382 -0.10432138945439769 0.01342669502776123 3.1390118464865964 -0.15774142970434069 0.4539324145732302 0.05803079755768576
50 450 0.41351948332431265 0 0.0007956808812858333 0.4872038103073923 0.07449712984862505 0.007840771982106576 3.0209520433745505 -0.35518817898415944 1.4956923882564508 0.07438209566964746
53 477 0.39774045063302466 0 0.0006176596039354125 0.48144395503130366 0.02396060171395839 0.0192927671420172 2.538051334835684 -0.21407619168219572 1.5262304259866823 0.028343045042664862
44 396 0.5045839113343629 0 0.0008378575916538759 0.4037135343468313 -0.11008303938404826 0.01920902717024921 3.1229185226759038 -0.1978897967135519 0.28379368312045605 0.05699898855296746
40 360 1.6324456853394016 0 0.002413745068991845 0.5749361617896442 -0.006070210478570582 0.08380752294433905 2.326680044817138 -0.2808558756395355 -0.5221137533029616 0.07707512637954593
51 459 0.3856118796880963 0 0.0008029921399796581 0.49174203073767836 0.09242052633388911 0.005731916574115806 3.03580109241345 -0.3463341915571664 1.2876819226352756 0.07534782535312698
54 486 0.35724897903066677 0 0.0006147149709317783 0.48299617171369724 0.02107202706449473 0.020909424477451942 2.7784692240784246 -0.35363628047589785 1.5388654187864232 0.0341463108750321
52 468 0.3797580323493134 0 0.0007899992069362449 0.4978481021848674 0.08810389780903854 0.005464654376185018 3.0999475034429698 -0.3399325214725041 1.0942563963281702 0.07369538369673828
45 405 0.47946723931555185 0 0.0008299577184476709 0.39741800010824346 -0.08996135994265278 0.021829156639843614 2.6405454709766243 -0.3616474885093148 0.7529705222229095 0.05901295157992346
55 495 0.35673137880707195 0 0.0005993649976416174 0.4718639601972783 0.009696628572643558 0.019328065390487145 2.467242236407513 -0.36816474155380613 1.530441405691685 0.03442030591142339
41 369 1.7530115409717535 0 0.0023547960246781624 0.5294043572649456 0.07909782290740702 0.09404963281790944 3.042882510198688 -0.03850477133587815 -0.3003698612382286 0.07169976397422534
53 477 0.35772423510329365 0 0.0007891633736088607 0.5010985762368674 0.08279610606069626 0.0034338511314200683 3.081268731482244 -0.34020451660551265 0.8599524394728992 0.07492004262966583
46 414 0.4634113812235238 0 0.0008585235014839122 0.39630737382959713 -0.09634804143973733 0.02464256572768135 2.986773256903618 -0.16091352697017514 0.6524884070866149 0.05257538088625617
56 504 0.3592395311269508 0 0.0007615276242194578 0.48115601587427453 0.018578708498592715 0.02891187043644991 2.541947311756468 -0.3687484985575113 1.5335821270250365 0.044364925468262977
54 486 0.37805104772764636 0 0.0007205433399496019 0.49427427061399676 0.06721108946703325 0.002213498404136916 3.139330331179665 -0.27936454961238183 0.7980862267944754 0.07072369053367503
47 423 0.5093819322550006 0 0.0006552820862151288 0.38427621105267706 -0.107239313183921 0.011701650540724778 3.1359402437907997 -0.1527052548386273 0.5426670443461542 0.054259335500786626
57 513 0.3279293478192087 0 0.0006590243821690663 0.4838308580894286 0.01660734733954562 0.023005489595671252 2.4575270351481073 -0.37657356503189415 1.425891122716579 0.04185003834224928
58 522 0.30355066843224987 0 0.0006173885792451181 0.47700505416007155 0.01551125709392087 0.020507946470659198 2.558444230066696 -0.32616862930445323 1.5137881667248023 0.036614230481949214
48 432 0.47780655029277613 0 0.0008017148616037837 0.4027849727483803 -0.09453429885362426 0.006712902176674803 2.9708157189973505 -0.3273374826787506 0.39917794961303305 0.05801959133495531
42 378 1.6295173488230692 0 0.0024332599629205208 0.5724978553043176 0.02155515957159046 0.08491093909890436 2.998407837018645 -0.15329582571231615 -0.6148588001928241 0.07501169980532688
55 495 0.362515505343256 0 0.0007740440564031737 0.4929433554666912 0.08020191878376595 0.00736366149530002 3.136689447841861 -0.270048199282096 0.8223840528046849 0.07060473710758612
59 531 0.29004479457023014 0 0.0005860652298243826 0.4821973954035374 0.011507233262633393 0.02108066547525819 2.6113110389619436 -0.33543337994959116 1.2572784274848068 0.0333354442697975
49 441 0.45367631176369355 0 0.0006401577385590203 0.3952039390635452 -0.10160090071001394 0.009340747386552047 3.019620381784364 -0.266241593087843 0.4139547906378562 0.0545115859317732
56 504 0.3542788767201548 0 0.0007757547995875742 0.49015656348621744 0.07211894516547263 0.005428364402906432 3.1386355803441535 -0.24410452953556655 0.7287904303148754 0.07400353089840124
60 540 0.28564181959206486 0 0.0005043620370180501 0.482240332013908 0.006447595841433112 0.013261377882687208 2.7279534694341905 -0.307588008391384 1.1656388130131834 0.03501635305841616
50 450 0.4646285820583307 0 0.0006699617408196345 0.38834946485160693 -0.08679029416156321 0.0074862415686843455 3.0980487322632038 -0.37575935777238995 0.5054865856075644 0.05901187809876629
43 387 1.549787240971034 0 0.0022393196329419172 0.5245522569720541 0.03049919797507221 0.09165841513134211 2.8496332827459945 -0.1988345830526993 -1.5363201793899373 0.0789588979038897
61 549 0.27181871439444905 0 0.0006236417342465317 0.4804016232053353 0.008120474966211853 0.022858775758610145 2.5195510777054313 -0.29147972193803007 1.197446194806289 0.035185104219083795
57 513 0.32462427525028115 0 0.0007356886307900467 0.4870950044730785 0.063668119934478 0.006369205075173714 3.122691511694831 -0.232017952781107 0.7204224147289612 0.06802311939221048
51 459 0.5056961092349643 0 0.0006068924664991798 0.3893838591314686 -0.11233564431370867 0.004618951157950715 3.130029838903497 -0.37416589173961273 0.3466233385916065 0.05727001501504911
62 558 0.2536873844144717 0 0.0005876951597385469 0.47918922348798426 0.011694272239144779 0.01370341195099203 2.77190223884727 -0.34019124727005395 1.2941443767581737 0.042913118177087074
52 468 0.4964915336694217 0 0.0006900695156870024 0.4000888343974611 -0.11349726843943307 0.006296814412908223 3.135121960417091 -0.3137316088702552 0.09078163747202211 0.057263920999577694
58 522 0.29959939358356846 0 0.0007160210486246622 0.4928356556641419 0.06629318445309279 0.002217857077699016 3.123364708061916 -0.32412950676858954 0.8679316796267383 0.06996204362435776
63 567 0.23444472066659075 0 0.0005920576872058494 0.4812123320228459 0.00779175243203105 0.017034300785028707 2.76043194019954 -0.3594855600540868 1.2931342104650518 0.0414715274402288
44 396 1.409167625425221 0 0.0016530118337166938 0.49616239944257146 0.044275408662794544 0.07030722257446573 2.6694686064851414 -0.10958130462610582 -1.512845259969977 0.06670685307369816
53 477 0.4405280762186212 0 0.0005786281684134266 0.39026613979087404 -0.1043204272974909 0.0038618268896846632 3.1318689133739026 -0.3760459418871013 0.29166576110473086 0.05585023415603363
64 576 0.20381445555295638 0 0.0005645578464853187 0.47884619749281565 0.008745186270396646 0.01493192606038604 2.7911872693062314 -0.35478779643012853 1.3217279380099585 0.039986305754535004
59 531 0.2993568205527806 0 0.0006786551904822973 0.4904500669113245 0.07040551717827609 0.000176569336561694 3.1338607995598315 -0.2598635768320634 0.8239249290952124 0.0677430912030436
54 486 0.4526906465188904 0 0.0006257845463776354 0.3750823714982244 -0.10661129594208542 0.005505239752359156 3.137588969994215 -0.3501403931617355 0.683110916932446 0.055975264056399895
65 585 0.20872605759388482 0 0.0005626599177720651 0.47724863348414365 0.011559708872127688 0.014126676441149153 2.7559619955399626 -0.287802605642522 1.3912050321966571 0.03873632765654052
45 405 1.4199970528754011 0 0.001433989545209155 0.4906087394980454 0.07150890864106818 0.050488936996323015 3.1034618263493 -0.11297829820749306 -1.16210091688101 0.05754443796268566
60 540 0.306662144530618 0 0.0006269327889666857 0.4949035722903842 0.059351645034950405 0.003897082664787256 3.1111149212919953 -0.2595783209940052 0.3440403237387949 0.06138974003389963
55 495 0.4302752567906565 0 0.000601539723641581 0.39364240674971396 -0.10324580237853698 0.012313162311632915 2.8701775500011557 -0.3762774337482496 0.4242085559146774 0.04951461767306244
66 594 0.18510148406463606 0 0.0005662223199992446 0.4782545373537439 0.00655249288645599 0.015725101426177092 2.812143748755787 -0.3270950632328764 1.2273631201643644 0.03837763661823449
56 504 0.4271375623527276 0 0.000570549318357306 0.4019496898150845 -0.10758198105463351 0.003392756664375788 3.1393399270151936 -0.3347234296714027 0.07640887088528886 0.05061121797648205
67 603 0.18113482156908306 0 0.0005343118783905683 0.4798981786691551 0.005918008612032403 0.012646204868568595 2.8855131887279306 -0.26382264643593434 1.3146046183838034 0.03898780137274286
67 603 0.18113482156908306 0 0.0005343118783905683 0.4798981786691551 0.005918008612032403 0.012646204868568595 2.8855131887279306 -0.26382264643593434 1.3146046183838034 0.03898780137274286
61 549 0.3064257562865161 0 0.0006496662692450509 0.4955050753602285 0.06065113069735523 0.0034094196380167526 3.136081953363993 -0.20318122852833764 0.3918862092068694 0.06364099864300637
46 414 1.4713558673525216 0 0.0015059767306611887 0.5134966597585299 0.0786484434428225 0.0582953744201019 2.051674148180396 0.1786596475558352 -1.4449402996121457 0.05174649517513415
57 513 0.389701105859781 0 0.0005976858716682695 0.39237937978758175 -0.1123592810093598 0.0038650815074143365 3.141512721859588 -0.32048405107798705 0.11480323071063137 0.05636862570720655
62 558 0.302737564673215 0 0.0006786123979107906 0.4908538695526903 0.06793630010318555 0.004667904659883974 3.1413260735478286 -0.2550888124931903 0.6900281173202618 0.06457774419406677
47 423 1.4304916056025245 0 0.0013023463090255083 0.4941681302780798 0.09562184501502463 0.02662332177994601 3.1236151133087966 0.020987644504009362 -0.8294797629073906 0.05796063994254271
58 522 0.3899950461826243 0 0.0007271436033039863 0.39731362223431577 -0.10904744975737546 0.020710737245416742 3.1365515130448665 -0.312819888085783 0.07962466483783827 0.04761548840514851
63 567 0.3190090617137068 0 0.0007083691517140772 0.48660163841317505 0.06890565997791245 0.003000033409802448 3.085781974854324 -0.3069728417363215 0.8441470319727096 0.06830783044424354
59 531 0.35348842895870886 0 0.0006081695927991617 0.4049502738240633 -0.10842091849966827 0.006251564589493861 3.138274800944622 -0.36355053500488055 0.0434793481576493 0.05062947117742107
48 432 1.4189033715718802 0 0.001202247430450209 0.4733777779895198 0.05690651959446519 0.046297348234983465 2.954042693590832 -0.08730288405465048 -1.2261192416775626 0.0395543806937432
64 576 0.29346587969427046 0 0.0006776814553824822 0.4928744653016377 0.06708655303266427 0.007003365337991778 3.1413958761311083 -0.20706290414432194 0.5943440413355914 0.0622239901468154
60 540 0.3315962746734626 0 0.0006684795098920543 0.3901051924429429 -0.09579452524388729 0.015680626620487158 3.1411616278662975 -0.37605045718672503 0.3731690745831255 0.05186865546639248
61 549 0.32376738375792924 0 0.0005721649102823286 0.38930409839962726 -0.10304239082337349 0.008084274930636142 3.028862621073114 -0.3757893045759511 0.28272264165053673 0.05108172173617778
65 585 0.26763119311779987 0 0.0006416102123503101 0.4911239421424272 0.06238741121328574 0.0026951562763913293 3.1170957806798474 -0.25406937807837 0.6831504263522027 0.062057869743315466
49 441 1.3370472334574839 0 0.0011004912682352748 0.5139101000753303 0.010156778546295563 0.03028586827086945 2.603757495941217 0.14925500461136776 -1.329944533385112 0.04987720997944582
62 558 0.32464785242446104 0 0.0006513824508333224 0.3835028789532148 -0.10467249917339969 0.010282523349099978 3.0978993034054536 -0.36334344929865275 0.6651663486816769 0.05703206433892534
66 594 0.26241098995669376 0 0.0006559115272555938 0.49869442634108235 0.06604540582323393 0.003097697818058615 3.0989639927133683 -0.24121337555916395 0.6671045175983166 0.06320691862886044
50 450 1.2109162623539844 0 0.0011475210303766611 0.4727005158535096 0.07666575025188302 0.0270189186311496 3.1330583247749852 0.06276354881555701 -1.1315863592643638 0.05255714237846039
63 567 0.2855241952869358 0 0.0006322446389551838 0.39325937045276327 -0.1023290299779916 0.014497375142867506 3.0027580330429857 -0.35725074149586683 0.2744067872275201 0.04921903328316816
67 603 0.24674345892912933 0 0.0006518953996622236 0.4994483691960342 0.06883247844187741 0.0019529680456828217 3.1341385983938275 -0.2385295636635506 0.6449325589611532 0.06310920883013152
67 603 0.24674345892912933 0 0.0006518953996622236 0.4994483691960342 0.06883247844187741 0.0019529680456828217 3.1341385983938275 -0.2385295636635506 0.6449325589611532 0.06310920883013152
64 576 0.2572442916068891 0 0.0005934001410472788 0.3937885269888028 -0.09906068848906108 0.010465858940460745 3.014379524044649 -0.3249548945860645 0.425257101780949 0.04833989299349068
51 459 1.2554955550869504 0 0.0005827493261461878 0.49838724944522916 0.014430253690945978 0.007877254739152184 2.955529525247883 -0.17680573387975418 -1.3670724404625083 0.041792057760570905
65 585 0.2277937544887515 0 0.0005807306612566373 0.38592015392305357 -0.10911836970372688 0.008741148539766506 3.09025266960336 -0.37558431710132617 0.41688628535997635 0.0506474001609145
66 594 0.22779654754832554 0 0.0005493427700458182 0.39057168472454407 -0.10596704575060745 0.005640844063274452 3.059802496788944 -0.3132413844496791 0.31251134416126625 0.05039636590436953
52 468 1.1248839643321034 0 0.0014823267339047809 0.5211939566551668 0.044386620047700345 0.055180612604950566 2.804303096967793 -0.24999448597690876 -1.1838181906256546 0.06401050908534615
67 603 0.21961785256306549 0 0.0005515988744288241 0.39447254318661834 -0.10517305864350791 0.006433147809355791 2.995768058878029 -0.3075849850470942 0.23084743423487442 0.04924012091269448
67 603 0.21961785256306549 0 0.0005515988744288241 0.39447254318661834 -0.10517305864350791 0.006433147809355791 2.995768058878029 -0.3075849850470942 0.23084743423487442 0.04924012091269448
53 477 0.9189979913384402 0 0.0009655189282530868 0.5078638081744814 0.06902435376685587 0.0193607427246054 3.0792531781694987 0.20758726486494272 -1.227737082931112 0.04892982436387777
54 486 0.864575855677314 0 0.000751945557227951 0.5098183242400259 0.047569358624183065 0.01259891926379833 2.9543487597414853 -0.07321515264815048 -1.4857896958222738 0.05547509015735823
55 495 0.938386532144115 0 0.0007097040672496293 0.5021946544565987 0.055351338612006994 0.0010457572216115221 3.118972658767444 -0.0023051363058730345 -1.417023393384014 0.06662596695497666
56 504 1.018107371582691 0 0.0006868117543546571 0.4873507680982 0.03636031957157688 0.0024534676471721223 3.1404867086739916 0.0036389581281895955 -0.8410811946528374 0.06772667210680573
57 513 1.0079561763995055 0 0.0009245726116794235 0.5044533833690227 0.03534218940095081 0.019740303884132386 3.0538755077607282 0.29465557507777895 -1.535792642612191 0.0707764553668047
58 522 0.9823002630566823 0 0.0008010241307378563 0.49433421334358707 0.05465461880691164 0.0069885737931813935 3.124379145006109 0.19249506960762186 -1.3662889937074085 0.074722659991
59 531 0.8647541348258057 0 0.0007720831355291064 0.4990018742926522 0.04577424064398142 0.012410173549785594 3.1355835304800475 0.0702921458960174 -1.2665521956367694 0.06612248177785125
60 540 0.8024197338476213 0 0.0006963384262694131 0.48811336314168774 0.05396365414899173 0.014156922956439697 2.9502667212195828 0.0950516199958249 -1.3814276412514939 0.053623570344625934
61 549 0.839394014972833 0 0.0009427961994171877 0.48349938676120197 0.03285763527821041 0.018324917285480073 2.8097251255950777 0.13632442996042604 -1.267486280298014 0.05951966507984127
62 558 0.8458830935890458 0 0.0008609809172372525 0.5021661235519791 0.00741419088441049 0.011875803487907786 2.816593525253733 -0.02032215846843244 -1.4450628087328161 0.057548463026438325
63 567 0.8543370321383775 0 0.0007098903634347479 0.49363983749870266 0.020658636162941467 0.0012984424278747447 3.035182001649447 -0.026321829786180584 -1.2891090569397754 0.06425393201935387
64 576 0.8182763514890325 0 0.0009894403243411601 0.5012839735659314 -0.004382779356640328 0.012032864818925983 3.1415681264161535 -0.10190342715421918 -1.3174718029278492 0.06208015201208022
65 585 0.73330373706719 0 0.0009361484814771025 0.4982893677426903 4.285201463191668e-05 0.014984998976119233 2.9782595490661805 -0.19199971554480755 -1.288012719787085 0.06498775693715264
66 594 0.7248594984507443 0 0.0008879215971756546 0.5187277209352195 0.004144735016355303 0.008638025864039889 3.0886415244888603 0.003450858713584415 -1.510746848233814 0.05145769136726662
67 603 0.7081077302266787 0 0.0007395042670741753 0.5107590567819886 0.013366566621978188 0.015369743260862139 3.112511072566175 -0.15581747991520023 -1.4976543413289223 0.046408314049390394
67 603 0.7081077302266787 0 0.0007395042670741753 0.5107590567819886 0.013366566621978188 0.015369743260862139 3.112511072566175 -0.15581747991520023 -1.4976543413289223 0.046408314049390394
