% # columns="iteration, evaluation, min 25%tile 75%tile max correlation, correlation matrix principal axes lengths  (sorted square roots of eigenvalues of correlation matrix)", seed=2567, Fri Aug 28 18:31:03 2026
72685
1 9 -0.04177129464820821 -0.025747947909930863 0.020144064055994265 0.11707323573406124 0.9243598492997621 0.9707586889514407 0.9786712527255628 1.0089011144564894 1.0160030639491058 1.030125240362089 1.064935359718988
1 9 -0.04177129464820821 -0.025747947909930822 0.020144064055994275 0.11707323573406124 0.9243598492997622 0.9707586889514405 0.9786712527255627 1.0089011144564894 1.0160030639491056 1.0301252403620886 1.064935359718988
2 18 -0.17927286266217118 -0.06744374447283255 0.048062134994132893 0.12471541932216293 0.9077537271983461 0.9527605644145449 0.9646777575827681 0.987364973253279 1.003259882377696 1.0317566330864933 1.1365234576396293
2 18 -0.09506951801946288 -0.03635498536535295 0.04871349890904271 0.10451868805251778 0.9243598492997621 0.9707586889514407 0.9786712527255628 1.0089011144564894 1.0160030639491058 1.030125240362089 1.064935359718988
2 18 -0.1655507176967718 -0.03273524416644591 0.034211543112082646 0.10026030579343918 0.9266557223263522 0.950262701040905 0.9722476901533489 0.9853387702934547 1.0014566761749446 1.0288168284817454 1.1228412030272685
2 18 -0.0857824895116351 -0.04441551828858889 0.05222705359960218 0.10785350887371067 0.9243598492997622 0.9707586889514405 0.9786712527255627 1.0089011144564894 1.0160030639491056 1.0301252403620886 1.064935359718988
3 27 -0.11715375264449655 -0.045932613395733624 0.03543610642513927 0.14165876289516902 0.9243598492997621 0.9707586889514407 0.9786712527255628 1.0089011144564894 1.0160030639491058 1.030125240362089 1.064935359718988
3 27 -0.1924888916708574 -0.06720130574319731 0.0536250530187503 0.16192689557112605 0.9077537271983461 0.9527605644145449 0.9646777575827681 0.987364973253279 1.003259882377696 1.0317566330864933 1.1365234576396293
3 27 -0.13627279793381744 -0.01815485068799335 0.043158147861970524 0.13737371469600085 0.9266557223263522 0.950262701040905 0.9722476901533489 0.9853387702934547 1.0014566761749446 1.0288168284817454 1.1228412030272685
3 27 -0.1083999286508844 -0.06818695525452997 0.06318309129980651 0.14133662313794906 0.9243598492997622 0.9707586889514405 0.9786712527255627 1.0089011144564894 1.0160030639491056 1.0301252403620886 1.064935359718988
4 36 -0.25610500652556917 -0.13512830584227875 0.0985025213531412 0.28094372039817345 0.9077537271983461 0.9527605644145449 0.9646777575827681 0.987364973253279 1.003259882377696 1.0317566330864933 1.1365234576396293
4 36 -0.1381531171466782 -0.03826623090238038 0.022004724359349803 0.10312373933909305 0.9266557223263522 0.950262701040905 0.9722476901533489 0.9853387702934547 1.0014566761749446 1.0288168284817454 1.1228412030272685
4 36 -0.1547405574118427 -0.09760197323869749 0.08557313771280224 0.19314340325168333 0.9243598492997622 0.9707586889514405 0.9786712527255627 1.0089011144564894 1.0160030639491056 1.0301252403620886 1.064935359718988
4 36 -0.1513131829184889 -0.04843742801184306 0.05891020938754858 0.14034856123375514 0.9243598492997621 0.9707586889514407 0.9786712527255628 1.0089011144564894 1.0160030639491058 1.030125240362089 1.064935359718988
5 45 -0.24151286318480195 -0.1632744425553793 0.10188373680497496 0.2689769635558141 0.9077537271983461 0.9527605644145449 0.9646777575827681 0.987364973253279 1.003259882377696 1.0317566330864933 1.1365234576396293
5 45 -0.15052015881997902 -0.04777154364630982 0.04853375856309787 0.15763074840990002 0.9266557223263522 0.950262701040905 0.9722476901533489 0.9853387702934547 1.0014566761749446 1.0288168284817454 1.1228412030272685
5 45 -0.17852321817117386 -0.11916160932104738 0.09981772367863417 0.21742770890413923 0.9243598492997622 0.9707586889514405 0.9786712527255627 1.0089011144564894 1.0160030639491056 1.0301252403620886 1.064935359718988
5 45 -0.1927214587561235 -0.06214716183664046 0.06385565445410443 0.15428600111941712 0.9243598492997621 0.9707586889514407 0.9786712527255628 1.0089011144564894 1.0160030639491058 1.030125240362089 1.064935359718988
6 54 -0.20116449453960528 -0.04319229798440273 0.0557500444290426 0.1114738345015675 0.9266557223263522 0.950262701040905 0.9722476901533489 0.9853387702934547 1.0014566761749446 1.0288168284817454 1.1228412030272685
6 54 -0.15498133778951917 -0.09247519382727375 0.07873677144869799 0.23964190353295892 0.9243598492997621 0.9707586889514407 0.9786712527255628 1.0089011144564894 1.0160030639491058 1.030125240362089 1.064935359718988
6 54 -0.1919001721667709 -0.09009756626823637 0.10463076420207093 0.22251841414976942 0.9243598492997622 0.9707586889514405 0.9786712527255627 1.0089011144564894 1.0160030639491056 1.0301252403620886 1.064935359718988
6 54 -0.27112359639175415 -0.13799232513824888 0.10691639557103742 0.24438316870098292 0.9077537271983461 0.9527605644145449 0.9646777575827681 0.987364973253279 1.003259882377696 1.0317566330864933 1.1365234576396293
7 63 -0.18093129357365503 -0.04070936921034522 0.06067747193688404 0.14904941831015053 0.9266557223263522 0.950262701040905 0.9722476901533489 0.9853387702934547 1.0014566761749446 1.0288168284817454 1.1228412030272685
7 63 -0.17680418753391083 -0.0983241409154321 0.14800352463554362 0.21867716022547262 0.9243598492997622 0.9707586889514405 0.9786712527255627 1.0089011144564894 1.0160030639491056 1.0301252403620886 1.064935359718988
7 63 -0.328232088601898 -0.140792474401971 0.09256183654440742 0.2621549274117131 0.9077537271983461 0.9527605644145449 0.9646777575827681 0.987364973253279 1.003259882377696 1.0317566330864933 1.1365234576396293
7 63 -0.18823127300834133 -0.09827154826100844 0.053994997826819636 0.25861531992826053 0.9243598492997621 0.9707586889514407 0.9786712527255628 1.0089011144564894 1.0160030639491058 1.030125240362089 1.064935359718988
8 72 -0.1603135532658586 -0.05105490952793934 0.06851998267526478 0.17270147788966292 0.8412056768780675 0.9041976676716129 0.9597777673451271 0.9741628943643246 1.0114955699214678 1.1113833437917222 1.160317480128015
8 72 -0.24629736499371663 -0.17953356755556693 0.17242858228358568 0.21997406464808533 0.797409248193316 0.8262085484165481 0.8769462369128976 0.9090029837947771 0.9360069399701881 1.2054149211548464 1.3255424077035756
8 72 -0.25604483620252977 -0.11445740342461991 0.08533470762513656 0.26588798868025026 0.7895031399581282 0.8332126731633566 0.9073460791190947 0.9972815595151631 1.0144658990807214 1.0958922881003264 1.278465114705526
8 72 -0.28924209792752487 -0.11257266179529665 0.09783832871754888 0.2870433104816702 0.738368462062413 0.8133153486770782 0.8856249959781559 0.9636951808447277 1.0255839730373928 1.1347851711895385 1.3193673681921847
9 81 -0.2130043200216994 -0.05620867999672193 0.09529198128963653 0.22076215898454774 0.8412056768780675 0.9041976676716129 0.9597777673451271 0.9741628943643246 1.0114955699214678 1.1113833437917222 1.160317480128015
9 81 -0.2608133322678536 -0.08862258356656744 0.08870440100352478 0.2720130119040191 0.738368462062413 0.8133153486770782 0.8856249959781559 0.9636951808447277 1.0255839730373928 1.1347851711895385 1.3193673681921847
9 81 -0.2229406132999969 -0.10379110115559764 0.08570436129014145 0.2544448477049075 0.7895031399581282 0.8332126731633566 0.9073460791190947 0.9972815595151631 1.0144658990807214 1.0958922881003264 1.278465114705526
9 81 -0.23954749528980637 -0.17217911920215806 0.15957740563511325 0.18578754950994547 0.797409248193316 0.8262085484165481 0.8769462369128976 0.9090029837947771 0.9360069399701881 1.2054149211548464 1.3255424077035756
10 90 -0.24448408511084357 -0.08574426351036245 0.10069265309648036 0.22052981353459813 0.8412056768780675 0.9041976676716129 0.9597777673451271 0.9741628943643246 1.0114955699214678 1.1113833437917222 1.160317480128015
10 90 -0.22671634174964084 -0.09420191171524617 0.07812081961621725 0.22823842650067755 0.7895031399581282 0.8332126731633566 0.9073460791190947 0.9972815595151631 1.0144658990807214 1.0958922881003264 1.278465114705526
10 90 -0.26140666546488667 -0.11290619652896991 0.07672012185239922 0.2893171810330026 0.738368462062413 0.8133153486770782 0.8856249959781559 0.9636951808447277 1.0255839730373928 1.1347851711895385 1.3193673681921847
10 90 -0.21910091923713082 -0.1347229217830418 0.15030292547472127 0.21993240374555842 0.797409248193316 0.8262085484165481 0.8769462369128976 0.9090029837947771 0.9360069399701881 1.2054149211548464 1.3255424077035756
11 99 -0.2515263483277765 -0.10261425422292272 0.08429540134203918 0.23417791175534075 0.8412056768780675 0.9041976676716129 0.9597777673451271 0.9741628943643246 1.0114955699214678 1.1113833437917222 1.160317480128015
11 99 -0.24358552332209502 -0.16162579174317526 0.10167690785534489 0.3845574010687679 0.738368462062413 0.8133153486770782 0.8856249959781559 0.9636951808447277 1.0255839730373928 1.1347851711895385 1.3193673681921847
11 99 -0.22716579363741507 -0.09879015479764977 0.08668709370110544 0.2100272059019676 0.7895031399581282 0.8332126731633566 0.9073460791190947 0.9972815595151631 1.0144658990807214 1.0958922881003264 1.278465114705526
11 99 -0.2413746983055104 -0.09486315245373803 0.1715707983039341 0.2519463028034516 0.797409248193316 0.8262085484165481 0.8769462369128976 0.9090029837947771 0.9360069399701881 1.2054149211548464 1.3255424077035756
12 108 -0.2712907163562233 -0.06281244830463283 0.09397250699431264 0.16800735206881112 0.8412056768780675 0.9041976676716129 0.9597777673451271 0.9741628943643246 1.0114955699214678 1.1113833437917222 1.160317480128015
12 108 -0.20910606920872188 -0.0645935277915148 0.07824494000506424 0.2228450978893522 0.7895031399581282 0.8332126731633566 0.9073460791190947 0.9972815595151631 1.0144658990807214 1.0958922881003264 1.278465114705526
12 108 -0.28469556717052924 -0.1701275323459064 0.0860936277431951 0.32080819721023496 0.738368462062413 0.8133153486770782 0.8856249959781559 0.9636951808447277 1.0255839730373928 1.1347851711895385 1.3193673681921847
12 108 -0.23688585322127084 -0.10336223623282172 0.1484189791068925 0.200193892818288 0.797409248193316 0.8262085484165481 0.8769462369128976 0.9090029837947771 0.9360069399701881 1.2054149211548464 1.3255424077035756
13 117 -0.27617271852952235 -0.07454355606710786 0.06665575826966819 0.16127633317886908 0.8412056768780675 0.9041976676716129 0.9597777673451271 0.9741628943643246 1.0114955699214678 1.1113833437917222 1.160317480128015
13 117 -0.24407348757665076 -0.08690155312308624 0.05951379811385393 0.31627344044484823 0.7895031399581282 0.8332126731633566 0.9073460791190947 0.9972815595151631 1.0144658990807214 1.0958922881003264 1.278465114705526
13 117 -0.22875486093067465 -0.1379159677878617 0.056699601636852885 0.3164579152935037 0.738368462062413 0.8133153486770782 0.8856249959781559 0.9636951808447277 1.0255839730373928 1.1347851711895385 1.3193673681921847
13 117 -0.28568454087681583 -0.09512533023397965 0.15116019438801137 0.23272637570263252 0.797409248193316 0.8262085484165481 0.8769462369128976 0.9090029837947771 0.9360069399701881 1.2054149211548464 1.3255424077035756
14 126 -0.3175130090440926 -0.07083828427650946 0.07014684197534254 0.17445769341255102 0.8412056768780675 0.9041976676716129 0.9597777673451271 0.9741628943643246 1.0114955699214678 1.1113833437917222 1.160317480128015
14 126 -0.18349164773870535 -0.10334604400267133 0.10042082081698099 0.395238947685602 0.7895031399581282 0.8332126731633566 0.9073460791190947 0.9972815595151631 1.0144658990807214 1.0958922881003264 1.278465114705526
14 126 -0.346427708891163 -0.0849061984758495 0.10737233592736747 0.2415862623030636 0.797409248193316 0.8262085484165481 0.8769462369128976 0.9090029837947771 0.9360069399701881 1.2054149211548464 1.3255424077035756
14 126 -0.23626752715929172 -0.14785473451975514 0.07307445700177771 0.284845723323783 0.738368462062413 0.8133153486770782 0.8856249959781559 0.9636951808447277 1.0255839730373928 1.1347851711895385 1.3193673681921847
15 135 -0.2532045272032989 -0.08569363520776596 0.06004764645354663 0.1589003476343191 0.7507516649818389 0.8762789780159032 0.8986116204415775 1.005481781752269 1.0340553456749932 1.140631973908822 1.2164287379718886
15 135 -0.1916719666404182 -0.0690833659040318 0.08486531206762266 0.38153640639417036 0.7158802419394601 0.8519819159159363 0.9021156671424628 0.9587098095856746 1.0822516530621855 1.155410776492828 1.233881037726743
15 135 -0.29444555548196744 -0.07623492936399824 0.09641634609536372 0.2497302373627934 0.6681726562113317 0.8534473214171656 0.9327655120536414 0.9833866510513424 1.0741640723647194 1.1721869545457018 1.2083962323461654
15 135 -0.21879798187805455 -0.10031616457309163 0.10261666801536767 0.2920545862510125 0.7180683079688341 0.7921156818893583 0.9312812038779565 0.9703202883295188 1.0539624137978243 1.1610885903463612 1.2606193020196226
16 144 -0.25607692439004826 -0.05518209668015646 0.07701078337686572 0.15275294972686723 0.7507516649818389 0.8762789780159032 0.8986116204415775 1.005481781752269 1.0340553456749932 1.140631973908822 1.2164287379718886
16 144 -0.2180358610961374 -0.09491824080040498 0.10061027791644228 0.38063332476936496 0.7158802419394601 0.8519819159159363 0.9021156671424628 0.9587098095856746 1.0822516530621855 1.155410776492828 1.233881037726743
16 144 -0.23377141738164217 -0.08514088554136198 0.16637384379476516 0.24908363404385203 0.6681726562113317 0.8534473214171656 0.9327655120536414 0.9833866510513424 1.0741640723647194 1.1721869545457018 1.2083962323461654
16 144 -0.21651379184823644 -0.10900505200991868 0.0664089890001397 0.33331344321607037 0.7180683079688341 0.7921156818893583 0.9312812038779565 0.9703202883295188 1.0539624137978243 1.1610885903463612 1.2606193020196226
17 153 -0.2876671955357208 -0.08363019205907316 0.1122548750936177 0.39006881699277385 0.7158802419394601 0.8519819159159363 0.9021156671424628 0.9587098095856746 1.0822516530621855 1.155410776492828 1.233881037726743
17 153 -0.29707423725800164 -0.08734784253388313 0.07054706957511962 0.15491081217441707 0.7507516649818389 0.8762789780159032 0.8986116204415775 1.005481781752269 1.0340553456749932 1.140631973908822 1.2164287379718886
17 153 -0.22907044212508446 -0.0518950814320186 0.16343056363821853 0.23883561641289355 0.6681726562113317 0.8534473214171656 0.9327655120536414 0.9833866510513424 1.0741640723647194 1.1721869545457018 1.2083962323461654
17 153 -0.23685056854247322 -0.08846993501919027 0.08796681393817957 0.30724502185931 0.7180683079688341 0.7921156818893583 0.9312812038779565 0.9703202883295188 1.0539624137978243 1.1610885903463612 1.2606193020196226
18 162 -0.3002785134796324 -0.07992150777176327 0.0969762375023546 0.36148939940328395 0.7158802419394601 0.8519819159159363 0.9021156671424628 0.9587098095856746 1.0822516530621855 1.155410776492828 1.233881037726743
18 162 -0.2895597560966293 -0.08827964770985272 0.08646718677594212 0.1935644894172943 0.7507516649818389 0.8762789780159032 0.8986116204415775 1.005481781752269 1.0340553456749932 1.140631973908822 1.2164287379718886
18 162 -0.29736340900551883 -0.04266098126894605 0.1516011765172796 0.21938557415359342 0.6681726562113317 0.8534473214171656 0.9327655120536414 0.9833866510513424 1.0741640723647194 1.1721869545457018 1.2083962323461654
18 162 -0.23998004664268274 -0.08439459866678278 0.09742127116541516 0.29659396244588176 0.7180683079688341 0.7921156818893583 0.9312812038779565 0.9703202883295188 1.0539624137978243 1.1610885903463612 1.2606193020196226
19 171 -0.32156031000616325 -0.06673197016869395 0.0885885783734036 0.32215004281139364 0.7158802419394601 0.8519819159159363 0.9021156671424628 0.9587098095856746 1.0822516530621855 1.155410776492828 1.233881037726743
19 171 -0.27845414707446114 -0.0930510891081715 0.09122528631580222 0.18374976675431187 0.7507516649818389 0.8762789780159032 0.8986116204415775 1.005481781752269 1.0340553456749932 1.140631973908822 1.2164287379718886
19 171 -0.25954100911113287 -0.05258470976225217 0.14005667018832607 0.2322460978053878 0.6681726562113317 0.8534473214171656 0.9327655120536414 0.9833866510513424 1.0741640723647194 1.1721869545457018 1.2083962323461654
19 171 -0.2617700712207949 -0.12117475571577443 0.12316691472646732 0.30734220465359197 0.7180683079688341 0.7921156818893583 0.9312812038779565 0.9703202883295188 1.0539624137978243 1.1610885903463612 1.2606193020196226
20 180 -0.29673365640101673 -0.03963564961423338 0.05961528784723948 0.29596544870092867 0.7158802419394601 0.8519819159159363 0.9021156671424628 0.9587098095856746 1.0822516530621855 1.155410776492828 1.233881037726743
20 180 -0.21664500352602897 -0.11103897932433499 0.06799927309401782 0.2196044456570498 0.7507516649818389 0.8762789780159032 0.8986116204415775 1.005481781752269 1.0340553456749932 1.140631973908822 1.2164287379718886
20 180 -0.2991383644953976 -0.031838155057984194 0.08775210968662112 0.2691520935704801 0.6681726562113317 0.8534473214171656 0.9327655120536414 0.9833866510513424 1.0741640723647194 1.1721869545457018 1.2083962323461654
20 180 -0.24838008409490617 -0.12250918361952544 0.13217805698220453 0.2797624370140743 0.7180683079688341 0.7921156818893583 0.9312812038779565 0.9703202883295188 1.0539624137978243 1.1610885903463612 1.2606193020196226
21 189 -0.3366796993629631 -0.07554392743578225 0.06194488567676499 0.2474031688590813 0.7158802419394601 0.8519819159159363 0.9021156671424628 0.9587098095856746 1.0822516530621855 1.155410776492828 1.233881037726743
21 189 -0.25147426409917073 -0.13050396774084783 0.048181557695130176 0.26215120432060474 0.7507516649818389 0.8762789780159032 0.8986116204415775 1.005481781752269 1.0340553456749932 1.140631973908822 1.2164287379718886
21 189 -0.3990788224135346 -0.016760309801226746 0.09695202197440542 0.2472016731474441 0.6681726562113317 0.8534473214171656 0.9327655120536414 0.9833866510513424 1.0741640723647194 1.1721869545457018 1.2083962323461654
21 189 -0.22669257630303827 -0.12649957507673948 0.16206768019616674 0.2863588803364646 0.7180683079688341 0.7921156818893583 0.9312812038779565 0.9703202883295188 1.0539624137978243 1.1610885903463612 1.2606193020196226
22 198 -0.2521490472270611 -0.07032743226605875 0.0599498342266637 0.24634866053452334 0.7825811179622788 0.8266672490284199 0.9425121072852383 1.0176763728256968 1.0294216811966497 1.127797377261271 1.2035604925098817
22 198 -0.26008383610005004 -0.14341511679935248 0.05180322043563999 0.2984314717106661 0.6921546963459903 0.854869276567495 0.9552526643936557 0.9733620362835419 0.9979108243705763 1.066705879024291 1.340332661713871
22 198 -0.33942963465560877 -0.015169221114411751 0.09977171043272642 0.2770365329911581 0.7183724427668505 0.7660393998081183 0.9475938689088894 0.9925838733537429 1.0432034260380008 1.1672707706696117 1.2502693090778956
22 198 -0.26998450472054486 -0.11665755963631728 0.14495382929085066 0.2770738884624331 0.6971067188567612 0.7792125866909743 0.8763153754495091 0.9886316045797454 1.0774422544479314 1.1946130059158049 1.2544189231954972
23 207 -0.23783322012156977 -0.06529429941827047 0.06973096180771168 0.2891766666620956 0.7825811179622788 0.8266672490284199 0.9425121072852383 1.0176763728256968 1.0294216811966497 1.127797377261271 1.2035604925098817
23 207 -0.32953863571223047 -0.033892323841647566 0.13453880818303843 0.3054011577045199 0.7183724427668505 0.7660393998081183 0.9475938689088894 0.9925838733537429 1.0432034260380008 1.1672707706696117 1.2502693090778956
23 207 -0.22711665975324158 -0.14346188978748017 0.11573800789335487 0.29537217340689 0.6921546963459903 0.854869276567495 0.9552526643936557 0.9733620362835419 0.9979108243705763 1.066705879024291 1.340332661713871
23 207 -0.2703542181303955 -0.11287512415438522 0.12505959911496448 0.3073476775731547 0.6971067188567612 0.7792125866909743 0.8763153754495091 0.9886316045797454 1.0774422544479314 1.1946130059158049 1.2544189231954972
24 216 -0.2820846096493683 -0.07051179438308758 0.07064493742335222 0.2535231968775335 0.7825811179622788 0.8266672490284199 0.9425121072852383 1.0176763728256968 1.0294216811966497 1.127797377261271 1.2035604925098817
24 216 -0.3193442050758603 -0.06295394186853254 0.13112186375399043 0.30534864071651685 0.7183724427668505 0.7660393998081183 0.9475938689088894 0.9925838733537429 1.0432034260380008 1.1672707706696117 1.2502693090778956
24 216 -0.269717140250877 -0.15933395381840704 0.12575432053992688 0.30088583484161613 0.6921546963459903 0.854869276567495 0.9552526643936557 0.9733620362835419 0.9979108243705763 1.066705879024291 1.340332661713871
24 216 -0.2791871611853759 -0.1400186060673945 0.14758786326922316 0.316796907895079 0.6971067188567612 0.7792125866909743 0.8763153754495091 0.9886316045797454 1.0774422544479314 1.1946130059158049 1.2544189231954972
25 225 -0.2785835367367918 -0.08004018964683232 0.07078775807957728 0.2569258433259175 0.7825811179622788 0.8266672490284199 0.9425121072852383 1.0176763728256968 1.0294216811966497 1.127797377261271 1.2035604925098817
25 225 -0.28980301350617926 -0.013625280190269408 0.14282071277610442 0.29463338340256445 0.7183724427668505 0.7660393998081183 0.9475938689088894 0.9925838733537429 1.0432034260380008 1.1672707706696117 1.2502693090778956
25 225 -0.3153483669687668 -0.1282547599170477 0.12254433390924807 0.29425724486454347 0.6921546963459903 0.854869276567495 0.9552526643936557 0.9733620362835419 0.9979108243705763 1.066705879024291 1.340332661713871
25 225 -0.19906498193449038 -0.09706425669266829 0.16388096337611838 0.33873450079639233 0.6971067188567612 0.7792125866909743 0.8763153754495091 0.9886316045797454 1.0774422544479314 1.1946130059158049 1.2544189231954972
26 234 -0.30439084523404464 -0.10815594636932281 0.06962485307130865 0.3075011603583048 0.7825811179622788 0.8266672490284199 0.9425121072852383 1.0176763728256968 1.0294216811966497 1.127797377261271 1.2035604925098817
26 234 -0.32112305251282147 -0.15701883104841682 0.12155676188645424 0.2928894534061907 0.6921546963459903 0.854869276567495 0.9552526643936557 0.9733620362835419 0.9979108243705763 1.066705879024291 1.340332661713871
26 234 -0.29798758074065024 -0.026151188581946413 0.13100696171415369 0.32212201306149923 0.7183724427668505 0.7660393998081183 0.9475938689088894 0.9925838733537429 1.0432034260380008 1.1672707706696117 1.2502693090778956
26 234 -0.21372420830856023 -0.08417633822864629 0.15084339631486954 0.3531834156133693 0.6971067188567612 0.7792125866909743 0.8763153754495091 0.9886316045797454 1.0774422544479314 1.1946130059158049 1.2544189231954972
27 243 -0.3247074240836753 -0.08390155677979341 0.09650836788215786 0.28581471644004797 0.7825811179622788 0.8266672490284199 0.9425121072852383 1.0176763728256968 1.0294216811966497 1.127797377261271 1.2035604925098817
27 243 -0.2577224321012586 -0.12511282572776414 0.11079311010672496 0.27897854980432124 0.6921546963459903 0.854869276567495 0.9552526643936557 0.9733620362835419 0.9979108243705763 1.066705879024291 1.340332661713871
27 243 -0.35946726853649863 -0.022163003788792032 0.13943002746985841 0.30613761518500765 0.7183724427668505 0.7660393998081183 0.9475938689088894 0.9925838733537429 1.0432034260380008 1.1672707706696117 1.2502693090778956
27 243 -0.20894037208501728 -0.08665803914211459 0.14613285784444335 0.39160226927306474 0.6971067188567612 0.7792125866909743 0.8763153754495091 0.9886316045797454 1.0774422544479314 1.1946130059158049 1.2544189231954972
28 252 -0.3108640387889438 -0.09424871108804064 0.10248122501739762 0.26266592542275824 0.7825811179622788 0.8266672490284199 0.9425121072852383 1.0176763728256968 1.0294216811966497 1.127797377261271 1.2035604925098817
28 252 -0.262484843957601 -0.15092960120095458 0.09504725565702844 0.31372482907053006 0.6921546963459903 0.854869276567495 0.9552526643936557 0.9733620362835419 0.9979108243705763 1.066705879024291 1.340332661713871
28 252 -0.3706964725281903 0.011341784065555693 0.16781716434726565 0.3502753613819474 0.7183724427668505 0.7660393998081183 0.9475938689088894 0.9925838733537429 1.0432034260380008 1.1672707706696117 1.2502693090778956
28 252 -0.20726174625722132 -0.10035113605839509 0.1379258012257111 0.4585853623371969 0.6971067188567612 0.7792125866909743 0.8763153754495091 0.9886316045797454 1.0774422544479314 1.1946130059158049 1.2544189231954972
29 261 -0.34695429117968457 -0.09954285027860045 0.09688395056802492 0.3196714335814103 0.7391725240220725 0.8196951381350942 0.8935335665104883 0.9713696640946053 0.9909429185761833 1.1922486503860952 1.2791942343602705
29 261 -0.24109686928809798 -0.16817827265471644 0.10437131222354165 0.2976118755550238 0.6418031435324337 0.7934930459383537 0.9161775120145838 0.9673498644550003 1.090920337382539 1.1551897993100755 1.2879207515496185
29 261 -0.40428289879341567 -0.025463792109825176 0.14957779053402898 0.32505686178680715 0.6320726432272913 0.7517022636111306 0.9156267080498831 0.9533605783810544 1.0522692645643217 1.233201220995406 1.288449984690498
29 261 -0.28045489310730015 -0.06740062533168524 0.15941768749804325 0.4465792837483 0.5992845988230064 0.7485159855870298 0.8482814418085418 0.9686783647578336 1.0370753326267441 1.2150151651191254 1.3677995149345572
30 270 -0.2568526137057196 -0.16019086736844054 0.09912259135069829 0.32182758523532584 0.6418031435324337 0.7934930459383537 0.9161775120145838 0.9673498644550003 1.090920337382539 1.1551897993100755 1.2879207515496185
30 270 -0.3287492843608649 -0.07268010925854307 0.11980607877218549 0.24697190978696687 0.7391725240220725 0.8196951381350942 0.8935335665104883 0.9713696640946053 0.9909429185761833 1.1922486503860952 1.2791942343602705
30 270 -0.38535007713281505 -0.00023229209284780306 0.18277993263999537 0.3293373059141377 0.6320726432272913 0.7517022636111306 0.9156267080498831 0.9533605783810544 1.0522692645643217 1.233201220995406 1.288449984690498
30 270 -0.3095329924091686 -0.0924467943636888 0.1911206852206611 0.41104974386440746 0.5992845988230064 0.7485159855870298 0.8482814418085418 0.9686783647578336 1.0370753326267441 1.2150151651191254 1.3677995149345572
31 279 -0.26047623656909646 -0.13761574653386763 0.09258373206456635 0.30733402975335045 0.6418031435324337 0.7934930459383537 0.9161775120145838 0.9673498644550003 1.090920337382539 1.1551897993100755 1.2879207515496185
31 279 -0.34049295077939234 -0.06481060970154193 0.10327249128394683 0.20487825272058818 0.7391725240220725 0.8196951381350942 0.8935335665104883 0.9713696640946053 0.9909429185761833 1.1922486503860952 1.2791942343602705
31 279 -0.32401864173953576 0.04159542679892374 0.22019951267624466 0.3198643638721884 0.6320726432272913 0.7517022636111306 0.9156267080498831 0.9533605783810544 1.0522692645643217 1.233201220995406 1.288449984690498
31 279 -0.28789795545744506 -0.07011832918418184 0.19124439496777873 0.42032017071063377 0.5992845988230064 0.7485159855870298 0.8482814418085418 0.9686783647578336 1.0370753326267441 1.2150151651191254 1.3677995149345572
32 288 -0.2664751887994302 -0.0963164960648907 0.09613246743064574 0.32102836519770206 0.6418031435324337 0.7934930459383537 0.9161775120145838 0.9673498644550003 1.090920337382539 1.1551897993100755 1.2879207515496185
32 288 -0.3225838201584862 -0.0757342111838955 0.11633769345307021 0.21942147815796037 0.7391725240220725 0.8196951381350942 0.8935335665104883 0.9713696640946053 0.9909429185761833 1.1922486503860952 1.2791942343602705
32 288 -0.2926360843612399 0.009136732894705893 0.18494590286654702 0.37367677837953966 0.6320726432272913 0.7517022636111306 0.9156267080498831 0.9533605783810544 1.0522692645643217 1.233201220995406 1.288449984690498
32 288 -0.31053987236347574 -0.07892225730887495 0.16701895641122025 0.4074941220206259 0.5992845988230064 0.7485159855870298 0.8482814418085418 0.9686783647578336 1.0370753326267441 1.2150151651191254 1.3677995149345572
33 297 -0.3205486276138558 -0.11348110277251323 0.10156326319899939 0.35321430108480756 0.6418031435324337 0.7934930459383537 0.9161775120145838 0.9673498644550003 1.090920337382539 1.1551897993100755 1.2879207515496185
33 297 -0.3203968226001517 -0.06342666273747798 0.09139244140214728 0.19577300721315435 0.7391725240220725 0.8196951381350942 0.8935335665104883 0.9713696640946053 0.9909429185761833 1.1922486503860952 1.2791942343602705
33 297 -0.2899323099454132 -0.02086230971269544 0.21288876872114093 0.45300790465785934 0.6320726432272913 0.7517022636111306 0.9156267080498831 0.9533605783810544 1.0522692645643217 1.233201220995406 1.288449984690498
33 297 -0.3123357289014267 -0.08738955012716051 0.1341422830174182 0.4512316085808958 0.5992845988230064 0.7485159855870298 0.8482814418085418 0.9686783647578336 1.0370753326267441 1.2150151651191254 1.3677995149345572
34 306 -0.3402996151932373 -0.13645580325096063 0.09578567419523092 0.34315593500114017 0.6418031435324337 0.7934930459383537 0.9161775120145838 0.9673498644550003 1.090920337382539 1.1551897993100755 1.2879207515496185
34 306 -0.3156705649361704 -0.09738849412942895 0.10826233151777533 0.2166067688438458 0.7391725240220725 0.8196951381350942 0.8935335665104883 0.9713696640946053 0.9909429185761833 1.1922486503860952 1.2791942343602705
34 306 -0.2102123617407192 -0.0013653889123956039 0.22483716564530493 0.48538646319167134 0.6320726432272913 0.7517022636111306 0.9156267080498831 0.9533605783810544 1.0522692645643217 1.233201220995406 1.288449984690498
34 306 -0.27264507055100107 -0.07995836022108835 0.13968393937042076 0.4680782889116537 0.5992845988230064 0.7485159855870298 0.8482814418085418 0.9686783647578336 1.0370753326267441 1.2150151651191254 1.3677995149345572
35 315 -0.407782594994588 -0.12548888552912943 0.08775925430643128 0.31947976586797205 0.6418031435324337 0.7934930459383537 0.9161775120145838 0.9673498644550003 1.090920337382539 1.1551897993100755 1.2879207515496185
35 315 -0.35249519712460686 -0.09358950661272362 0.09702711347753011 0.2412361250683516 0.7391725240220725 0.8196951381350942 0.8935335665104883 0.9713696640946053 0.9909429185761833 1.1922486503860952 1.2791942343602705
35 315 -0.21731207873210379 -0.0165424308250022 0.23153797595158387 0.4596931622754597 0.6320726432272913 0.7517022636111306 0.9156267080498831 0.9533605783810544 1.0522692645643217 1.233201220995406 1.288449984690498
35 315 -0.21198960201769462 -0.039803408614210695 0.15516019740877898 0.45856168896105653 0.5992845988230064 0.7485159855870298 0.8482814418085418 0.9686783647578336 1.0370753326267441 1.2150151651191254 1.3677995149345572
36 324 -0.30585548760229225 -0.11169342123607238 0.0872850758869407 0.31885230412610327 0.6620119024220401 0.7893323069203114 0.9197873976982626 1.0025567385862635 1.0327406497460925 1.107444847979339 1.3396188033542153
36 324 -0.3714727037458757 -0.1397547596759292 0.11813563206853775 0.25274685711001676 0.6932421859275965 0.7194253484666218 0.9703138922017828 0.9768003193910783 1.0126060080422943 1.2274366679821729 1.2546803676001281
36 324 -0.25592597565347214 -0.0657974588849975 0.15204818982860435 0.42178494198614686 0.6409985866843751 0.7968435190133311 0.8664608617670572 0.9766822328495502 1.0187304914008908 1.185533671501296 1.3439481793446302
36 324 -0.25403794403260277 0.023215735682969644 0.2327838752385006 0.45694586990718167 0.560277249730829 0.7471164803117951 0.8656941742108857 1.0026569151509583 1.03178840896457 1.1976541933506566 1.3690128515809559
37 333 -0.28702819958667114 -0.12663859128746754 0.09471329658004791 0.37799960927393034 0.6620119024220401 0.7893323069203114 0.9197873976982626 1.0025567385862635 1.0327406497460925 1.107444847979339 1.3396188033542153
37 333 -0.3595790225797859 -0.1332196948164763 0.13507350529064518 0.26204331830067423 0.6932421859275965 0.7194253484666218 0.9703138922017828 0.9768003193910783 1.0126060080422943 1.2274366679821729 1.2546803676001281
37 333 -0.21657218536361453 -0.07314087338474873 0.11514508738402682 0.45304739868071403 0.6409985866843751 0.7968435190133311 0.8664608617670572 0.9766822328495502 1.0187304914008908 1.185533671501296 1.3439481793446302
37 333 -0.2620111000174017 0.022086867073575926 0.2405132393599824 0.36074780850844057 0.560277249730829 0.7471164803117951 0.8656941742108857 1.0026569151509583 1.03178840896457 1.1976541933506566 1.3690128515809559
38 342 -0.287006241317662 -0.12477272084666685 0.11213269892571612 0.38702445167474253 0.6620119024220401 0.7893323069203114 0.9197873976982626 1.0025567385862635 1.0327406497460925 1.107444847979339 1.3396188033542153
38 342 -0.37015286280659515 -0.14945731504643306 0.12340472321242812 0.2893913831321398 0.6932421859275965 0.7194253484666218 0.9703138922017828 0.9768003193910783 1.0126060080422943 1.2274366679821729 1.2546803676001281
38 342 -0.23584683204593165 -0.061186021538468395 0.11912440961457385 0.4765865860092061 0.6409985866843751 0.7968435190133311 0.8664608617670572 0.9766822328495502 1.0187304914008908 1.185533671501296 1.3439481793446302
38 342 -0.2687287891621037 0.0037066483015461876 0.21407976051806005 0.35138721932130096 0.560277249730829 0.7471164803117951 0.8656941742108857 1.0026569151509583 1.03178840896457 1.1976541933506566 1.3690128515809559
39 351 -0.2838043965084368 -0.1204735720378887 0.12903512558908914 0.3734649833098439 0.6620119024220401 0.7893323069203114 0.9197873976982626 1.0025567385862635 1.0327406497460925 1.107444847979339 1.3396188033542153
39 351 -0.36430910381006293 -0.1472787542908664 0.10227620996400487 0.2407255422138362 0.6932421859275965 0.7194253484666218 0.9703138922017828 0.9768003193910783 1.0126060080422943 1.2274366679821729 1.2546803676001281
39 351 -0.2453718826840374 -0.07126520326781252 0.1210151000099711 0.48105079366221365 0.6409985866843751 0.7968435190133311 0.8664608617670572 0.9766822328495502 1.0187304914008908 1.185533671501296 1.3439481793446302
39 351 -0.27226348383573906 0.0005610452776754491 0.2437299394823495 0.32675147799215826 0.560277249730829 0.7471164803117951 0.8656941742108857 1.0026569151509583 1.03178840896457 1.1976541933506566 1.3690128515809559
40 360 -0.2949677647292234 -0.1243659839045266 0.10475806882729011 0.3213872841364412 0.6620119024220401 0.7893323069203114 0.9197873976982626 1.0025567385862635 1.0327406497460925 1.107444847979339 1.3396188033542153
40 360 -0.3958028139926066 -0.17417595490725152 0.10219313448062811 0.23578698526613667 0.6932421859275965 0.7194253484666218 0.9703138922017828 0.9768003193910783 1.0126060080422943 1.2274366679821729 1.2546803676001281
40 360 -0.28974197792750156 -0.09809571878148265 0.14873230976082324 0.46274126719357206 0.6409985866843751 0.7968435190133311 0.8664608617670572 0.9766822328495502 1.0187304914008908 1.185533671501296 1.3439481793446302
40 360 -0.2261432577915031 0.0021627505333111897 0.24407335559266805 0.3552606681446464 0.560277249730829 0.7471164803117951 0.8656941742108857 1.0026569151509583 1.03178840896457 1.1976541933506566 1.3690128515809559
41 369 -0.25617789359827287 -0.12011831665338893 0.1307952791681262 0.32583938982763816 0.6620119024220401 0.7893323069203114 0.9197873976982626 1.0025567385862635 1.0327406497460925 1.107444847979339 1.3396188033542153
41 369 -0.42038035942088087 -0.15089710204043427 0.10876807278972161 0.22542270424115046 0.6932421859275965 0.7194253484666218 0.9703138922017828 0.9768003193910783 1.0126060080422943 1.2274366679821729 1.2546803676001281
41 369 -0.32931603314614066 -0.10525753965528978 0.14031488393761835 0.4421233419653281 0.6409985866843751 0.7968435190133311 0.8664608617670572 0.9766822328495502 1.0187304914008908 1.185533671501296 1.3439481793446302
41 369 -0.23371973553361552 -0.024696490703537785 0.2423210150865916 0.375384852604447 0.560277249730829 0.7471164803117951 0.8656941742108857 1.0026569151509583 1.03178840896457 1.1976541933506566 1.3690128515809559
42 378 -0.27260193763925045 -0.09449542521946289 0.12795398698507504 0.3154379282845949 0.6620119024220401 0.7893323069203114 0.9197873976982626 1.0025567385862635 1.0327406497460925 1.107444847979339 1.3396188033542153
42 378 -0.43180607201986626 -0.1363129178252586 0.09976092062418553 0.2381692410889179 0.6932421859275965 0.7194253484666218 0.9703138922017828 0.9768003193910783 1.0126060080422943 1.2274366679821729 1.2546803676001281
42 378 -0.3335693740524364 -0.13583927046617011 0.12174197749061295 0.45598236557680605 0.6409985866843751 0.7968435190133311 0.8664608617670572 0.9766822328495502 1.0187304914008908 1.185533671501296 1.3439481793446302
42 378 -0.23959889110031465 -0.00015232644039535955 0.2511541007878956 0.39015365083494785 0.560277249730829 0.7471164803117951 0.8656941742108857 1.0026569151509583 1.03178840896457 1.1976541933506566 1.3690128515809559
43 387 -0.285895034060347 -0.1089142454148436 0.11287760696487237 0.3507873156186394 0.6290026438217559 0.7556973818108601 0.953818119805363 1.0107422355387354 1.0536041930267106 1.125757716065962 1.3132006845768311
43 387 -0.4212369148380004 -0.16306510597653595 0.13288712605090472 0.33296532471517826 0.6411806607458883 0.6766856101568037 0.8934836502186809 0.9817683280845618 1.0395642083756556 1.2158499943502823 1.345294358107861
43 387 -0.3776296416190357 -0.10884615421349189 0.1291518428006912 0.4475307722842045 0.5335618622774696 0.8113327416021975 0.8604472623362612 0.9922822687634848 1.0226068607649088 1.1865792641989417 1.370533541162901
43 387 -0.29013109904219914 0.013231300602743946 0.2337935502164462 0.3860326111107806 0.612755496253488 0.8083935397906152 0.8462728720472443 0.9372728695192578 1.017413845908484 1.1649028701898962 1.408631516725731
44 396 -0.36455266109355233 -0.07253944976923137 0.10370120617139494 0.38360033419887557 0.6290026438217559 0.7556973818108601 0.953818119805363 1.0107422355387354 1.0536041930267106 1.125757716065962 1.3132006845768311
44 396 -0.47081097058872906 -0.16312496145231012 0.12146280765906142 0.33921078465172144 0.6411806607458883 0.6766856101568037 0.8934836502186809 0.9817683280845618 1.0395642083756556 1.2158499943502823 1.345294358107861
44 396 -0.3628666603107789 -0.1171307271798685 0.1421875791712106 0.48170831165196887 0.5335618622774696 0.8113327416021975 0.8604472623362612 0.9922822687634848 1.0226068607649088 1.1865792641989417 1.370533541162901
44 396 -0.2906872026603368 0.008124829453411041 0.23919482261441094 0.4336011917496898 0.612755496253488 0.8083935397906152 0.8462728720472443 0.9372728695192578 1.017413845908484 1.1649028701898962 1.408631516725731
45 405 -0.409277588388015 -0.06301902575887444 0.10776842694835356 0.34375517270119854 0.6290026438217559 0.7556973818108601 0.953818119805363 1.0107422355387354 1.0536041930267106 1.125757716065962 1.3132006845768311
45 405 -0.4519943410060916 -0.167298403161522 0.17438178644896085 0.3078673803375701 0.6411806607458883 0.6766856101568037 0.8934836502186809 0.9817683280845618 1.0395642083756556 1.2158499943502823 1.345294358107861
45 405 -0.34689452121733394 -0.09569607539339128 0.12449388554866314 0.4457689762634889 0.5335618622774696 0.8113327416021975 0.8604472623362612 0.9922822687634848 1.0226068607649088 1.1865792641989417 1.370533541162901
45 405 -0.23108407914988988 -0.0203111835049112 0.22462795529829954 0.4512921665477794 0.612755496253488 0.8083935397906152 0.8462728720472443 0.9372728695192578 1.017413845908484 1.1649028701898962 1.408631516725731
46 414 -0.38025306742376336 -0.07130222723229945 0.11179429744866437 0.3287068106458201 0.6290026438217559 0.7556973818108601 0.953818119805363 1.0107422355387354 1.0536041930267106 1.125757716065962 1.3132006845768311
46 414 -0.4555961164312062 -0.14817185141815817 0.12338160002310747 0.3157840963449039 0.6411806607458883 0.6766856101568037 0.8934836502186809 0.9817683280845618 1.0395642083756556 1.2158499943502823 1.345294358107861
46 414 -0.3528655422512142 -0.044717649535776754 0.14618335721207013 0.45010505122702915 0.5335618622774696 0.8113327416021975 0.8604472623362612 0.9922822687634848 1.0226068607649088 1.1865792641989417 1.370533541162901
46 414 -0.28954324797766184 -0.05215868674385965 0.22406173296396983 0.4338442869209638 0.612755496253488 0.8083935397906152 0.8462728720472443 0.9372728695192578 1.017413845908484 1.1649028701898962 1.408631516725731
47 423 -0.4101328383083461 -0.12900607351845642 0.11735328767995856 0.3363362508048686 0.6411806607458883 0.6766856101568037 0.8934836502186809 0.9817683280845618 1.0395642083756556 1.2158499943502823 1.345294358107861
47 423 -0.409944754098475 -0.05787898186150517 0.0996120695580116 0.3822908573130506 0.6290026438217559 0.7556973818108601 0.953818119805363 1.0107422355387354 1.0536041930267106 1.125757716065962 1.3132006845768311
47 423 -0.35619934542514936 -0.04682453508901666 0.14480872489675395 0.5232729098600704 0.5335618622774696 0.8113327416021975 0.8604472623362612 0.9922822687634848 1.0226068607649088 1.1865792641989417 1.370533541162901
47 423 -0.2913476156482846 -0.08603772995503041 0.22470309408788397 0.4135366561323984 0.612755496253488 0.8083935397906152 0.8462728720472443 0.9372728695192578 1.017413845908484 1.1649028701898962 1.408631516725731
48 432 -0.3992291779413255 -0.09529850308685153 0.13034014887741288 0.4033954508116751 0.6411806607458883 0.6766856101568037 0.8934836502186809 0.9817683280845618 1.0395642083756556 1.2158499943502823 1.345294358107861
48 432 -0.2774338720177282 -0.04466367410708047 0.08372749793140125 0.32919718889246047 0.6290026438217559 0.7556973818108601 0.953818119805363 1.0107422355387354 1.0536041930267106 1.125757716065962 1.3132006845768311
48 432 -0.4317732344776277 -0.07413808085521773 0.13123647932330795 0.5936608119074707 0.5335618622774696 0.8113327416021975 0.8604472623362612 0.9922822687634848 1.0226068607649088 1.1865792641989417 1.370533541162901
48 432 -0.2514752072638769 -0.03454092137105162 0.19179288773053133 0.33528412194155477 0.612755496253488 0.8083935397906152 0.8462728720472443 0.9372728695192578 1.017413845908484 1.1649028701898962 1.408631516725731
49 441 -0.3932563166935867 -0.08990349647557844 0.1280961371809467 0.4151744656641331 0.6411806607458883 0.6766856101568037 0.8934836502186809 0.9817683280845618 1.0395642083756556 1.2158499943502823 1.345294358107861
49 441 -0.35202560569478175 -0.04605279672053539 0.09448809571755301 0.31950992561326086 0.6290026438217559 0.7556973818108601 0.953818119805363 1.0107422355387354 1.0536041930267106 1.125757716065962 1.3132006845768311
49 441 -0.467920569077202 -0.09403772568905627 0.1490392269056001 0.6245467531468017 0.5335618622774696 0.8113327416021975 0.8604472623362612 0.9922822687634848 1.0226068607649088 1.1865792641989417 1.370533541162901
49 441 -0.2305217601539005 -0.019794435829887814 0.1905013211685342 0.3425794636609007 0.612755496253488 0.8083935397906152 0.8462728720472443 0.9372728695192578 1.017413845908484 1.1649028701898962 1.408631516725731
50 450 -0.3132448507672857 -0.03284316486492465 0.07457169119076987 0.34906816726199297 0.6947835440761735 0.7778652577872117 0.9084695903284962 1.0219455090885505 1.0761728774120392 1.133887844540205 1.2643821184425874
50 450 -0.3899437744823011 -0.10201671774221296 0.12056674431508402 0.40906854726085284 0.6529416066263788 0.677646203070657 0.8276701427685282 0.9697996796597043 1.0506474624763882 1.260303175376414 1.3404064359848467
50 450 -0.4648413576235261 -0.05179933909207643 0.17748413539207802 0.6441578895206932 0.42600561971635215 0.7586726179606588 0.771687539836578 0.9858599420733466 1.0956487145189766 1.1462620323258061 1.4700853151515187
50 450 -0.2720852480669896 -0.06791935613568956 0.19316628451832404 0.37447202379551897 0.576368830684065 0.8110833377681768 0.9061406420505901 0.9651704705979329 1.0163940256830413 1.2235169609382566 1.3142478155100197
51 459 -0.3000490711407161 -0.04491339765046256 0.10514745508419535 0.3543984681860007 0.6947835440761735 0.7778652577872117 0.9084695903284962 1.0219455090885505 1.0761728774120392 1.133887844540205 1.2643821184425874
51 459 -0.39983853567864075 -0.11062570802388175 0.10843443685766402 0.42526008071839866 0.6529416066263788 0.677646203070657 0.8276701427685282 0.9697996796597043 1.0506474624763882 1.260303175376414 1.3404064359848467
51 459 -0.4698401462229121 -0.06771544102490626 0.1687505212069033 0.6524727989710539 0.42600561971635215 0.7586726179606588 0.771687539836578 0.9858599420733466 1.0956487145189766 1.1462620323258061 1.4700853151515187
52 468 -0.2839391574061367 -0.009782528595553765 0.11777072316954419 0.35380085059367955 0.6947835440761735 0.7778652577872117 0.9084695903284962 1.0219455090885505 1.0761728774120392 1.133887844540205 1.2643821184425874
52 468 -0.3992735134414706 -0.12231492163516185 0.13663782685115022 0.41244947808402627 0.6529416066263788 0.677646203070657 0.8276701427685282 0.9697996796597043 1.0506474624763882 1.260303175376414 1.3404064359848467
51 459 -0.29503917776900723 -0.06778698469935475 0.17485815690925488 0.37630858847481874 0.576368830684065 0.8110833377681768 0.9061406420505901 0.9651704705979329 1.0163940256830413 1.2235169609382566 1.3142478155100197
52 468 -0.49065928010473553 -0.07069890797111231 0.20220368309069497 0.6216332931768128 0.42600561971635215 0.7586726179606588 0.771687539836578 0.9858599420733466 1.0956487145189766 1.1462620323258061 1.4700853151515187
53 477 -0.2642644120662887 0.009671604011173037 0.1335988221100932 0.3530564653234422 0.6947835440761735 0.7778652577872117 0.9084695903284962 1.0219455090885505 1.0761728774120392 1.133887844540205 1.2643821184425874
53 477 -0.4369068741586478 -0.10611941390908744 0.1345543446617497 0.3761729732637683 0.6529416066263788 0.677646203070657 0.8276701427685282 0.9697996796597043 1.0506474624763882 1.260303175376414 1.3404064359848467
52 468 -0.26185859061819317 -0.07310515709532658 0.1468220688617301 0.4335889715481597 0.576368830684065 0.8110833377681768 0.9061406420505901 0.9651704705979329 1.0163940256830413 1.2235169609382566 1.3142478155100197
53 477 -0.5031968399598156 -0.05992779400583315 0.19078509073497218 0.6301599758378748 0.42600561971635215 0.7586726179606588 0.771687539836578 0.9858599420733466 1.0956487145189766 1.1462620323258061 1.4700853151515187
54 486 -0.33348027174590583 -0.040436478337249615 0.0559144021099727 0.2977753736953941 0.6947835440761735 0.7778652577872117 0.9084695903284962 1.0219455090885505 1.0761728774120392 1.133887844540205 1.2643821184425874
54 486 -0.4464325941781321 -0.08095200814930967 0.15572601203656553 0.2763048583904705 0.6529416066263788 0.677646203070657 0.8276701427685282 0.9697996796597043 1.0506474624763882 1.260303175376414 1.3404064359848467
53 477 -0.30211869097706795 -0.07883047774151104 0.1450673714015207 0.4532553379548782 0.576368830684065 0.8110833377681768 0.9061406420505901 0.9651704705979329 1.0163940256830413 1.2235169609382566 1.3142478155100197
54 486 -0.4636004268125367 -0.015684642906153966 0.14022932346984274 0.6371522806724979 0.42600561971635215 0.7586726179606588 0.771687539836578 0.9858599420733466 1.0956487145189766 1.1462620323258061 1.4700853151515187
55 495 -0.33738511628059253 -0.06998836961790549 0.05977497516371369 0.2951550131337378 0.6947835440761735 0.7778652577872117 0.9084695903284962 1.0219455090885505 1.0761728774120392 1.133887844540205 1.2643821184425874
55 495 -0.4360181636100285 -0.08985876781663266 0.14946128539494413 0.24804815555443122 0.6529416066263788 0.677646203070657 0.8276701427685282 0.9697996796597043 1.0506474624763882 1.260303175376414 1.3404064359848467
54 486 -0.377392191028549 -0.06812282854312109 0.14601744881319295 0.46952660592489426 0.576368830684065 0.8110833377681768 0.9061406420505901 0.9651704705979329 1.0163940256830413 1.2235169609382566 1.3142478155100197
55 495 -0.4372301643375017 -0.019554787002864588 0.1464057516604527 0.6438870344274005 0.42600561971635215 0.7586726179606588 0.771687539836578 0.9858599420733466 1.0956487145189766 1.1462620323258061 1.4700853151515187
56 504 -0.3084101143600917 -0.09174799388902638 0.02716780265165029 0.3158123695826684 0.6947835440761735 0.7778652577872117 0.9084695903284962 1.0219455090885505 1.0761728774120392 1.133887844540205 1.2643821184425874
56 504 -0.4660119634454323 -0.11462567669455696 0.1549716408638846 0.2396725935862431 0.6529416066263788 0.677646203070657 0.8276701427685282 0.9697996796597043 1.0506474624763882 1.260303175376414 1.3404064359848467
55 495 -0.370805275751107 -0.026351441992073024 0.121724534364507 0.4879917503135589 0.576368830684065 0.8110833377681768 0.9061406420505901 0.9651704705979329 1.0163940256830413 1.2235169609382566 1.3142478155100197
56 504 -0.4038636799405938 -0.06720839484700314 0.15117955044525044 0.6588599844554053 0.42600561971635215 0.7586726179606588 0.771687539836578 0.9858599420733466 1.0956487145189766 1.1462620323258061 1.4700853151515187
57 513 -0.304399964814713 -0.08988259327696818 0.036955842640995176 0.2880705053170804 0.6800785314763714 0.8448292493400933 0.9054458333362143 0.9870027030260059 1.0593945558302609 1.1696902392229707 1.2406684315084178
57 513 -0.4424391068630438 -0.08750166491513267 0.15410110569706448 0.24463874359253268 0.6363041781093098 0.7007702552482269 0.8793366553439513 0.9884008866105123 1.046600265212566 1.1957429083766526 1.3522927043062725
56 504 -0.34390211721183334 -0.05944472961894261 0.12825929594571941 0.478660954129475 0.576368830684065 0.8110833377681768 0.9061406420505901 0.9651704705979329 1.0163940256830413 1.2235169609382566 1.3142478155100197
57 513 -0.3983475291688995 -0.05171091124643363 0.15389516354770377 0.6388190370117007 0.3717509702056153 0.710445918237972 0.886810873857663 1.007490198402921 1.0898660638615094 1.1964453304314226 1.3915129613740231
58 522 -0.29700181864893216 -0.08486224890568522 0.06041779340250017 0.2665968804643334 0.6800785314763714 0.8448292493400933 0.9054458333362143 0.9870027030260059 1.0593945558302609 1.1696902392229707 1.2406684315084178
58 522 -0.4364854525986251 -0.0844199822776133 0.1526132316088495 0.24767313454211778 0.6363041781093098 0.7007702552482269 0.8793366553439513 0.9884008866105123 1.046600265212566 1.1957429083766526 1.3522927043062725
57 513 -0.3438407988069452 -0.04986871072860723 0.1494330379604375 0.48217656786579105 0.573426471441947 0.7267949487098256 0.9299638503487226 1.0281952043463771 1.0571151480114769 1.1579867475621064 1.3275945538824798
58 522 -0.43264290206272665 -0.05723601024220405 0.11353254767739211 0.6618109206923058 0.3717509702056153 0.710445918237972 0.886810873857663 1.007490198402921 1.0898660638615094 1.1964453304314226 1.3915129613740231
59 531 -0.3305193952889598 -0.10756510670670216 0.03371455365897941 0.28924132380417517 0.6800785314763714 0.8448292493400933 0.9054458333362143 0.9870027030260059 1.0593945558302609 1.1696902392229707 1.2406684315084178
59 531 -0.47441103031482273 -0.06511360399895014 0.1651811489267029 0.27645521507698856 0.6363041781093098 0.7007702552482269 0.8793366553439513 0.9884008866105123 1.046600265212566 1.1957429083766526 1.3522927043062725
58 522 -0.37017998893177034 -0.03536151272956442 0.14957977231188302 0.49672431575466425 0.573426471441947 0.7267949487098256 0.9299638503487226 1.0281952043463771 1.0571151480114769 1.1579867475621064 1.3275945538824798
59 531 -0.46177402287951824 -0.08213237958993637 0.10800081432650085 0.6759063821307384 0.3717509702056153 0.710445918237972 0.886810873857663 1.007490198402921 1.0898660638615094 1.1964453304314226 1.3915129613740231
60 540 -0.31473469003018933 -0.108947551211212 0.05197759735721676 0.2690620753049017 0.6800785314763714 0.8448292493400933 0.9054458333362143 0.9870027030260059 1.0593945558302609 1.1696902392229707 1.2406684315084178
60 540 -0.49544304172644626 -0.08476378446327573 0.1623473546217154 0.28458618086613674 0.6363041781093098 0.7007702552482269 0.8793366553439513 0.9884008866105123 1.046600265212566 1.1957429083766526 1.3522927043062725
59 531 -0.4302950248738654 -0.02411431158907996 0.14066824218001156 0.5267646826629432 0.573426471441947 0.7267949487098256 0.9299638503487226 1.0281952043463771 1.0571151480114769 1.1579867475621064 1.3275945538824798
60 540 -0.545922214337276 -0.08592383913175479 0.1170386360154866 0.6651916586424129 0.3717509702056153 0.710445918237972 0.886810873857663 1.007490198402921 1.0898660638615094 1.1964453304314226 1.3915129613740231
61 549 -0.37502580731361046 -0.11385416057245526 0.04485432870776643 0.3097320244635475 0.6800785314763714 0.8448292493400933 0.9054458333362143 0.9870027030260059 1.0593945558302609 1.1696902392229707 1.2406684315084178
61 549 -0.4408042803068392 -0.04224478196742492 0.17013678288311695 0.3464437627151528 0.6363041781093098 0.7007702552482269 0.8793366553439513 0.9884008866105123 1.046600265212566 1.1957429083766526 1.3522927043062725
60 540 -0.4326879422117741 -0.03337461218593927 0.12352322554481512 0.5231091936114212 0.573426471441947 0.7267949487098256 0.9299638503487226 1.0281952043463771 1.0571151480114769 1.1579867475621064 1.3275945538824798
61 549 -0.568095380696479 -0.11691535109548554 0.1048937138784509 0.6916793661216054 0.3717509702056153 0.710445918237972 0.886810873857663 1.007490198402921 1.0898660638615094 1.1964453304314226 1.3915129613740231
62 558 -0.3600904460373957 -0.13270099857933892 0.02270835017272163 0.3168205174963169 0.6800785314763714 0.8448292493400933 0.9054458333362143 0.9870027030260059 1.0593945558302609 1.1696902392229707 1.2406684315084178
62 558 -0.4672350756396222 -0.07336322842963142 0.1587830145405648 0.3751265379137917 0.6363041781093098 0.7007702552482269 0.8793366553439513 0.9884008866105123 1.046600265212566 1.1957429083766526 1.3522927043062725
62 558 -0.57645174162991 -0.12308907135118306 0.172141824115188 0.7081211017186417 0.3717509702056153 0.710445918237972 0.886810873857663 1.007490198402921 1.0898660638615094 1.1964453304314226 1.3915129613740231
61 549 -0.4223832181535534 -0.03886525182296187 0.14395647280859378 0.5058181756419052 0.573426471441947 0.7267949487098256 0.9299638503487226 1.0281952043463771 1.0571151480114769 1.1579867475621064 1.3275945538824798
63 567 -0.2899304434292012 -0.15327394445722925 0.045907933751030576 0.26189046529534377 0.6800785314763714 0.8448292493400933 0.9054458333362143 0.9870027030260059 1.0593945558302609 1.1696902392229707 1.2406684315084178
63 567 -0.49470185609229306 -0.013753261609731088 0.1562757925153558 0.33786636485950244 0.6363041781093098 0.7007702552482269 0.8793366553439513 0.9884008866105123 1.046600265212566 1.1957429083766526 1.3522927043062725
63 567 -0.5353314980056366 -0.10851190940008992 0.1803674921381749 0.6802302320188826 0.3717509702056153 0.710445918237972 0.886810873857663 1.007490198402921 1.0898660638615094 1.1964453304314226 1.3915129613740231
62 558 -0.41357052614275946 -0.07000711305595088 0.12355823696217913 0.531561478454848 0.573426471441947 0.7267949487098256 0.9299638503487226 1.0281952043463771 1.0571151480114769 1.1579867475621064 1.3275945538824798
64 576 -0.31772974029971013 -0.16030169080234669 0.061744036930284914 0.2690588607913288 0.7095837381695744 0.8140115852742101 0.8665321013839423 0.9899483916166919 1.0183534803464223 1.1705829504577843 1.3021874296487395
64 576 -0.5167361245495481 -0.03131451965665853 0.1818166407939373 0.3472892317337132 0.6170345646581195 0.6573431418923749 0.8343067721601657 0.9680778531177342 1.029499617115899 1.1798184761135475 1.4498567935607283
64 576 -0.5103749664584338 -0.11426331664250178 0.1709980235802698 0.6847475994895406 0.3296255140300543 0.5864652880237189 0.934916962998729 1.0251201259024532 1.0946633452137442 1.100629880532471 1.4875451297137794
63 567 -0.44948467197776887 -0.04544053073609472 0.1220229109248505 0.5484964814519449 0.573426471441947 0.7267949487098256 0.9299638503487226 1.0281952043463771 1.0571151480114769 1.1579867475621064 1.3275945538824798
65 585 -0.3526067356454074 -0.19403887197566586 0.092477686895109 0.28179245422506877 0.7095837381695744 0.8140115852742101 0.8665321013839423 0.9899483916166919 1.0183534803464223 1.1705829504577843 1.3021874296487395
65 585 -0.5002975683848441 -0.016372906960468902 0.18327141633799793 0.3366040827114083 0.6170345646581195 0.6573431418923749 0.8343067721601657 0.9680778531177342 1.029499617115899 1.1798184761135475 1.4498567935607283
65 585 -0.507944165632458 -0.1085195078264071 0.1609297897669712 0.6727032969348599 0.3296255140300543 0.5864652880237189 0.934916962998729 1.0251201259024532 1.0946633452137442 1.100629880532471 1.4875451297137794
64 576 -0.45043942391588754 -0.09304295307674867 0.10390004434784418 0.597394611139343 0.5125136686069638 0.7168688846886689 0.8557632323464895 1.0135225598720417 1.06730570868319 1.1402904138074554 1.4228374288166803
66 594 -0.3022457499404905 -0.20156056254378585 0.05449773046087878 0.1740504121390828 0.7095837381695744 0.8140115852742101 0.8665321013839423 0.9899483916166919 1.0183534803464223 1.1705829504577843 1.3021874296487395
66 594 -0.4104152774990999 0.03086204323852348 0.16702258096227723 0.3101311068532356 0.6170345646581195 0.6573431418923749 0.8343067721601657 0.9680778531177342 1.029499617115899 1.1798184761135475 1.4498567935607283
66 594 -0.4035063728434509 -0.08844168953692239 0.13034896801487755 0.6378747448750145 0.3296255140300543 0.5864652880237189 0.934916962998729 1.0251201259024532 1.0946633452137442 1.100629880532471 1.4875451297137794
65 585 -0.4600873742751221 -0.08659244827645474 0.12074916288239373 0.6385495372946489 0.5125136686069638 0.7168688846886689 0.8557632323464895 1.0135225598720417 1.06730570868319 1.1402904138074554 1.4228374288166803
67 603 -0.32017279626951956 -0.2012879016735321 0.05748279274364168 0.22776325116170074 0.7095837381695744 0.8140115852742101 0.8665321013839423 0.9899483916166919 1.0183534803464223 1.1705829504577843 1.3021874296487395
67 603 -0.32017279626951956 -0.2012879016735321 0.05748279274364168 0.22776325116170074 0.7095837381695744 0.8140115852742101 0.8665321013839423 0.9899483916166919 1.0183534803464223 1.1705829504577843 1.3021874296487395
67 603 -0.3706098328997362 -0.09812322209121328 0.17283071400004618 0.6342559771179073 0.3296255140300543 0.5864652880237189 0.934916962998729 1.0251201259024532 1.0946633452137442 1.100629880532471 1.4875451297137794
67 603 -0.4274141154031502 0.00011577716629807694 0.2148696961971187 0.33599442796500084 0.6170345646581195 0.6573431418923749 0.8343067721601657 0.9680778531177342 1.029499617115899 1.1798184761135475 1.4498567935607283
67 603 -0.3706098328997362 -0.09812322209121328 0.17283071400004618 0.6342559771179073 0.3296255140300543 0.5864652880237189 0.934916962998729 1.0251201259024532 1.0946633452137442 1.100629880532471 1.4875451297137794
67 603 -0.4274141154031502 0.00011577716629807694 0.2148696961971187 0.33599442796500084 0.6170345646581195 0.6573431418923749 0.8343067721601657 0.9680778531177342 1.029499617115899 1.1798184761135475 1.4498567935607283
66 594 -0.4186517538312515 -0.08071981333982114 0.11534306476436522 0.6100667420507921 0.5125136686069638 0.7168688846886689 0.8557632323464895 1.0135225598720417 1.06730570868319 1.1402904138074554 1.4228374288166803
67 603 -0.420042246256545 -0.09813222572528486 0.10825451960600833 0.6189561262376767 0.5125136686069638 0.7168688846886689 0.8557632323464895 1.0135225598720417 1.06730570868319 1.1402904138074554 1.4228374288166803
67 603 -0.420042246256545 -0.09813222572528486 0.10825451960600833 0.6189561262376767 0.5125136686069638 0.7168688846886689 0.8557632323464895 1.0135225598720417 1.06730570868319 1.1402904138074554 1.4228374288166803
