% # columns="iteration, evaluation, sigma, max axis length,  min axis length, all principal axes lengths  (sorted square roots of eigenvalues of C)", seed=2567, Fri Aug 28 18:31:03 2026
.0000428580612375 1.0 1.0 1.0000071428826531 1.000014285816327 1.000021428801022 1.0000285718367385 1.0000357149234769 1.0000428580612375
1 9 0.9003930254068623 1.0000428580612375 1.0 1.0 1.0000071428826531 1.000014285816327 1.000021428801022 1.0000285718367385 1.0000357149234769 1.0000428580612375
2 18 0.9388092952414957 1.1311891652548804 0.8962266297004211 0.8962266297004211 0.9537024038693641 0.9586936182150648 0.9955559171335981 1.0046178520522249 1.015202880047122 1.1311891652548804
2 18 0.9879053825708763 1.148495727266578 0.8819202508358 0.8819202508358 0.9559713589426143 0.96930164512983 0.9941531387538217 1.0024742527460497 1.0220106347276712 1.148495727266578
2 18 0.8826774249329369 1.0491260342439497 0.8976524636450393 0.8976524636450393 0.9578100326781774 0.9693504901375033 0.9948976908385568 1.0062586208195927 1.0368427466108254 1.0491260342439497
2 18 0.8826774249329372 1.04912603424395 0.8976524636450391 0.8976524636450391 0.9578100326781774 0.9693504901375033 0.9948976908385567 1.0062586208195927 1.0368427466108254 1.04912603424395
3 27 0.9630781353080199 1.119801229086128 0.8379486927360557 0.8379486927360557 0.9043535472454654 0.9811503453269995 1.0003466613917145 1.0064069470593637 1.0293041746053355 1.119801229086128
3 27 1.0447104339690234 1.2067581418615632 0.8280063217108848 0.8280063217108848 0.9296644169750908 0.9511215919094436 0.9726532065107922 0.9985551752268326 1.0238900315138213 1.2067581418615632
3 27 0.9120439941026186 1.1684175964334484 0.8592225073573565 0.8592225073573565 0.8973999645744268 0.9578003751795237 0.9736179954794153 0.9997127196938759 1.0370317759588783 1.1684175964334484
3 27 0.9445528082417751 1.117671795183558 0.8316163848387088 0.8316163848387088 0.896588342688835 0.981350531070516 1.0063154050255512 1.0136034961414022 1.0326039721433702 1.117671795183558
4 36 1.151578957988506 1.2418851760292615 0.7993761242571876 0.7993761242571876 0.9205667568982787 0.9584531082657195 0.9740345472846107 1.0044976756072417 1.013757849375947 1.2418851760292615
4 36 0.8206942042971666 1.129450336260348 0.8222359372125194 0.8222359372125194 0.8926189701359043 0.9430818375310961 0.9733386321097396 1.0151622214628238 1.0274966156000536 1.129450336260348
4 36 1.0088823162821972 1.1822193211191627 0.7994472833704299 0.7994472833704299 0.9147781002768179 0.9637410862276681 1.0036587775611245 1.0075987775158137 1.0631066526933537 1.1822193211191627
4 36 0.8842846426180269 1.1859865978441078 0.8223321376831977 0.8223321376831977 0.9164513202161526 0.9719016854186671 0.9941470538503991 1.0076550676480747 1.0321153602277613 1.1859865978441078
5 45 1.2373994055287272 1.3837847371558805 0.7664023427987912 0.7664023427987912 0.8610165420512887 0.943851849281021 0.9633761694032448 0.9945990468106711 1.0389591989854223 1.3837847371558805
5 45 0.7491726794165179 1.0922170411057652 0.8099091295572302 0.8099091295572302 0.885936385869003 0.9129338644960743 0.9622889865441488 0.9685870109979334 1.0395181018059438 1.0922170411057652
5 45 0.9772612973361458 1.2401312296763514 0.7975796750336442 0.7975796750336442 0.8992504511469666 0.9497471383973417 0.9675715004828586 1.0030082768443467 1.1336901156252714 1.2401312296763514
5 45 0.8946714366398146 1.155982499946704 0.8176954842596547 0.8176954842596547 0.9159443371293932 0.9328096363762317 0.9613252573860975 1.006519202786148 1.023668450654778 1.155982499946704
6 54 0.7282003904257455 1.0886318724822552 0.7604804582010406 0.7604804582010406 0.8505250721482351 0.9048194171704493 0.9432707302154433 0.9652647890297945 1.0637010252729577 1.0886318724822552
6 54 0.9138955170379542 1.1909880026830972 0.8089102070782256 0.8089102070782256 0.8725615632085776 0.9135973933954197 0.9695764483904489 1.0121689303977122 1.0301850263304977 1.1909880026830972
6 54 0.9466492762136589 1.2557310046299923 0.7907786408103916 0.7907786408103916 0.8550175453750168 0.9292254890087157 0.9449034879260387 0.9938163022242998 1.157685978154254 1.2557310046299923
6 54 1.2407159495478401 1.4279964754118035 0.7507838091366051 0.7507838091366051 0.8180811444594277 0.9310855853798319 0.9599515242441329 0.9862671171816999 1.0741545281300735 1.4279964754118035
7 63 0.6590790862030397 1.0948447018749972 0.7376666408991299 0.7376666408991299 0.8190084831133195 0.8641982218047362 0.9340274763770916 0.9535895955442095 1.0765902082978995 1.0948447018749972
7 63 0.974095203800074 1.2463119274241854 0.7754020222475705 0.7754020222475705 0.8407512338389314 0.8866187096183367 0.9384941273105539 1.0263255900006143 1.165524289204267 1.2463119274241854
7 63 1.2162436333927535 1.4366132857986607 0.7387854962145848 0.7387854962145848 0.8173420393838199 0.890838857119666 0.950920045491884 0.9938330171579552 1.037378905469178 1.4366132857986607
7 63 0.8884113283171207 1.2104899989337148 0.7970958106270952 0.7970958106270952 0.8598352162362587 0.8949053622421413 0.9677338055075185 0.9937054730858139 1.0632584162777556 1.2104899989337148
8 72 0.6381035223612593 1.0824908867663354 0.6958537483851934 0.6958537483851934 0.800905042862565 0.8627469009264739 0.8907848860785911 0.9394146223170208 1.0735107542929057 1.0824908867663354
8 72 1.0325720060872277 1.24828935730897 0.727592051475499 0.727592051475499 0.7959235679876858 0.8675940327578445 0.9501006490523327 1.050990888438733 1.2335930428799033 1.24828935730897
8 72 0.8230972793553207 1.2459965547280452 0.7536719049486623 0.7536719049486623 0.8208432227256932 0.8867912056406099 0.9542167699962504 0.9787645917569272 1.0858133186463828 1.2459965547280452
8 72 1.152821951180453 1.4380326910780266 0.7094056685501383 0.7094056685501383 0.8051949774010828 0.8825059714220503 0.9196430465329297 0.9940201209074884 1.051323928603809 1.4380326910780266
9 81 0.6949522406706395 1.1545899428381956 0.6877993006218422 0.6877993006218422 0.7371634121775 0.8599606182178194 0.8892598928930561 0.9104962640474195 1.0306624842321466 1.1545899428381956
9 81 1.1601814106300739 1.3450749921742338 0.7050652065261761 0.7050652065261761 0.743531797338431 0.8819783094420538 0.9212443530753307 0.9818978440769469 1.0832539332890234 1.3450749921742338
9 81 0.7345595960813952 1.277192295176164 0.7374745301295693 0.7374745301295693 0.7509573299507474 0.8810132390187148 0.9524219478177564 0.9859400567794137 1.0499707114431276 1.277192295176164
9 81 0.9276371304181816 1.3518468483643467 0.7003734014433006 0.7003734014433006 0.7525547276181768 0.8394995142062375 0.9466896942553037 1.0419559484345116 1.239737317827911 1.3518468483643467
10 90 0.6895966165070765 1.1781761653482064 0.6905713923859069 0.6905713923859069 0.74403596694185 0.8065568997079574 0.8665248672460903 0.9081045338632227 1.1588838620556043 1.1781761653482064
10 90 0.674574923737108 1.2529838038403411 0.7181569907828806 0.7181569907828806 0.749459723313147 0.8985257421552733 0.9313584811177139 0.980841101943627 1.038189702608861 1.2529838038403411
10 90 1.1524905378102333 1.2966926660452018 0.6839029743022108 0.6839029743022108 0.7218414294419196 0.8874782300070573 0.9130049922376924 0.9827232783822633 1.177476981277777 1.2966926660452018
10 90 0.851475419800259 1.3438654984403624 0.6721485102722321 0.6721485102722321 0.7459245474307067 0.861119272763302 0.9634000926358959 1.0390773543003824 1.1895413401454724 1.3438654984403624
11 99 0.6377381006580239 1.2374801453319626 0.6163290558031247 0.6163290558031247 0.7398593241005891 0.7895846155819624 0.8565792453962779 0.9316631515171183 1.1853244471003466 1.2374801453319626
11 99 1.1936251214103348 1.3075614636478923 0.6394581483795077 0.6394581483795077 0.7151994497395179 0.8397751795607545 0.9053981857303064 1.0263231613887822 1.178505877762199 1.3075614636478923
11 99 0.6629176888119946 1.2550319177221192 0.6582186699417788 0.6582186699417788 0.7444063976479027 0.8622091978415869 0.9327507502311658 0.9784400084185687 1.0426553992494838 1.2550319177221192
11 99 0.9366247163136205 1.3403083541039944 0.6356011913054079 0.6356011913054079 0.749686133875834 0.8358346405413666 0.9406309202582783 1.0217046274647783 1.1752688681041388 1.3403083541039944
12 108 0.6186686731749689 1.2292533807108978 0.6202069446076519 0.6202069446076519 0.6762018884375107 0.749214789912115 0.8698817249558964 0.9453994018037936 1.1606170453298033 1.2292533807108978
12 108 0.6484024485667907 1.2223078011851427 0.6603649245040821 0.6603649245040821 0.700275966461922 0.8290916684430734 0.9196981109534373 0.9994596750708775 1.0654230429679679 1.2223078011851427
12 108 1.2655392659138234 1.2909853624358822 0.619871537414138 0.619871537414138 0.6676817254017244 0.8190488219595558 0.9113172983998215 1.109873804198586 1.1685028312771326 1.2909853624358822
12 108 0.8872311013832784 1.352719447652289 0.6256081906505918 0.6256081906505918 0.7266106745906862 0.9400018413026965 0.9582698166497675 1.015993311003508 1.1631132548742351 1.352719447652289
13 117 0.575822321143587 1.2217206752454273 0.5976034436477443 0.5976034436477443 0.6680053842904967 0.7416363231044691 0.8580792975341364 0.9436181040339571 1.1325722946841206 1.2217206752454273
13 117 0.6099667882589089 1.1976632420548792 0.6563332470889784 0.6563332470889784 0.6764564627445321 0.8222910620559658 0.9147893703624473 1.0075024212405563 1.0611867492242268 1.1976632420548792
13 117 1.2067400948435656 1.385620143820585 0.5854830855664245 0.5854830855664245 0.6749808019484208 0.8208976245034382 0.8883766863069048 1.1022071145364298 1.1671427635001717 1.385620143820585
13 117 0.787941904570894 1.285391311357309 0.5970153003769593 0.5970153003769593 0.7253889145562202 0.9473908729228362 0.9679346019917358 1.009900264388739 1.1443945964910491 1.285391311357309
14 126 0.4893697214171822 1.2047321284888588 0.5795982178919743 0.5795982178919743 0.6499728398673617 0.7281052437393815 0.847956163000796 0.9736487539250553 1.0808030207668844 1.2047321284888588
14 126 0.6559382817775743 1.282344007927312 0.6294466910889851 0.6294466910889851 0.6489195047105666 0.8067534713496854 0.9220949320360403 1.014686698267631 1.0865274190513006 1.282344007927312
14 126 0.7762497764248882 1.2912984926181093 0.5837614429661901 0.5837614429661901 0.7015476609724067 0.9269357631849745 0.9534428419047796 1.021389032150151 1.1097969240809162 1.2912984926181093
14 126 1.1587162140959513 1.3229908549760572 0.547658149262137 0.547658149262137 0.6845236834044841 0.8195211926684333 0.8856397471139592 1.0956662967806419 1.1399962457044162 1.3229908549760572
15 135 0.429094381982604 1.1932720074664946 0.5540360849136204 0.5540360849136204 0.6261897977198928 0.7052721148719024 0.8196656038831992 0.9961060719761264 1.1118354875982164 1.1932720074664946
15 135 0.6683623707187116 1.3280319919484862 0.6034890412601807 0.6034890412601807 0.660214634835323 0.7718812730655876 0.9290326852599712 1.0122538297466623 1.1118629746438493 1.3280319919484862
15 135 0.7035611881226984 1.272548326929555 0.5310581484904824 0.5310581484904824 0.7049148266626573 0.9345951540111556 0.9608492309570682 1.026839771205897 1.131714252803886 1.272548326929555
15 135 0.977828064596725 1.3179983907669581 0.5391842055861733 0.5391842055861733 0.6949059190061934 0.8298544488490879 0.8515348148452583 1.0783692191993535 1.1018035364724332 1.3179983907669581
16 144 0.3823836794932993 1.167842165543928 0.5305516662762556 0.5305516662762556 0.605870788583712 0.7108469516011265 0.8213770167373468 0.9958016317748524 1.0694602873832713 1.167842165543928
16 144 0.6171007595363046 1.3240118500155769 0.578832083564118 0.578832083564118 0.6479910303847451 0.7952189531805388 0.906170653243977 1.003681976371307 1.094742153932138 1.3240118500155769
16 144 0.6308599874668358 1.2628201613632224 0.5162553667285785 0.5162553667285785 0.7061067402505182 0.8894280751646398 1.000834286145376 1.0384858288220928 1.0863125903600082 1.2628201613632224
16 144 0.9225365053603903 1.3058187176531164 0.5211867201629604 0.5211867201629604 0.6829192535374495 0.8104630985365339 0.8388794563265769 1.065747170485892 1.122472433442596 1.3058187176531164
17 153 0.5462251229821584 1.324531843849765 0.5473205789562748 0.5473205789562748 0.6308010850494726 0.7907620933356669 0.8824837810834215 1.0143082388131386 1.041062122081754 1.324531843849765
17 153 0.36127703605772044 1.1565088589183945 0.5053474339472473 0.5053474339472473 0.5837763934685752 0.6908390961058297 0.8276311645217406 0.9933889744483484 1.0628318062201128 1.1565088589183945
17 153 0.5679453468970783 1.2477142891188149 0.5130417428463699 0.5130417428463699 0.675916580088089 0.8675522247235816 0.9818131649189062 1.0051103752797796 1.0635570928605707 1.2477142891188149
17 153 0.8442736298045779 1.342475832061805 0.4998158826868497 0.4998158826868497 0.6768834414440303 0.7934202115232714 0.8179192620891903 1.0450181593488415 1.126842270998243 1.342475832061805
18 162 0.49996204923544557 1.3298087452442653 0.5066637370022553 0.5066637370022553 0.6225629840829545 0.7748505852332012 0.9098060387061605 0.9964701513642583 1.0221715420159825 1.3298087452442653
18 162 0.32137008426233615 1.1236684119355689 0.46408630302247106 0.46408630302247106 0.5660228477208592 0.6951920575727747 0.8153680492053001 1.0159796482605195 1.0867736584230425 1.1236684119355689
18 162 0.5035540522820341 1.2488568629658006 0.5130482002609315 0.5130482002609315 0.6760679981913053 0.8295950822982979 0.9518388230992539 1.0054970420936862 1.0257566544782213 1.2488568629658006
18 162 0.7782344333323186 1.3144772215568665 0.44906902674313176 0.44906902674313176 0.6676537126685743 0.796915195697233 0.8254527620315653 1.0420574100630615 1.120683464895874 1.3144772215568665
19 171 0.4389232294880729 1.3071371515133527 0.46764988833081433 0.46764988833081433 0.6234646265720755 0.7552558531465523 0.8914798665559347 0.9944177294453401 1.03137772159574 1.3071371515133527
19 171 0.29759997676264627 1.1130639962707987 0.42344753644782107 0.42344753644782107 0.5684395071676562 0.6807425421675871 0.7956238295404968 1.0186657629629314 1.0814231270465462 1.1130639962707987
19 171 0.4974122850050024 1.226815926227101 0.4725197476811846 0.4725197476811846 0.685701168327409 0.8030582797995252 0.9215698180498151 0.9986911212739416 1.0405016067719544 1.226815926227101
19 171 0.6365996546988956 1.3118941824055075 0.4113061272421712 0.4113061272421712 0.6745639840890931 0.7886394961526086 0.8085964191321391 1.0268700574865144 1.1331201797487969 1.3118941824055075
20 180 0.4070675882989181 1.2492080298439014 0.468009627032426 0.468009627032426 0.6213836786985064 0.7273233641650837 0.8494409788064821 0.9610678662668848 1.0308392736172758 1.2492080298439014
20 180 0.30476235065891477 1.1184158466364111 0.42363981241582305 0.42363981241582305 0.5278763172404396 0.7051773559264566 0.7889145774445292 0.9857086282292385 1.071233848653732 1.1184158466364111
20 180 0.5228347227864775 1.223985411283251 0.47177745729780896 0.47177745729780896 0.6595637303191044 0.7847902072552312 0.9211841381451491 0.98734739582497 1.0275880816057108 1.223985411283251
20 180 0.562997255248615 1.2454403219127401 0.4107717842460312 0.4107717842460312 0.6553231952373683 0.7451140960017933 0.800842676128684 1.0045628902096204 1.1453236225689747 1.2454403219127401
21 189 0.4043232190271559 1.2239181554247842 0.45302007497041746 0.45302007497041746 0.6039802256581851 0.7311892643602865 0.842458420986295 0.9177594196993822 1.0434346529215932 1.2239181554247842
21 189 0.28446170925991937 1.1588346680430133 0.40899193837233405 0.40899193837233405 0.5205344443648111 0.7203459546582365 0.7830335120824431 0.9368594517610581 1.0590042328794547 1.1588346680430133
21 189 0.5139186255956284 1.223887935846376 0.44968435711680826 0.44968435711680826 0.653480697242999 0.7848667373661047 0.9248473276621307 0.9797593827619694 1.0750317615561151 1.223887935846376
21 189 0.5804025241309203 1.2345001714783048 0.38992047523761164 0.38992047523761164 0.6556103874775608 0.7398904537445503 0.804568192976284 1.0059433082674987 1.1104144540623446 1.2345001714783048
22 198 0.38808656308636025 1.19191366530242 0.45012943043416437 0.45012943043416437 0.5731905903467791 0.7507515479731132 0.8508534471620943 0.8898475726644414 1.0469710582564795 1.19191366530242
22 198 0.27816742057913724 1.194466821974844 0.40047512554018455 0.40047512554018455 0.4980391286770536 0.691652353063633 0.7631640919607058 0.9571024101738883 1.0584915170851632 1.194466821974844
22 198 0.4961912901261475 1.246321230844621 0.4425649730417147 0.4425649730417147 0.6325352802280209 0.7701845498153597 0.9011819059587001 0.959735706128547 1.1014672090831346 1.246321230844621
22 198 0.5745392787197547 1.294304240065691 0.38660657460302955 0.38660657460302955 0.6301201443345787 0.7493571577356013 0.7949030733795409 1.0048618257397888 1.1186980641318407 1.294304240065691
23 207 0.38523860949843514 1.2042113359400641 0.42728333941144664 0.42728333941144664 0.6031110208498133 0.7302716145507622 0.8255491929822518 0.8828073366373562 1.0105090397023142 1.2042113359400641
23 207 0.43031514935602677 1.2711459316037867 0.4208945563526327 0.4208945563526327 0.6527866821178376 0.7448464094371261 0.8813489408432036 0.9467915681973675 1.0721009024790333 1.2711459316037867
23 207 0.24210706354092343 1.2672822728292636 0.37770637862058243 0.37770637862058243 0.49881771756068843 0.6863084155320022 0.7360565525977735 0.9456934456790321 1.0186270141199802 1.2672822728292636
23 207 0.5343343872560422 1.34762241416513 0.3597103258853591 0.3597103258853591 0.6337358120032138 0.7541205004047963 0.7782242200026245 0.9979027460401014 1.0961619793659112 1.34762241416513
24 216 0.3274226460291073 1.2435685517632888 0.40286938762485774 0.40286938762485774 0.6028986283383254 0.6924676357018286 0.8129974686144515 0.9029640686331195 1.043514530707026 1.2435685517632888
24 216 0.40317625145556224 1.280631648212111 0.4045740879282556 0.4045740879282556 0.6482735073697385 0.7055981856428717 0.8670455345968257 0.9229827087596955 1.055177686826864 1.280631648212111
24 216 0.22665710649953377 1.2630467020075282 0.3664962415384329 0.3664962415384329 0.48842102664605036 0.6477462922367447 0.728163532961953 0.8949791211357095 1.0161345754677669 1.2630467020075282
24 216 0.48185844786274956 1.3468275620468837 0.34449396654181663 0.34449396654181663 0.6393504720454994 0.7073203623850426 0.774620743712996 0.9587864142243535 1.079702206063144 1.3468275620468837
25 225 0.3376217254781799 1.2374162851897785 0.3786520419181253 0.3786520419181253 0.5826939306828319 0.6776492881369485 0.7966775603350913 0.8873848399594068 1.074941575199722 1.2374162851897785
25 225 0.4369877694057795 1.240565918083459 0.3989032302324828 0.3989032302324828 0.6412089318789926 0.6893204417281745 0.8439339596354307 0.916413516650587 1.0575400610510597 1.240565918083459
25 225 0.21583767972974158 1.3162591752855135 0.3389508552790271 0.3389508552790271 0.47113678760331545 0.6357528072467983 0.7146829527652224 0.8796801562338711 1.074196283213116 1.3162591752855135
25 225 0.45785668999402623 1.3343677415807897 0.33003573448612494 0.33003573448612494 0.6241752689517421 0.6836011684954992 0.7721582961797091 0.9286212444922344 1.106696639280602 1.3343677415807897
26 234 0.3033534035446738 1.2247920884725405 0.3747433449281586 0.3747433449281586 0.5901183356110775 0.6587055103043454 0.7733522295695001 0.8559501634406329 1.1206077490579518 1.2247920884725405
26 234 0.2113213360997933 1.3289651765829322 0.3179970804308528 0.3179970804308528 0.46519564501693444 0.648260576490048 0.6879823468365246 0.9132583422694998 1.05353607834146 1.3289651765829322
26 234 0.40070431685919305 1.2204554262615306 0.39326434801475046 0.39326434801475046 0.6621187421211299 0.6742781813613283 0.8260138046582797 0.8886870773466539 1.0894421860797925 1.2204554262615306
26 234 0.4418404454345494 1.3136380685634161 0.3248825685215749 0.3248825685215749 0.6143672139564355 0.6791891568334653 0.7969785346681801 0.9211054860015617 1.0278611830288877 1.3136380685634161
27 243 0.27001847972401205 1.2363630003999024 0.37682229570841286 0.37682229570841286 0.5518000579098492 0.6345003789055261 0.77151710167048 0.8388839237507548 1.074043383924936 1.2363630003999024
27 243 0.21370050114678707 1.2973994385694532 0.30506499936316056 0.30506499936316056 0.4404067772376324 0.6226818982129405 0.680103611545838 0.9222411903915545 1.1409976162968614 1.2973994385694532
27 243 0.3575224964870793 1.1903348140267043 0.3768575250766374 0.3768575250766374 0.6279875993159322 0.66336301748775 0.8050204265847859 0.8961343911201455 1.1185847011916474 1.1903348140267043
27 243 0.4098460068628819 1.3216294051099333 0.3153752592656244 0.3153752592656244 0.5712069626477523 0.6573355990287337 0.7699636480822023 0.9215701500718856 1.0825068420954786 1.3216294051099333
28 252 0.2727353129219761 1.1984096190325473 0.3650733932642265 0.3650733932642265 0.5393488284912075 0.6351917402051453 0.774414295825748 0.8245139048590959 1.0827560516742347 1.1984096190325473
28 252 0.19984311701699425 1.2978602183640489 0.2948071677250497 0.2948071677250497 0.4338988028780116 0.6101343243204311 0.678464277817939 0.8782106688826375 1.1678415888014475 1.2978602183640489
28 252 0.3414185105647282 1.1693276830570325 0.37756881343206455 0.37756881343206455 0.6075618799502622 0.6371200720909997 0.7652724892383674 0.8807581928701167 1.1199509959564624 1.1693276830570325
28 252 0.42603863087943444 1.3462517784288042 0.3083994512335337 0.3083994512335337 0.5533368968456075 0.639443004692326 0.7596402784620926 0.8723846266937945 1.0662198603070383 1.3462517784288042
29 261 0.26872078815642003 1.262971251076212 0.34311751926267475 0.34311751926267475 0.5091018992792021 0.6373309210711271 0.7562275653596696 0.8444798872766193 1.0807448906533472 1.262971251076212
29 261 0.18648997541598258 1.3377017187663296 0.27265171284071493 0.27265171284071493 0.41461816910779664 0.6109653605400804 0.6812729902068335 0.8793749408032863 1.1611053288162174 1.3377017187663296
29 261 0.3235704858116913 1.1952696176792121 0.3526062888668782 0.3526062888668782 0.5889227796902654 0.6273194488199223 0.7517992767248515 0.8987837855449166 1.131919484045277 1.1952696176792121
29 261 0.4481482756908237 1.4527031133592845 0.2843803157458409 0.2843803157458409 0.5403599484907777 0.6402376415757962 0.7524860015065784 0.8772817213360213 1.0719717762062428 1.4527031133592845
30 270 0.19706074333092352 1.3296821192118013 0.2666965001466077 0.2666965001466077 0.41028951033741623 0.5707086724022612 0.6754360956246249 0.8506870348695345 1.2197743520287152 1.3296821192118013
30 270 0.26301919031432197 1.261516487222417 0.33564879264244674 0.33564879264244674 0.5098298103779477 0.6008184757389451 0.7302867839667049 0.8364644302994131 1.1332926467576516 1.261516487222417
30 270 0.3253259936877638 1.20209688618639 0.34400085214602366 0.34400085214602366 0.5749616931412224 0.6008584120754136 0.7313686441317466 0.8770347560341948 1.1660177674182688 1.20209688618639
30 270 0.48362346003798756 1.4757512180439851 0.278006576200342 0.278006576200342 0.5369972875012518 0.5936385362628934 0.7428190731843746 0.8963360351723727 1.1022939420542635 1.4757512180439851
31 279 0.2287129525034769 1.3741713774637014 0.2479338830413223 0.2479338830413223 0.4072328826775076 0.5503017624294863 0.7383952633256775 0.8723928478499753 1.1705083984780793 1.3741713774637014
31 279 0.3002691567624979 1.2930930258472932 0.3158648307369076 0.3158648307369076 0.5044471848440002 0.5775309469513634 0.7556464351469118 0.8615451116181717 1.0780457941744814 1.2930930258472932
31 279 0.3044809897074083 1.209200014426483 0.3223074826092334 0.3223074826092334 0.5573276047285609 0.5945304003040139 0.7862896598850426 0.877369894389616 1.110079963616381 1.209200014426483
31 279 0.4886654339584281 1.5125562101474666 0.2581996832400361 0.2581996832400361 0.5251261191367101 0.5793248348233008 0.7878059583155067 0.9213545162050024 1.0766477397595298 1.5125562101474666
32 288 0.2438641571146682 1.4394390486950865 0.2417031035076775 0.2417031035076775 0.4091592678188474 0.49042652028386063 0.724866934739191 0.974701617643136 1.1852049738024697 1.4394390486950865
32 288 0.28583836368280596 1.3450515249557895 0.30584136654626415 0.30584136654626415 0.5078467435638524 0.5247664196389432 0.7567775768232687 0.9735295192942259 1.080668473133059 1.3450515249557895
32 288 0.3041657140673445 1.2620346736541752 0.3116513303839738 0.3116513303839738 0.5577207154262547 0.5984257654754463 0.7965631471527154 0.832873948787815 1.1171289938775206 1.2620346736541752
32 288 0.49762250736337127 1.5398488240109198 0.2511869188004896 0.2511869188004896 0.5206684313526738 0.5391031180048539 0.7844444125880394 0.9478570907835626 1.08349312522096 1.5398488240109198
33 297 0.2553561534344765 1.46909508447091 0.23644273674868252 0.23644273674868252 0.424308521156272 0.4793727678260787 0.720094224004982 0.9565451105526763 1.1469907810913913 1.46909508447091
33 297 0.2951793491923184 1.3531165577037156 0.3006334276185833 0.3006334276185833 0.48880414883070117 0.5079889397431294 0.7539936807921894 0.969441541340947 1.0769023587307043 1.3531165577037156
33 297 0.32925309994208335 1.311008627654629 0.29327013535016877 0.29327013535016877 0.5542303296153797 0.5900655660681016 0.8070132539442871 0.8238791100279803 1.0902822052209329 1.311008627654629
33 297 0.43181583777963184 1.6405814005523898 0.24557887632695866 0.24557887632695866 0.5052262573498036 0.5319543693975272 0.7903030783008812 0.9370439300870873 1.074490165757402 1.6405814005523898
34 306 0.24691748800955832 1.5793404923424086 0.2222282740482074 0.2222282740482074 0.3897449188296973 0.4692326018360649 0.7169818252457888 0.9582614243244574 1.1648083534239362 1.5793404923424086
34 306 0.2681287753907953 1.384798018550711 0.28669460643284506 0.28669460643284506 0.4688580284323051 0.49850128867377674 0.7431525056809613 0.9709526132852168 1.1053826855376216 1.384798018550711
34 306 0.32738284786477434 1.4420954840607028 0.2742003471486601 0.2742003471486601 0.5164783447796302 0.5803028677179624 0.7968655829944424 0.8281064563165843 1.1477562959283945 1.4420954840607028
34 306 0.35282287100241505 1.6699221532731008 0.23876168449027027 0.23876168449027027 0.4530541285938745 0.5223501749386167 0.7722817771925016 0.9610406308699941 1.0811015243546622 1.6699221532731008
35 315 0.23489268512089614 1.6144119366756886 0.2076217568242865 0.2076217568242865 0.35709988429765904 0.4750107269483441 0.6979343858525643 0.9730930890446033 1.1548248069692901 1.6144119366756886
35 315 0.24531476028814603 1.3848076011996993 0.2710722058318336 0.2710722058318336 0.4315698954493695 0.5043277750338595 0.7325358246684543 0.9691965255660785 1.0813836145771836 1.3848076011996993
35 315 0.3096786480562284 1.4834904027912301 0.25431969998629317 0.25431969998629317 0.48508360796632694 0.5988570236073659 0.7704633686169005 0.8400703722978241 1.1327202287945497 1.4834904027912301
35 315 0.339354008414882 1.6454612480081379 0.2226914273867647 0.2226914273867647 0.4250196758781234 0.5211314459492218 0.7652542200673361 0.9600864179997531 1.059197978768568 1.6454612480081379
36 324 0.23845806608602116 1.678386371459216 0.20369994496647956 0.20369994496647956 0.33338858284287975 0.486955232028768 0.6813894906098382 0.9892662532778252 1.1280180072712862 1.678386371459216
36 324 0.236634816484711 1.3848821029991445 0.2651492729277516 0.2651492729277516 0.4023849517067013 0.49856622913569226 0.7081425764824231 0.9788060965162079 1.0797011992459153 1.3848821029991445
36 324 0.3731259321850251 1.7353098117327745 0.2140185694449266 0.2140185694449266 0.3994776823639781 0.5323089244951712 0.7413785226504345 0.9832216525516694 1.0438663491062747 1.7353098117327745
36 324 0.2845089055802351 1.4631246402934397 0.24565399726826093 0.24565399726826093 0.47178571015201837 0.5678865313689787 0.7769253909790576 0.8274815797873594 1.1670586869736193 1.4631246402934397
37 333 0.23763369157111708 1.6596666991898763 0.20055529335602126 0.20055529335602126 0.2944356725530828 0.48702456925937065 0.7459652991594568 1.0096987959085792 1.127984036890535 1.6596666991898763
37 333 0.20372371684774457 1.4129259915076422 0.2613240896081541 0.2613240896081541 0.3565634104925587 0.5035448308138311 0.7266743268595419 0.9746739176862187 1.0838239316808067 1.4129259915076422
37 333 0.3658679630613323 1.6916030587829836 0.20630909066102088 0.20630909066102088 0.378257336238868 0.5431016410358395 0.8232757058099298 0.9957623174979097 1.0343642873623102 1.6916030587829836
37 333 0.3011108160056222 1.4618600062203075 0.24698445092846996 0.24698445092846996 0.4050494806208952 0.5720697872892 0.7889891852814619 0.8147831991244842 1.1724946762251152 1.4618600062203075
38 342 0.2421303929275153 1.7126274820534513 0.18471338902823642 0.18471338902823642 0.292396491007595 0.48892708171556204 0.7565995857624365 0.9695497740870375 1.1052544185394348 1.7126274820534513
38 342 0.17086248882873406 1.4125981898517173 0.24118059683303658 0.24118059683303658 0.35592795801853966 0.5077054155702928 0.702094322150699 0.9561299288869661 1.048836623289205 1.4125981898517173
38 342 0.3104460549104399 1.7035992040177037 0.19289759776276771 0.19289759776276771 0.3750089316037937 0.5281441604681231 0.8263443715195636 0.9857648010381215 1.0185516063066502 1.7035992040177037
38 342 0.28783180911013967 1.4493036738274767 0.22899457081780844 0.22899457081780844 0.3992477122854336 0.5904744850315019 0.7879273276517419 0.844186261688706 1.2086127699278364 1.4493036738274767
39 351 0.22881635410216902 1.726274887582448 0.16951675308584335 0.16951675308584335 0.27577700504750274 0.5299629341568093 0.7596851572743656 0.9804957038294579 1.0878570255094324 1.726274887582448
39 351 0.15055618082950928 1.4493534968897912 0.23026664839942948 0.23026664839942948 0.34107868653688517 0.46939848376782095 0.7054613375126606 0.9433987195859038 1.0432954781441746 1.4493534968897912
39 351 0.2633825587677545 1.727913524130585 0.18052779617023978 0.18052779617023978 0.35971792272707737 0.50707255102816 0.8269577990190676 0.9733163145118068 1.0076867236767042 1.727913524130585
39 351 0.26359226898759325 1.466875853355993 0.210998432329192 0.210998432329192 0.37681547987404024 0.5999407426542569 0.7851635206903975 0.8565503979265938 1.1949694651017875 1.466875853355993
40 360 0.21430099943543482 1.7040306974554158 0.1512604827493315 0.1512604827493315 0.26485976114311205 0.5439254010292184 0.7511515187846963 0.972460048950442 1.1069436521688103 1.7040306974554158
40 360 0.14282832943123397 1.4140537371571449 0.22000822488557836 0.22000822488557836 0.3169630827479665 0.4696005764449807 0.6998100192662515 0.9309750381737949 1.0692373088285505 1.4140537371571449
40 360 0.26720532161979854 1.7064117388337277 0.16723589806426614 0.16723589806426614 0.3406407296866551 0.5056581810509398 0.8168915066655461 0.9472435999819104 1.0259347478524075 1.7064117388337277
40 360 0.24558593069728307 1.4443621141824008 0.19250084695606107 0.19250084695606107 0.3567491453211544 0.6059588961910375 0.7787240974757929 0.8520525428993084 1.2464418919955302 1.4443621141824008
41 369 0.19004942197802882 1.6997487789479542 0.14441805931764756 0.14441805931764756 0.25943810746383467 0.5184769608462863 0.7536288902103153 0.9772932394900906 1.1269532570070746 1.6997487789479542
41 369 0.1299900953568467 1.4035217991858018 0.20861643287620119 0.20861643287620119 0.3054527738174324 0.4525870420854417 0.7106650663945802 0.9700064776569812 1.0738426679320794 1.4035217991858018
41 369 0.2485311994223659 1.7256919033808669 0.15939597350612658 0.15939597350612658 0.3398791127526905 0.4858702028179537 0.8356266039558504 0.974565280349234 1.040346149996602 1.7256919033808669
41 369 0.2451615503243296 1.423658073088008 0.18510176443540705 0.18510176443540705 0.3361954859167348 0.5800675236487395 0.7822062154522182 0.8798597340650094 1.2671234441475916 1.423658073088008
42 378 0.1683350489384903 1.6629856442223183 0.14014200375291583 0.14014200375291583 0.2523714283766418 0.5121628918402407 0.7501941716932673 0.9742326754099145 1.1040966686000717 1.6629856442223183
42 378 0.11694407387441616 1.3834483787033702 0.20134648930998347 0.20134648930998347 0.2987469656430602 0.44688484301361797 0.7086615765068859 0.962334332330947 1.0573595607934605 1.3834483787033702
42 378 0.22101540531765207 1.731658603224596 0.15623716150562844 0.15623716150562844 0.32822649251132413 0.4798481753315452 0.8326802162067104 0.96972038301993 1.0115548447331775 1.731658603224596
42 378 0.23579787168365174 1.346814924069115 0.17904916636618018 0.17904916636618018 0.32264856133904624 0.5879377043284937 0.8105851590479461 0.8687219054976093 1.3199914912025075 1.346814924069115
43 387 0.1812619729302302 1.6433106867881555 0.13179931545558143 0.13179931545558143 0.24009856335171556 0.5029871052801197 0.7439353945415372 0.9400168754134016 1.1138901076894496 1.6433106867881555
43 387 0.12533309003436702 1.3610192800785748 0.19316947562966955 0.19316947562966955 0.2882912443000179 0.44589795468290117 0.6930328008585019 0.9094966861812217 1.0607908833940722 1.3610192800785748
43 387 0.20611529433711476 1.72316245927465 0.14959850962207025 0.14959850962207025 0.3096058921885974 0.4719468651214611 0.834020502406832 0.9233307305402317 1.0098844473932587 1.72316245927465
43 387 0.22414574177958974 1.3743469148163314 0.17147868605460792 0.17147868605460792 0.30481680153190105 0.580819288387556 0.8045911928634963 0.8283298345950642 1.3375405005058234 1.3743469148163314
44 396 0.1791356243469151 1.6770833990610454 0.12651305620407952 0.12651305620407952 0.22755874283169472 0.525948843002868 0.7749600346413025 0.9562661171521948 1.1242520422869196 1.6770833990610454
44 396 0.11983205813841463 1.3637445520002802 0.18465014333400145 0.18465014333400145 0.2750913020635068 0.44614554748229956 0.6986898828763608 0.8993753519420061 1.2205057167566034 1.3637445520002802
44 396 0.18714741787037237 1.7118300557667927 0.14011972268895242 0.14011972268895242 0.2994267682897532 0.4712013163546658 0.8508917915452386 0.9218171750940346 1.020249769428085 1.7118300557667927
44 396 0.20052134122318585 1.368484626455676 0.1708435661972649 0.1708435661972649 0.29653553331420224 0.5683473383757099 0.7588066928344028 0.8564493497543255 1.3414174554351763 1.368484626455676
45 405 0.17940172519631065 1.7837220318605993 0.1212827746096927 0.1212827746096927 0.21650499908273557 0.5095899419201054 0.7770499277261324 0.8935511232272347 1.1446531231409196 1.7837220318605993
45 405 0.11530503643509404 1.4059854679577108 0.1775713619438059 0.1775713619438059 0.2643375688111792 0.4387134887458973 0.7009890380227285 0.828924228200534 1.2534806814533077 1.4059854679577108
45 405 0.18480286769415963 1.7738219028543494 0.13262426531140817 0.13262426531140817 0.28058412644763503 0.455639514874122 0.8483184691541836 0.8989055781039815 1.0257374071373302 1.7738219028543494
45 405 0.19852090198490627 1.355904415647062 0.16847071200114702 0.16847071200114702 0.28082191646830834 0.5482676430359826 0.763042794515536 0.8768376664973191 1.2965356707405882 1.355904415647062
46 414 0.1823407382715295 1.7555101413721832 0.11256361863161383 0.11256361863161383 0.22354545060012784 0.5537937061095517 0.790272311288663 0.8610280001648476 1.1470411611908884 1.7555101413721832
46 414 0.10288797809230484 1.437233081640571 0.16317673858664244 0.16317673858664244 0.2713839650988004 0.4613779076069183 0.7226402167765077 0.8107566002169747 1.2206302857224691 1.437233081640571
46 414 0.17305564600892603 1.7210843920893069 0.12658178785900998 0.12658178785900998 0.2951582985391955 0.48295215986631507 0.8468438252773225 0.8807599705483946 1.030223003745421 1.7210843920893069
46 414 0.18847642138935547 1.4377439205846454 0.15811279302346531 0.15811279302346531 0.27272929649721794 0.5380402835388792 0.7677715086135649 0.8645681599670813 1.2949647309230043 1.4377439205846454
47 423 0.09814286149235127 1.3870043549271425 0.15895886811487606 0.15895886811487606 0.2681363939513129 0.4307864856385792 0.742998794624427 0.8139655944939725 1.2173323543196988 1.3870043549271425
47 423 0.1740595440002895 1.7179101592814365 0.10868219381714089 0.10868219381714089 0.22092826100894924 0.5453704145231776 0.8219503764050549 0.8574734386623809 1.1604069737425 1.7179101592814365
47 423 0.16042236020206213 1.6462866963294203 0.1269087938998959 0.1269087938998959 0.28359454483518154 0.45582227154893834 0.8595532704733283 0.8977159775163134 1.049807968407584 1.6462866963294203
47 423 0.18702109913814852 1.4356954251299214 0.15336224749856048 0.15336224749856048 0.2648552053557331 0.5334372474203711 0.7878784041547916 0.8681832768587842 1.2840940777142429 1.4356954251299214
48 432 0.09989339662310918 1.4170093222106102 0.1469835384462986 0.1469835384462986 0.2587638825413017 0.4441848863003507 0.7470297752494396 0.8041664018435768 1.2311749946865314 1.4170093222106102
48 432 0.1744280880661747 1.756748991928922 0.10076732970372274 0.10076732970372274 0.21363444926709904 0.5304402276976843 0.8125358273515159 0.8617891263792207 1.171215565296744 1.756748991928922
48 432 0.16717920534946448 1.6815644166751282 0.11767481894889412 0.11767481894889412 0.27488711457344944 0.4309495133201531 0.8509637586701034 0.9036562099195976 1.0599397781730435 1.6815644166751282
48 432 0.19864502374792709 1.4116573852060046 0.14148076130310583 0.14148076130310583 0.2549004742429303 0.5541446805755242 0.7924728912164098 0.8830920179907055 1.2692134587054191 1.4116573852060046
49 441 0.09606156421708166 1.3937102421676382 0.14529029751081496 0.14529029751081496 0.26018659225975277 0.4243832178248567 0.7028532938832945 0.8089743667894372 1.2787722436844444 1.3937102421676382
49 441 0.16089338917364585 1.7813507479620878 0.09971311944199716 0.09971311944199716 0.20701747152632755 0.518367041165897 0.8314338237832327 0.863693727515491 1.1799331343803297 1.7813507479620878
49 441 0.16193352437477726 1.7221362205763857 0.11582621266260283 0.11582621266260283 0.26644192646556886 0.4156197836244518 0.8555550477914169 0.8942860796442336 1.0889590823928519 1.7221362205763857
49 441 0.18661401376615716 1.4698825882098352 0.14138011745258722 0.14138011745258722 0.24184297860452128 0.5954051349566776 0.8080652040373918 0.8773829824068965 1.2344204636702352 1.4698825882098352
50 450 0.14235403589371454 1.8813764104052189 0.08969066251273135 0.08969066251273135 0.20383564309869953 0.5095134589416072 0.8545264177758464 0.8592973447201263 1.1543549888510292 1.8813764104052189
50 450 0.09475337988323469 1.410072173799315 0.13201883894530708 0.13201883894530708 0.25611262381115457 0.42165123976122065 0.6956700228990252 0.8189145011094608 1.255289587866777 1.410072173799315
50 450 0.1584658214561944 1.7784186305841734 0.10482014799523665 0.10482014799523665 0.26203174141361 0.40066208396344255 0.8600184375192992 0.903588551170344 1.0721295218845188 1.7784186305841734
50 450 0.1720062922007636 1.4917949770395398 0.12656759461433076 0.12656759461433076 0.2400611886657896 0.57984948324906 0.8119116603024117 0.8880886592856871 1.2199559942421732 1.4917949770395398
51 459 0.12615281509688037 1.7528600229882054 0.08984220858737173 0.08984220858737173 0.19407584578684547 0.5067301385479162 0.8235771613619682 0.8631950314960962 1.1990772431618384 1.7528600229882054
51 459 0.09193573274245721 1.4457931595071487 0.12936814075594927 0.12936814075594927 0.24672512276227623 0.41432685735979363 0.7144455245589064 0.8040806823048733 1.2272924096519047 1.4457931595071487
51 459 0.14678385110388473 1.7914337399914415 0.10386913886981437 0.10386913886981437 0.24933476355751022 0.3911178308455188 0.8689983149908461 0.8844470837059345 1.096160780386129 1.7914337399914415
52 468 0.12475899520255658 1.7484051947290762 0.0869843111546663 0.0869843111546663 0.18205159925920716 0.4876337934756269 0.8178234952411011 0.8579919101292688 1.200357347537062 1.7484051947290762
52 468 0.08023351789475468 1.4953068786197485 0.1269137245952073 0.1269137245952073 0.22929081481488062 0.39472614179398563 0.7178507531316711 0.7961856090046009 1.2271988500550672 1.4953068786197485
51 459 0.15436168580188528 1.4851858061791483 0.12423063268532433 0.12423063268532433 0.23093621021727448 0.5669252896264031 0.8333426323513599 0.866469775902103 1.2050252602649643 1.4851858061791483
52 468 0.14549772826393031 1.8022599195760234 0.10222319450871631 0.10222319450871631 0.2324121078600144 0.3683344449629769 0.8547283852672779 0.897166648531503 1.0976321990083249 1.8022599195760234
53 477 0.10942922825139098 1.7319886053217182 0.08428234786244836 0.08428234786244836 0.17180103485150788 0.48480775483697225 0.8065624383507601 0.915679624248608 1.1647645295992817 1.7319886053217182
53 477 0.06747093997964498 1.461263891227827 0.12286307830202593 0.12286307830202593 0.22040466937572775 0.3856437551764328 0.7047684606214818 0.8043054164397698 1.2039495143829682 1.461263891227827
52 468 0.1588999028525155 1.4715522214637289 0.12165908381790712 0.12165908381790712 0.21540584330125134 0.5328816663178069 0.8308895671914485 0.8851324478515123 1.2016579787780655 1.4715522214637289
53 477 0.136107781678318 1.7270648834105782 0.10226968868094717 0.10226968868094717 0.2213463700452329 0.3518060372829267 0.8545117644349162 0.9174202907404759 1.1335234304147792 1.7270648834105782
54 486 0.10816701864430144 1.7148285454569665 0.08222861860232514 0.08222861860232514 0.1592125599379199 0.47499760160764054 0.7912640072143166 0.9081972826136987 1.1886259167539335 1.7148285454569665
54 486 0.0722203739475685 1.454495967750879 0.11895975732921839 0.11895975732921839 0.20746751731500207 0.3692161253050788 0.69766040044337 0.819346733148148 1.2016690281905937 1.454495967750879
53 477 0.14433792965709394 1.4536844525422898 0.11961687316699146 0.11961687316699146 0.20608931554570933 0.5218161183219888 0.8302288964083909 0.9324149936151691 1.1613085461220212 1.4536844525422898
54 486 0.14069218517431517 1.7244473669863134 0.09947012503460433 0.09947012503460433 0.20647071700561825 0.3412808449918537 0.8362743825837159 0.9059552139691954 1.1795367477572305 1.7244473669863134
55 495 0.09041233199696799 1.707842715075902 0.08010099034850779 0.08010099034850779 0.15494809162523102 0.4880611770097077 0.7676535650127286 0.9565871256663231 1.209018121570497 1.707842715075902
55 495 0.06479249803444509 1.4898328754332903 0.11569975199476494 0.11569975199476494 0.19992834754297542 0.3693575324313253 0.6697635521382936 0.8885015609261859 1.1952279012387599 1.4898328754332903
54 486 0.12672407183679985 1.4163854566437062 0.11758178440120805 0.11758178440120805 0.1920004199010785 0.5082724255135396 0.821583667997754 0.9654192577951582 1.168499837248437 1.4163854566437062
55 495 0.129302610239049 1.707465346760876 0.09842526521494432 0.09842526521494432 0.2014687615082285 0.3327350433247535 0.8096028653801729 0.9287516642089461 1.2481966647390395 1.707465346760876
56 504 0.0852794008711433 1.6147812953770404 0.0768580915838047 0.0768580915838047 0.15379254256411198 0.4806569341596871 0.7622830088304261 0.9431303654305686 1.2014607986956367 1.6147812953770404
56 504 0.05156281980633713 1.4162327919500406 0.11203320507667054 0.11203320507667054 0.1965929034140917 0.3697134191896422 0.6583397162858334 0.8887153840292841 1.1760125483478092 1.4162327919500406
55 495 0.11056169390605679 1.401704108297039 0.11640420550216371 0.11640420550216371 0.18402846212377255 0.5109222956323541 0.760619279148046 0.9790269430000997 1.191071913422507 1.401704108297039
56 504 0.13161081104034938 1.622804893964295 0.09447840736567262 0.09447840736567262 0.19942528249892708 0.33350822723096735 0.8091498994723776 0.9105573092153094 1.2426388872357712 1.622804893964295
57 513 0.07934422704307115 1.5818591659851626 0.07460746452039535 0.07460746452039535 0.15006327240393422 0.46089606736112937 0.7804498836779997 0.9781651322135946 1.1802144578051565 1.5818591659851626
57 513 0.04751829804088528 1.3725806747491545 0.11124460030625735 0.11124460030625735 0.18396638308672558 0.3537824120467172 0.6693414620847171 0.8863692816053207 1.1776130085088214 1.3725806747491545
56 504 0.10311177032277187 1.3489682252637438 0.11370696804214422 0.11370696804214422 0.18025687184613884 0.5199995130872068 0.7584851814034834 0.9698750106998641 1.1546998017324537 1.3489682252637438
57 513 0.11432142934556562 1.6370729477079364 0.0902801989266667 0.0902801989266667 0.1911456595119978 0.3394527806923362 0.8044911204312729 0.9545158307624741 1.222198977208415 1.6370729477079364
58 522 0.07027042189152018 1.5977898389543832 0.07230766973783431 0.07230766973783431 0.14844889729273353 0.4618406552521875 0.7335263692099783 0.9500928443975443 1.191478771386482 1.5977898389543832
58 522 0.04344939543802896 1.3211121759486397 0.1091595088874525 0.1091595088874525 0.17942734011233655 0.34918138727607045 0.6402709635190778 0.9303117158549576 1.1622804528524033 1.3211121759486397
57 513 0.08742392773851895 1.32903178414493 0.10925032521443272 0.10925032521443272 0.17337146600871134 0.5172712145487056 0.7536230193910592 0.9867454872490518 1.1516021830154186 1.32903178414493
58 522 0.10023441793447423 1.593416749877389 0.08739040278312524 0.08739040278312524 0.18576789758744663 0.33340429920820674 0.7641971615094945 0.956503426894122 1.2168847837379781 1.593416749877389
59 531 0.061247921633826405 1.5958410847491227 0.0682128611422113 0.0682128611422113 0.14489307196831253 0.4512473551768754 0.7229220140454162 0.9284163541004368 1.1621348515038994 1.5958410847491227
59 531 0.04037775585610941 1.3105942824670016 0.1019654559853018 0.1019654559853018 0.17890331654431083 0.33907539427127614 0.6357271938994061 0.935916929605923 1.1271017503071015 1.3105942824670016
58 522 0.07593021619335558 1.2974475625184156 0.10616369467762266 0.10616369467762266 0.1690530367875378 0.5058678934520523 0.7210967545473379 0.9732477245643342 1.1506692037663788 1.2974475625184156
59 531 0.08896337639893338 1.6135007848448828 0.08090025312608858 0.08090025312608858 0.18243432604520188 0.31944871529400515 0.7526303253199574 0.9312117501531606 1.2064064481446288 1.6135007848448828
60 540 0.05777266525709675 1.5478097827321946 0.06536128002049392 0.06536128002049392 0.13691968312629632 0.45027929863593447 0.7035325544110612 0.9246948545352983 1.1517918823561326 1.5478097827321946
60 540 0.039967553304074345 1.3067403079301532 0.09667995322714268 0.09667995322714268 0.17289578870601496 0.3393750854078015 0.5993197664390271 0.9233518505570399 1.147764557024683 1.3067403079301532
59 531 0.07534476775975203 1.2961586950222244 0.0987755264942631 0.0987755264942631 0.16808221924035885 0.48650579777947456 0.7105323554776888 0.9647210632702221 1.1121856590882655 1.2961586950222244
60 540 0.08938056317020533 1.5888284344096835 0.07824723076831996 0.07824723076831996 0.17408366495301997 0.32053475357274963 0.7228662579647812 0.9198799019014757 1.1772367867514388 1.5888284344096835
61 549 0.06978162639670961 1.5393925701151567 0.062396955290335156 0.062396955290335156 0.13304619339117063 0.4567726331565964 0.7019673999584221 0.9282393298151462 1.1582791984033343 1.5393925701151567
61 549 0.0383819963943138 1.3519960303075718 0.09127792208372777 0.09127792208372777 0.16793043544688524 0.3420883557798737 0.6112451727794735 0.9210400353552218 1.136431931786287 1.3519960303075718
60 540 0.07946774199706638 1.3095773507938282 0.09430536367661568 0.09430536367661568 0.1620156229193694 0.4851856326590561 0.6915019459619764 0.964076848856673 1.1333105309559972 1.3095773507938282
61 549 0.10500565873118803 1.6142367027641524 0.07448365368584364 0.07448365368584364 0.16988141427044293 0.3193190774301205 0.7027305929106419 0.9365689142674395 1.2294930473209127 1.6142367027641524
62 558 0.0800933521039647 1.5440178658141177 0.06214333147380406 0.06214333147380406 0.12623760904714632 0.46873356397730165 0.6903597137371753 0.9676915110699407 1.1876154825777858 1.5440178658141177
62 558 0.038023120166677186 1.3263637377241082 0.09059465679346389 0.09059465679346389 0.16591024781241018 0.3428862817294747 0.5968278243356429 0.9337819383366182 1.1343919708646129 1.3263637377241082
62 558 0.11390043825169507 1.668633228092664 0.07358930086038197 0.07358930086038197 0.15806453033746276 0.3297401429313738 0.6867172252738348 1.1006760660198585 1.2570735296306388 1.668633228092664
61 549 0.07686832731783873 1.2830152616136423 0.0892366782299602 0.0892366782299602 0.15823982342186413 0.48930535716348006 0.7254632127944846 0.9865557753465576 1.138822688027239 1.2830152616136423
63 567 0.09173893669966901 1.518805708849734 0.06108999947947976 0.06108999947947976 0.12315968093831299 0.4685599125101916 0.6999976707009243 0.9531849559817537 1.205929592212586 1.518805708849734
63 567 0.03870232726992993 1.3287843111677986 0.08945696369166777 0.08945696369166777 0.15859251309109437 0.34061838562626273 0.5873775858498123 0.9491502053621732 1.1406686919299422 1.3287843111677986
63 567 0.12307443628788096 1.7056949543650248 0.07169472237952854 0.07169472237952854 0.14939914505083132 0.3260377514341799 0.6786626526331039 1.1581977847833589 1.2578171308137036 1.7056949543650248
62 558 0.07669230006561904 1.275555648055693 0.08781259824724376 0.08781259824724376 0.15208288494549452 0.485292386977569 0.7227162280455373 0.9683459549575539 1.140421025053278 1.275555648055693
64 576 0.10349861191365434 1.5071786126641298 0.06105973575869883 0.06105973575869883 0.11209476898219764 0.4750251115813113 0.7632085911496687 0.9495507314288277 1.1837578549674563 1.5071786126641298
64 576 0.03521399687920067 1.320343059057178 0.08602532370360709 0.08602532370360709 0.15043872369612551 0.34928198167279967 0.5884290090026134 0.9636015379856377 1.1586059933030382 1.320343059057178
64 576 0.11628258084663672 1.6859513402215394 0.07311739143948857 0.07311739143948857 0.14209874153039626 0.3239468995025837 0.6791165201562882 1.1792326674661795 1.2722322733897682 1.6859513402215394
63 567 0.07199903653006048 1.2860421158929782 0.08519378713125471 0.08519378713125471 0.14757851920479859 0.47881991230454607 0.7449663659967208 0.9648319722836378 1.1256157455378537 1.2860421158929782
65 585 0.10331504318740073 1.5440773740660256 0.05538997459374802 0.05538997459374802 0.10942035479785603 0.5068848789575533 0.7751313931013745 0.918824938526311 1.206280641735467 1.5440773740660256
65 585 0.03212087380023984 1.335507842687679 0.0776444279015552 0.0776444279015552 0.1490111571201106 0.3577240904320507 0.5733702575728412 0.9347947944525176 1.1566152540926453 1.335507842687679
65 585 0.10188988397704321 1.7114680334331267 0.06651935129142753 0.06651935129142753 0.1406531309692049 0.33522439205403226 0.663944504750794 1.1524403549912452 1.2465169278180064 1.7114680334331267
64 576 0.07400417376890013 1.3083292701788827 0.08320794183176349 0.08320794183176349 0.15243272080512069 0.46348907011256446 0.7031022415573359 0.9541513069425445 1.1193940664440944 1.3083292701788827
66 594 0.10667463588348866 1.5724465611039622 0.050112744797733325 0.050112744797733325 0.10942970570951716 0.5087152792256221 0.7520463056156476 0.9078346398673345 1.2019229466992882 1.5724465611039622
66 594 0.03284235838127437 1.316146897459902 0.07069576541742863 0.07069576541742863 0.14772157130506552 0.3487335297639613 0.5836214386235419 0.9420324904156913 1.143659429825203 1.316146897459902
66 594 0.10253286395440286 1.6834261796269152 0.06185981849675138 0.06185981849675138 0.14025578031932812 0.33984957631398305 0.6466476748541906 1.1221836544766002 1.2337060812937894 1.6834261796269152
65 585 0.07278273709883225 1.3739258008791864 0.07621759537204476 0.07621759537204476 0.14812453565418546 0.4946670914322962 0.6845225072952147 0.9165624381081933 1.1370956747722938 1.3739258008791864
67 603 0.09866759263398917 1.5320019774735503 0.0488872691734602 0.0488872691734602 0.10747343391355377 0.47853704368009 0.8269598658576571 0.9155476617567454 1.1927596290391262 1.5320019774735503
67 603 0.09866759263398917 1.5320019774735503 0.0488872691734602 0.0488872691734602 0.10747343391355377 0.47853704368009 0.8269598658576571 0.9155476617567454 1.1927596290391262 1.5320019774735503
67 603 0.10439717320654635 1.5396364163962122 0.05959011232687231 0.05959011232687231 0.13821203711684352 0.3703149726455876 0.6600836042025755 1.1042741317638798 1.2366335394623438 1.5396364163962122
67 603 0.027665915110667717 1.2466433239829673 0.06913621264188959 0.06913621264188959 0.14519076047739082 0.33225785291121485 0.641458476492776 0.9490959430179359 1.158771586998797 1.2466433239829673
67 603 0.10439717320654635 1.5396364163962122 0.05959011232687231 0.05959011232687231 0.13821203711684352 0.3703149726455876 0.6600836042025755 1.1042741317638798 1.2366335394623438 1.5396364163962122
67 603 0.027665915110667717 1.2466433239829673 0.06913621264188959 0.06913621264188959 0.14519076047739082 0.33225785291121485 0.641458476492776 0.9490959430179359 1.158771586998797 1.2466433239829673
66 594 0.06990761039837844 1.4216944661658624 0.07017497828393193 0.07017497828393193 0.14491405446789085 0.47495430151214796 0.6857069084240603 0.9325923859117483 1.124863526923799 1.4216944661658624
67 603 0.06382716079584287 1.3687494614581301 0.0689694981403338 0.0689694981403338 0.14319832914258263 0.4852835769234901 0.6698049117887575 0.9307717535841862 1.1112298604342896 1.3687494614581301
67 603 0.06382716079584287 1.3687494614581301 0.0689694981403338 0.0689694981403338 0.14319832914258263 0.4852835769234901 0.6698049117887575 0.9307717535841862 1.1112298604342896 1.3687494614581301
