% # columns="iteration, evaluation, sigma, axis ratio, bestever, best, median, worst objective function value, interquartile range, 25%tile, current best feasible f-value, elapsed wallclock time [s], further/more values", seed=2567, Fri Aug 28 18:31:03 2026, <python>{}</python>
1 9 0.9003930254068623 1.0000428580612375 48.43563087575674 4.8435630875756743e+01 50.93249981784408 57.8906028060998 3.0210324579505183 49.152590222956526 nan 0.4   
2 18 0.9879053825708763 1.3022670997498278 43.917691171833205 4.3917691171833205e+01 48.804367400671495 61.272354203377105 3.7891525898717404 46.846063068309874 nan 0.5   
2 18 0.9388092952414957 1.262168661104167 44.02921532237806 4.4029215322378057e+01 49.64880481100448 58.57308223305321 3.2172466704434726 47.097349565543915 nan 0.5   
2 18 0.8826774249329369 1.168744115048525 46.898802865846775 4.6898802865846775e+01 49.74458821085606 57.76346145097466 1.067690439354763 48.75554441536268 nan 0.5   
2 18 0.8826774249329372 1.1687441150485254 46.898796630597225 4.6898796630597225e+01 49.7445991160249 57.763654571723585 1.0446997292747469 48.782719000966146 nan 0.5   
3 27 0.9630781353080199 1.3363601361197572 42.721910007627876 4.2721910007627876e+01 47.13186298158247 50.16001242604961 3.2686582685476253 46.36787723440955 nan 0.5   
3 27 1.0447104339690234 1.45742624207032 42.48105733776211 4.2481057337762110e+01 44.9433504420993 54.342638268841384 4.423606589290181 43.35637544525735 nan 0.5   
3 27 0.9120439941026186 1.3598545038433165 42.97484900482853 4.2974849004828528e+01 46.32105009998077 49.70498381102437 5.264759182959352 43.896040326032406 nan 0.5   
3 27 0.9445528082417751 1.3439751976511733 45.380156445888865 4.5380156445888865e+01 47.852403863980534 51.13783260545913 2.827733751962164 46.990519642325935 nan 0.5   
4 36 1.151578957988506 1.553568011783278 42.1142827482276 4.2114282748227602e+01 44.35864698384986 50.04180887674424 4.191031015965386 43.71841216179377 nan 0.6   
4 36 0.8206942042971666 1.373632901633226 42.97484900482853 4.4124194978826665e+01 47.769104048072805 49.84064093782693 2.9646696744872685 46.07387021507573 nan 0.6   
4 36 1.0088823162821972 1.4787958452181924 44.06420246848126 4.4064202468481263e+01 47.02002383420561 51.55673429445903 5.814765903878133 45.022329652042934 nan 0.6   
4 36 0.8842846426180269 1.442223334704459 42.721910007627876 4.5704880693711146e+01 47.68095843374282 50.858937146895705 2.9578762871264814 46.34315411045908 nan 0.6   
5 45 1.2373994055287272 1.805559116772135 42.1142827482276 4.2249668278611431e+01 45.9371034051865 50.765125166564545 5.990408113387822 43.41117912585199 nan 0.7   
5 45 0.7491726794165179 1.3485673901501396 42.97484900482853 4.3423266903515781e+01 47.76458305472358 50.91763284078919 4.771453777931903 44.28647906710723 nan 0.7   
5 45 0.9772612973361458 1.5548681448333534 44.06420246848126 4.5781685782902656e+01 47.954453188522464 51.962771593671214 3.0374370734570135 46.94451468314327 nan 0.7   
5 45 0.8946714366398146 1.4137078193520123 42.721910007627876 4.4014866902962225e+01 46.17401527257824 50.50527875906082 3.3887573338731656 45.739369293362195 nan 0.7   
6 54 0.7282003904257455 1.431505386814903 42.833569662767125 4.2833569662767125e+01 44.71761378678112 47.911005281769874 1.4749522344983177 44.030062445896434 nan 0.7   
6 54 0.9138955170379542 1.472336474755254 42.717717998106515 4.2717717998106515e+01 44.30236424344613 48.05374287622171 2.556296954479734 43.48465880990101 nan 0.7   
6 54 0.9466492762136589 1.5879677824164757 42.86187627304342 4.2861876273043421e+01 45.595749501743235 50.57563793288113 4.877285759102499 44.54827089761805 nan 0.7   
6 54 1.2407159495478401 1.902007552685489 42.1142827482276 4.2916282643890050e+01 45.712129319959125 49.41979321648734 3.917726951397995 43.92806298942273 nan 0.7   
7 63 0.6590790862030397 1.4841998284489437 42.833569662767125 4.2888390015822466e+01 45.35260837288344 47.573677902189075 2.2080501323239616 44.044591616113706 nan 0.8   
7 63 0.974095203800074 1.6073106487543602 42.86187627304342 4.4391545497876336e+01 46.35179743846599 49.22731418438005 2.912443453754925 44.84659922214864 nan 0.8   
7 63 1.2162436333927535 1.9445607597328731 42.1142827482276 4.2596644788087126e+01 44.68201681091263 48.080142654976186 3.5634680384026396 43.71750725524762 nan 0.8   
7 63 0.8884113283171207 1.5186254686013116 42.717717998106515 4.2948167506393339e+01 46.584124390650686 53.65490680085248 1.3754990080269494 45.579885837024065 nan 0.8   
8 72 0.6381035223612593 1.555629885271692 42.833569662767125 4.3143237716446293e+01 45.31629141490063 56.29322062072941 3.6062660749870545 44.12130151794201 nan 0.9   
8 72 1.0325720060872277 1.7156445768992914 42.86187627304342 4.3491988831666262e+01 46.024774055222814 49.164173266908826 3.249373791845869 44.544438583237834 nan 0.9   
8 72 0.8230972793553207 1.6532347120102857 42.717717998106515 4.2841847051110875e+01 46.37931247347824 47.47467287409908 1.5316492391930296 45.52999852091749 nan 0.9   
8 72 1.152821951180453 2.0270950104148926 42.1142827482276 4.2845325347216708e+01 46.97774439252148 49.96832474341416 4.039355472387946 44.84204708115125 nan 0.9   
9 81 0.6949522406706395 1.6786727491498261 42.03195926315847 4.2031959263158470e+01 43.524222970795314 44.993305839307524 0.8489671985605654 43.06392743048075 nan 0.9   
9 81 1.1601814106300739 1.9077313413341674 42.1142827482276 4.3610018854027501e+01 47.2800387183085 49.24544347385966 3.201611684018552 45.14985801176079 nan 0.9   
9 81 0.7345595960813952 1.7318459729745106 42.717717998106515 4.3141037981429889e+01 46.79558597848278 49.07461733598065 2.8526161019387004 45.019954939892926 nan 0.9   
9 81 0.9276371304181816 1.930180166149252 42.86187627304342 4.3086003887542056e+01 45.77820802231741 48.75911584436815 2.2988339985064243 44.5808110792635 nan 0.9   
10 90 0.6895966165070765 1.7060888683465978 41.82142764691828 4.1821427646918281e+01 44.31903861830509 45.30851857995798 1.9736303462736515 42.863134986637085 nan 1.0   
10 90 0.674574923737108 1.7447213073487353 42.349034315887224 4.2349034315887224e+01 43.956636220807255 47.43194584693328 2.918777612068183 43.2219950855412 nan 1.0   
10 90 1.1524905378102333 1.896018462806399 42.1142827482276 4.4054225099599371e+01 45.90834216634289 48.08791283130616 2.2288641561831852 45.309338681636326 nan 1.0   
10 90 0.851475419800259 1.9993579958930103 42.86187627304342 4.3307670558982153e+01 44.59070509433895 47.63232458505816 2.193303159359459 43.591798426950675 nan 1.0   
11 99 0.6377381006580239 2.0078237974995834 41.82142764691828 4.2140200536437796e+01 43.86809162195626 59.41952264349629 3.794774193246994 42.29739101835384 nan 1.1   
11 99 1.1936251214103348 2.0447959994903004 42.1142827482276 4.2196862441828415e+01 45.4203067156782 46.62832949858328 2.159301826377593 43.819581852212906 nan 1.1   
11 99 0.6629176888119946 1.9067096924387303 41.73571512116834 4.1735715121168340e+01 43.11491032049286 50.59366080738539 2.5122630430878914 42.23267850822209 nan 1.1   
11 99 0.9366247163136205 2.1087253649591933 41.863509847502044 4.1863509847502044e+01 44.186418321965476 45.90346917405152 3.1261564437948834 42.094321960342086 nan 1.1   
12 108 0.6186686731749689 1.9820051861698096 41.82142764691828 4.2077298263645318e+01 43.5784906047553 45.27002559059617 1.1548074117146712 43.13148590622453 nan 1.1   
12 108 0.6484024485667907 1.8509580927591904 41.73571512116834 4.2770491241908161e+01 44.14799816830374 46.43529677442628 1.8590329988442704 43.46780660207537 nan 1.1   
12 108 1.2655392659138234 2.0826659791823463 42.1142827482276 4.3381208700590101e+01 45.219473802090214 47.682861762308946 3.1269855825315744 43.65052651953401 nan 1.1   
12 108 0.8872311013832784 2.1622470227660364 41.863509847502044 4.1913363006894514e+01 43.88303843586858 45.43945670690031 1.80291989160677 42.892054365580805 nan 1.1   
13 117 0.575822321143587 2.04436685938103 41.82142764691828 4.1847778843969138e+01 44.108860643064325 46.330861345480436 2.7907861550457724 42.09577906690178 nan 1.2   
13 117 0.6099667882589089 1.8247791763815877 41.73571512116834 4.2281238891022667e+01 43.51165507332896 45.992869579965685 1.8171872896398753 42.60306268651268 nan 1.2   
13 117 1.2067400948435656 2.3666271118320514 42.1142827482276 4.2708493926815976e+01 44.43010498498296 51.441686511680395 4.928841682458568 43.34522947636428 nan 1.2   
13 117 0.787941904570894 2.153029094138299 41.863509847502044 4.2306262077877193e+01 43.50121047245 47.87061315529774 2.207846054202051 42.61188913253059 nan 1.2   
14 126 0.4893697214171822 2.0785642386384926 41.68467251590343 4.1684672515903429e+01 43.42959942864657 44.332714095264386 1.1069210451168914 42.58849843665247 nan 1.3   
14 126 0.6559382817775743 2.0372559361758986 41.73571512116834 4.2243916926160161e+01 43.72550778802986 44.52166751755427 1.957182688109448 42.363187218719624 nan 1.3   
14 126 0.7762497764248882 2.212031144189319 41.863509847502044 4.2244543709925999e+01 43.53908088428589 45.81040483723021 1.2467564639253794 42.74954268151977 nan 1.3   
14 126 1.1587162140959513 2.415723853937955 42.1142827482276 4.4035542105548465e+01 46.16600912610787 49.895390826408956 2.427688345556234 44.95355413607888 nan 1.3   
15 135 0.429094381982604 2.153780304134048 41.68467251590343 4.1692296371760264e+01 42.014169128908186 44.57658195911166 1.1663414103398608 41.80625059976919 nan 1.3   
15 135 0.6683623707187116 2.20059007065869 41.73571512116834 4.2049604699699593e+01 43.468380115182434 44.76123563620947 1.341694928649794 42.70086974513459 nan 1.3   
15 135 0.7035611881226984 2.396250449309058 41.863509847502044 4.2235790281404881e+01 43.839007267681716 46.13419758261613 2.1283448944556866 42.81803705944062 nan 1.3   
15 135 0.977828064596725 2.4444306363427284 42.1142827482276 4.2536020420603840e+01 45.457878042385936 48.86933236913062 3.4348776335957467 44.01426351436912 nan 1.3   
16 144 0.3823836794932993 2.201184615516481 41.68467251590343 4.1709002139890949e+01 41.85618672228817 42.74070717540857 0.4378386369078342 41.776204029411176 nan 1.4   
16 144 0.6171007595363046 2.2873850424169073 41.73571512116834 4.1959547214191915e+01 43.648957244097694 47.82240275456133 1.27454983098243 42.632551023129324 nan 1.4   
16 144 0.6308599874668358 2.446115319566548 41.863509847502044 4.2168602678011894e+01 44.19075060521489 45.091768611874905 1.5958537797967693 42.70070660044361 nan 1.4   
16 144 0.9225365053603903 2.505471968366392 41.784777342164325 4.1784777342164325e+01 43.63796826920761 46.228778406615284 1.583149471697368 42.72842728251628 nan 1.4   
17 153 0.5462251229821584 2.4200293114788605 41.6933088666219 4.1693308866621898e+01 43.053795330069526 46.11442885583506 1.5855043738898402 41.974211875186704 nan 1.4   
17 153 0.36127703605772044 2.2885420628041047 41.67764756180509 4.1677647561805088e+01 41.955481143292594 43.20803837563333 0.9150052932048709 41.76104322235854 nan 1.4   
17 153 0.5679453468970783 2.431993705222622 41.863509847502044 4.2490692407402783e+01 43.14549713181844 44.356471019740354 0.47957681512105665 43.04138154056954 nan 1.4   
17 153 0.8442736298045779 2.6859407205010895 41.784777342164325 4.3087265210547294e+01 43.820389073173 45.28172817737171 1.6107006247727185 43.19600033197357 nan 1.5   
18 162 0.49996204923544557 2.6246376997735403 41.6933088666219 4.1912771850893513e+01 42.61212388212783 44.249305518656755 1.7932947332733136 42.18202109650838 nan 1.5   
18 162 0.32137008426233615 2.421248816475329 41.67764756180509 4.1736575963013379e+01 42.00719768128106 43.262710542635375 0.4508394562253457 41.86862912593333 nan 1.5   
18 162 0.5035540522820341 2.4341901254709475 41.792357214595775 4.1792357214595775e+01 42.670018393074955 44.50414974077572 1.4704756730553186 41.94426773505345 nan 1.5   
18 162 0.7782344333323186 2.927116196568038 41.784777342164325 4.2110170990300837e+01 43.625654831869944 46.47269729366952 1.8899775905951728 43.18655037024036 nan 1.5   
19 171 0.4389232294880729 2.7951191353405975 41.6933088666219 4.1712997322908464e+01 42.330774243880825 42.751537170158926 0.38176180609720944 42.18451904284472 nan 1.6   
19 171 0.29759997676264627 2.628575916648307 41.67764756180509 4.1773130693902530e+01 41.84292015940499 42.09008240371531 0.2302182445818417 41.81222265819853 nan 1.6   
19 171 0.4974122850050024 2.596327311710261 41.74483037229941 4.1744830372299411e+01 42.2873527459078 43.9686900104224 0.8855037812022104 42.01126664563489 nan 1.6   
19 171 0.6365996546988956 3.189580936228268 41.784777342164325 4.2139849318892033e+01 43.39796267210814 45.55624038010915 1.523829431869153 42.84578070276965 nan 1.6   
20 180 0.4070675882989181 2.6691930201627034 41.6933088666219 4.1853310770993772e+01 42.23759154746959 43.94848862772072 0.7442332390945054 42.02961808666941 nan 1.6   
20 180 0.30476235065891477 2.640015914129033 41.67764756180509 4.1702402775980580e+01 41.79061049337511 41.988100744166346 0.15523606855390426 41.727697283554576 nan 1.6   
20 180 0.5228347227864775 2.5944126671372763 41.74483037229941 4.1897855398441266e+01 42.4042816971359 43.14289934887857 0.4832886228139941 42.010196919357305 nan 1.6   
20 180 0.562997255248615 3.031951973524027 41.77959835197984 4.1779598351979843e+01 42.307178768273175 44.54946390576898 1.0759725885050244 41.98788770781567 nan 1.7   
21 189 0.4043232190271559 2.701686355741977 41.6933088666219 4.1745756150432051e+01 42.28402938932772 43.19441735093782 0.9784665387804736 41.9571243746592 nan 1.7   
21 189 0.28446170925991937 2.833392444493722 41.67764756180509 4.1722200699741414e+01 41.86991973301944 42.145856859053026 0.25855778311495214 41.7589941168836 nan 1.7   
21 189 0.5139186255956284 2.721660018803953 41.74483037229941 4.1958736974389410e+01 42.136183590733516 43.773552456036796 1.3989636640790053 42.05067184582479 nan 1.7   
21 189 0.5804025241309203 3.1660306392630937 41.77959835197984 4.1790230824923036e+01 42.29306140869445 42.86866043015422 0.6677760259708236 41.99935593985292 nan 1.7   
22 198 0.38808656308636025 2.647935426378988 41.69132663372946 4.1691326633729460e+01 42.006786352226705 42.85249399489503 0.5758769520027371 41.80195630557991 nan 1.8   
22 198 0.27816742057913724 2.982624252539222 41.676505866793974 4.1676505866793974e+01 41.78683379038302 42.258456790579565 0.18080088666157224 41.75982850447113 nan 1.8   
22 198 0.4961912901261475 2.81613165696045 41.70127859351929 4.1701278593519291e+01 42.252409192977346 43.118350657089564 0.9560665266553414 41.91149336206077 nan 1.8   
22 198 0.5745392787197547 3.3478588443424484 41.77959835197984 4.1841552575782238e+01 42.429715457585466 43.381590723988005 0.3579128523443984 42.30282051606167 nan 1.8   
23 207 0.38523860949843514 2.818296958638224 41.68362683274462 4.1683626832744622e+01 41.96453347225139 43.42354346147835 0.46824872960713293 41.703870914624765 nan 1.8   
23 207 0.43031514935602677 3.0201054216980627 41.67626105808162 4.1676261058081622e+01 42.00446540955177 44.63768282330256 0.5518375110168492 41.822269132220875 nan 1.8   
23 207 0.24210706354092343 3.355204848426156 41.676505866793974 4.1680268563928891e+01 41.74120874795717 42.32316787440696 0.08913782753391786 41.71768707157754 nan 1.8   
23 207 0.5343343872560422 3.7464101450193614 41.73078411249 4.1730784112489999e+01 42.05857209185084 44.553060110357535 0.5361183250362345 41.92176740945013 nan 1.9   
24 216 0.3274226460291073 3.0867784695551745 41.68362683274462 4.1688302238434851e+01 41.78852173544695 42.10217139480016 0.17116009402954546 41.69650494145584 nan 1.9   
24 216 0.40317625145556224 3.1653822783608656 41.67626105808162 4.1678454250503826e+01 41.82890362203517 41.96726031327585 0.11641459614212835 41.77747738215108 nan 1.9   
24 216 0.22665710649953377 3.44627463764885 41.676505866793974 4.1681073172237717e+01 41.74888800984177 41.78112835197983 0.07917462234780714 41.69581611286853 nan 1.9   
24 216 0.48185844786274956 3.909582439329596 41.674175728731576 4.1674175728731576e+01 42.10519136833892 42.55527372043169 0.35441342157043465 41.91266909542304 nan 1.9   
25 225 0.3376217254781799 3.2679509106076368 41.68362683274462 4.1750034001903920e+01 41.78702067004054 42.56422660192058 0.15046979735220134 41.76995155691863 nan 2.0   
25 225 0.4369877694057795 3.1099420211775444 41.67626105808162 4.1731781857647810e+01 41.87650263734628 42.47251611439624 0.21707457069470593 41.78007698349215 nan 2.0   
25 225 0.21583767972974158 3.8833333941640547 41.672866806570454 4.1672866806570454e+01 41.73558680020271 41.839755810701035 0.12110996352430448 41.679986578968055 nan 2.0   
25 225 0.45785668999402623 4.043100798337606 41.674175728731576 4.1734512596541201e+01 42.04743866866991 42.75110398645906 0.2957723062802131 41.846397669727196 nan 2.0   
26 234 0.3033534035446738 3.2683491382811436 41.68362683274462 4.1692359630895290e+01 41.850607663884595 42.52171836949857 0.46504867790088866 41.79895559213018 nan 2.0   
26 234 0.2113213360997933 4.179174144562344 41.672866806570454 4.1673109355502632e+01 41.72063692731866 42.01640831118359 0.09116066276926915 41.69719466692157 nan 2.0   
26 234 0.40070431685919305 3.1033970722811466 41.67626105808162 4.1708983340261732e+01 42.19846323789741 42.86036354491338 0.6877552564685203 41.72916866079454 nan 2.0   
26 234 0.4418404454345494 4.043424288786302 41.674175728731576 4.1771570241648718e+01 42.16783489473239 43.0676633482269 0.3155474493222883 41.89182029178748 nan 2.1   
27 243 0.27001847972401205 3.2810240117973457 41.6832280639123 4.1683228063912303e+01 41.74718874684896 42.222002715423976 0.2717763955389074 41.70849809549164 nan 2.1   
27 243 0.21370050114678707 4.252862312221473 41.672866806570454 4.1674129407478866e+01 41.688420356657076 41.84396418545619 0.07898461594817974 41.67853995383451 nan 2.1   
27 243 0.3575224964870793 3.15858045765343 41.67626105808162 4.1692830910283057e+01 41.86853259545592 42.019113913819965 0.229687284256741 41.70705195566654 nan 2.1   
27 243 0.4098460068628819 4.190656579046338 41.674175728731576 4.1694599322487306e+01 42.17217098396108 43.308214383130135 0.6245868863852735 41.8096843137439 nan 2.1   
28 252 0.2727353129219761 3.282653957104957 41.6832280639123 4.1687571865681790e+01 41.8344757303598 41.99198659183693 0.13852492191867327 41.72428522479558 nan 2.1   
28 252 0.19984311701699425 4.402403877691641 41.672866806570454 4.1679125605942993e+01 41.73743964654894 41.80465136856076 0.07238509453667064 41.68780706964344 nan 2.2   
28 252 0.3414185105647282 3.0969922341518497 41.67626105808162 4.1684799946661848e+01 42.00634057906389 42.422593220270876 0.24839886276664913 41.8049428586255 nan 2.2   
28 252 0.42603863087943444 4.365285907753976 41.674175728731576 4.1690716137925058e+01 41.899733117097036 42.2800807837282 0.3860441023895973 41.753019522311774 nan 2.2   
29 261 0.26872078815642003 3.680870780921391 41.68187672229201 4.1681876722292010e+01 41.72822784755817 42.29741647049541 0.17464032518116568 41.68554728271691 nan 2.2   
29 261 0.18648997541598258 4.9062655973403855 41.672866806570454 4.1672928551197181e+01 41.689726326894416 41.88948192134632 0.028753077843227004 41.68257344566298 nan 2.2   
29 261 0.3235704858116913 3.3898136687246385 41.67626105808162 4.1676801659383194e+01 41.79583924706983 42.6886354234961 0.24503557570819368 41.73332229981789 nan 2.2   
29 261 0.4481482756908237 5.1083110641793095 41.67329261085426 4.1673292610854261e+01 41.809347000008394 42.604215123279666 0.20878007883647598 41.72917720872409 nan 2.2   
30 270 0.19706074333092352 4.985750163503654 41.672866806570454 4.1674210004793188e+01 41.70586481754641 41.722044629130494 0.026067744632193524 41.684221137632115 nan 2.3   
30 270 0.26301919031432197 3.758441903785604 41.6803299477265 4.1680329947726499e+01 41.750605706966375 42.088474459000054 0.12764265385507656 41.69366499539412 nan 2.3   
30 270 0.3253259936877638 3.494459036037842 41.67626105808162 4.1692217434660343e+01 41.82817760032451 42.35204185577409 0.15502967575870485 41.71229480836987 nan 2.3   
30 270 0.48362346003798756 5.308332048161707 41.67329261085426 4.1677514270359076e+01 41.9098057628785 42.45396809959979 0.20193377791540001 41.74109440269001 nan 2.3   
31 279 0.2287129525034769 5.542491250518885 41.672866806570454 4.1675260326366320e+01 41.74005656236494 41.860628943712676 0.08877112291541067 41.69500117118492 nan 2.3   
31 279 0.3002691567624979 4.0938176714087735 41.6803299477265 4.1707202209678300e+01 41.80546233114762 42.10458346935023 0.17736326778909017 41.765707115916356 nan 2.3   
31 279 0.3044809897074083 3.7516969964129587 41.67626105808162 4.1676486685989182e+01 41.84612616625134 43.44450668874088 0.3387349874808834 41.75861078308825 nan 2.4   
31 279 0.4886654339584281 5.858087009120434 41.67329261085426 4.1706116567376320e+01 42.085804726169115 43.21892661897989 0.525996125166273 41.950942328804004 nan 2.4   
32 288 0.2438641571146682 5.955401597271439 41.672866806570454 4.1676515947657542e+01 41.72156311755568 41.83266369368461 0.029267485627329393 41.704140463604354 nan 2.4   
32 288 0.28583836368280596 4.397873120123944 41.67710270362359 4.1677102703623589e+01 41.89813859977628 42.25797800059897 0.18032369145775107 41.80963131181101 nan 2.4   
32 288 0.3041657140673445 4.049508378800341 41.67626105808162 4.1690474702387071e+01 41.751575804418856 42.60732003120895 0.15351780609257304 41.71551852819934 nan 2.4   
32 288 0.49762250736337127 6.130290667062868 41.67329261085426 4.1694809035398478e+01 41.92869057897282 42.42767424349294 0.4049007639066744 41.72718393916167 nan 2.4   
33 297 0.2553561534344765 6.21332295790683 41.672866806570454 4.1682381084377965e+01 41.76048782753821 41.91018125779969 0.14112512195679017 41.689935607182804 nan 2.5   
33 297 0.2951793491923184 4.500885242277278 41.672134082925844 4.1672134082925844e+01 41.88699059907569 42.3174949475031 0.46450966970100893 41.721146594190344 nan 2.5   
33 297 0.32925309994208335 4.470310712303746 41.67626105808162 4.1676864952862154e+01 41.79370534792337 42.02603436469505 0.2762326018965169 41.69921016439874 nan 2.5   
33 297 0.43181583777963184 6.680466272547617 41.67329261085426 4.1699384895032729e+01 42.03380538127004 42.85702600613509 0.609568853262445 41.8259172717088 nan 2.5   
34 306 0.24691748800955832 7.106838673461533 41.672866806570454 4.1685305423674976e+01 41.7285941808794 41.9404436307407 0.1933974502011182 41.693168686635246 nan 2.5   
34 306 0.2681287753907953 4.830219988373182 41.672134082925844 4.1681325060957242e+01 41.84401199260013 42.15359921564038 0.25106883488169984 41.74156319060735 nan 2.5   
34 306 0.32738284786477434 5.259276653208824 41.67626105808162 4.1677618000163527e+01 41.892734153071004 42.19991789780989 0.3700759382754413 41.75045556369813 nan 2.5   
34 306 0.35282287100241505 6.994096045344124 41.67329261085426 4.1673720619480605e+01 42.04157300265273 42.712497641901486 0.6300099972583766 41.75545169207919 nan 2.6   
35 315 0.23489268512089614 7.775735844687946 41.67259618701632 4.1672596187016318e+01 41.6998149765678 41.76575717521264 0.049258482151806504 41.67755666833428 nan 2.6   
35 315 0.24531476028814603 5.108629993806149 41.672134082925844 4.1681735979017745e+01 41.713891828573956 41.91696725337442 0.07504593067505994 41.70156512354488 nan 2.6   
35 315 0.3096786480562284 5.833171409337084 41.67626105808162 4.1684186624009236e+01 41.73765668357159 41.97083505433344 0.10292854980249189 41.71722516688851 nan 2.6   
35 315 0.339354008414882 7.388974363841781 41.67329261085426 4.1689088269276716e+01 41.75504780776888 42.025117110701174 0.11666576545237461 41.696576955536685 nan 2.6   
36 324 0.23845806608602116 8.23950331324541 41.67259618701632 4.1679146242955191e+01 41.70749759263268 41.78730664664059 0.06777444050819526 41.69193017941146 nan 2.7   
36 324 0.236634816484711 5.223028099256753 41.672134082925844 4.1676412344101323e+01 41.73106832098445 41.825884562691265 0.05489094231686664 41.70967611464019 nan 2.7   
36 324 0.3731259321850251 8.108220778381204 41.67329261085426 4.1674345350511956e+01 41.725605520114044 42.031987028009304 0.21379694613748512 41.70966246459173 nan 2.7   
36 324 0.2845089055802351 5.956038397761821 41.67626105808162 4.1698273070925765e+01 41.75845703366687 42.02795529491841 0.12010598859519916 41.74058440191021 nan 2.7   
37 333 0.23763369157111708 8.275357241474914 41.67259618701632 4.1675278752137210e+01 41.685922643192264 41.7468928629714 0.02617857121968825 41.67807325556931 nan 2.7   
37 333 0.20372371684774457 5.406795805263391 41.672134082925844 4.1681315521811470e+01 41.705843012851744 41.776033785721985 0.0643336469100575 41.69088219978532 nan 2.7   
37 333 0.3658679630613323 8.19936268131973 41.67329261085426 4.1682036466563225e+01 41.73982107437387 41.83495909054681 0.0326995755785191 41.71790770386625 nan 2.7   
37 333 0.3011108160056222 5.918834164356695 41.67626105808162 4.1676333118665738e+01 41.68606190745411 41.84983887675161 0.06673790607038654 41.67764237206755 nan 2.8   
38 342 0.2421303929275153 9.271810186925045 41.67259618701632 4.1673383849473773e+01 41.689165763726095 41.712920671063706 0.032024771611887104 41.67520655928196 nan 2.8   
38 342 0.17086248882873406 5.857014239124818 41.672134082925844 4.1672254536845223e+01 41.690460762855466 41.748386738298635 0.0172546920460519 41.67999622888352 nan 2.8   
38 342 0.3104460549104399 8.83162477799672 41.67329261085426 4.1675948556723824e+01 41.73180159980198 41.89923897468521 0.04928920109273349 41.700896838640155 nan 2.8   
38 342 0.28783180911013967 6.328987052625648 41.67626105808162 4.1688834548713963e+01 41.74503050959882 41.86012095387218 0.11206839347830311 41.70164827322225 nan 2.8   
39 351 0.22881635410216902 10.183506091036689 41.67259618701632 4.1675938703978801e+01 41.70363574823225 41.74336053602822 0.05079455336547767 41.68626303499384 nan 2.8   
39 351 0.15055618082950928 6.2942397736023254 41.672134082925844 4.1679863705053698e+01 41.70093896926822 41.778372386123976 0.03923217694266867 41.68204498168629 nan 2.8   
39 351 0.2633825587677545 9.571454151587508 41.67329261085426 4.1674884410942219e+01 41.74650524657312 41.792638145165064 0.061014641264854674 41.71872991222974 nan 2.9   
39 351 0.26359226898759325 6.952069914279871 41.674535095706446 4.1674535095706446e+01 41.74089944078362 41.88346882442569 0.16273630257403937 41.68614993770064 nan 2.9   
40 360 0.21430099943543482 11.265537875344029 41.67259618701632 4.1674966825090372e+01 41.69165854941394 41.72637304651908 0.02127324430318822 41.68099056870423 nan 2.9   
40 360 0.14282832943123397 6.427276697916928 41.672134082925844 4.1674540328719765e+01 41.6944992008347 41.70192164650402 0.015178947650213104 41.68237786607381 nan 2.9   
40 360 0.26720532161979854 10.203621103992758 41.67329261085426 4.1683620312375439e+01 41.71544496191166 41.81645410276908 0.03814448144956373 41.69607424523039 nan 2.9   
40 360 0.24558593069728307 7.503146801801247 41.674535095706446 4.1678294544279034e+01 41.69774496334969 41.752673008116396 0.05717571156849033 41.68195267577491 nan 3.0   
41 369 0.19004942197802882 11.76964146297906 41.67259618701632 4.1674136046627012e+01 41.678997377192935 41.70400711884103 0.013920092268186579 41.67733325214701 nan 3.0   
41 369 0.1299900953568467 6.727762429044556 41.67212926805572 4.1672129268055720e+01 41.688723320011626 41.72000860794802 0.01102887209857073 41.68138227417832 nan 3.0   
41 369 0.2485311994223659 10.826446022581228 41.67329261085426 4.1673481229688278e+01 41.68522822648652 41.80068363432912 0.03997703696666122 41.676149098054154 nan 3.0   
41 369 0.2451615503243296 7.691218273528703 41.674535095706446 4.1676715234246217e+01 41.69435959913933 41.780598899269435 0.03251668360478277 41.67926011989795 nan 3.0   
42 378 0.1683350489384903 11.866432616122188 41.67259618701632 4.1673676523729625e+01 41.6797714558278 41.6963829915319 0.01480709875192332 41.6773716824647 nan 3.0   
42 378 0.11694407387441616 6.870983365264834 41.67212926805572 4.1672652585778216e+01 41.6771608366987 41.69755014003036 0.014002926405851213 41.6730034744488 nan 3.0   
42 378 0.22101540531765207 11.083525753648647 41.6727576610238 4.1672757661023802e+01 41.688117677422845 41.78620268414343 0.043757480284604355 41.67735502758212 nan 3.1   
42 378 0.23579787168365174 7.522039624103544 41.67317521142612 4.1673175211426120e+01 41.68297980199934 41.76733758058709 0.037142246404961554 41.67656183500829 nan 3.1   
43 387 0.1812619729302302 12.468279376928772 41.67259618701632 4.1674131326671393e+01 41.678847057855656 41.70478195434051 0.011721840577450848 41.67596952738963 nan 3.1   
43 387 0.12533309003436702 7.045726430856093 41.67212926805572 4.1676234554693323e+01 41.68000611089762 41.701409919034816 0.009148975459332576 41.67708615909123 nan 3.1   
43 387 0.20611529433711476 11.518580389790408 41.6727576610238 4.1675956374355088e+01 41.68624199052368 41.76538323228245 0.028200759383516072 41.6810099692772 nan 3.1   
43 387 0.22414574177958974 8.01468069552776 41.67317521142612 4.1682739867759679e+01 41.7159736336938 42.00416517924579 0.06519522587063165 41.68689424841628 nan 3.2   
44 396 0.1791356243469151 13.25620808935107 41.67259618701632 4.1673172919690217e+01 41.68150738969383 41.69179367242389 0.006947654524033453 41.67690239302742 nan 3.2   
44 396 0.11983205813841463 7.38555913023849 41.67212926805572 4.1672856183678157e+01 41.678270528057446 41.76939646127016 0.01569473743329297 41.67470432666373 nan 3.2   
44 396 0.18714741787037237 12.21691010313254 41.6727576610238 4.1675854841100019e+01 41.68321425584453 41.75756754569747 0.007936441957383522 41.67940900686048 nan 3.2   
44 396 0.20052134122318585 8.010161909612401 41.67317521142612 4.1673289062418256e+01 41.69154529885436 41.84813420482408 0.05630182515535864 41.6778675362815 nan 3.2   
45 405 0.17940172519631065 14.707134113652176 41.67259618701632 4.1672831447282711e+01 41.67826444965073 41.69184339476816 0.0036506583643927115 41.67536615353814 nan 3.2   
45 405 0.11530503643509404 7.91786159979247 41.67212926805572 4.1672193732755012e+01 41.677312495990776 41.773501222800064 0.022714664608677992 41.67274091458005 nan 3.2   
45 405 0.18480286769415963 13.37479154881145 41.6727576610238 4.1673227025692469e+01 41.67844749981833 41.703369643637394 0.016176768741509306 41.67434490351366 nan 3.3   
45 405 0.19852090198490627 8.048309403701165 41.67317521142612 4.1675025082022408e+01 41.696335127544415 41.71482513554926 0.025744673559330522 41.678168976256984 nan 3.3   
46 414 0.1823407382715295 15.595715229424428 41.67259586767632 4.1672595867676321e+01 41.67384906615937 41.682470720540934 0.005425824061958906 41.67363235703332 nan 3.3   
46 414 0.10288797809230484 8.807830663176535 41.672017662888784 4.1672017662888784e+01 41.67751248568334 41.68991509085101 0.006163879258451743 41.674778649290175 nan 3.3   
46 414 0.17305564600892603 13.596619396830565 41.6727576610238 4.1673027249058073e+01 41.68054311525874 41.69817292076495 0.01293572909992946 41.676182661786065 nan 3.3   
46 414 0.18847642138935547 9.093153647417205 41.67317521142612 4.1675605631281051e+01 41.68381995965647 41.715673388114766 0.011406659290514654 41.676734531775494 nan 3.4   
47 423 0.09814286149235127 8.725555053177562 41.67184890526286 4.1671848905262863e+01 41.67376728213474 41.677926372963526 0.0034001640933638555 41.67240598846024 nan 3.4   
47 423 0.1740595440002895 15.806730605492204 41.67256154095185 4.1672561540951847e+01 41.67621580744988 41.68682288692469 0.007371860580668965 41.67347268563991 nan 3.4   
47 423 0.16042236020206213 12.972203467854174 41.6727576610238 4.1673499514413727e+01 41.67979923856001 41.69519454193056 0.00858123082757345 41.67537036063446 nan 3.4   
47 423 0.18702109913814852 9.361465735844785 41.67317521142612 4.1673549591407863e+01 41.67872508935345 41.69013859469111 0.0097058030756898 41.67586032533805 nan 3.4   
48 432 0.09989339662310918 9.640598785341691 41.67184890526286 4.1672587994695206e+01 41.67460708816001 41.67877433486324 0.0029799445202698394 41.673194376067876 nan 3.4   
48 432 0.1744280880661747 17.43371583919248 41.67256154095185 4.1673158305334020e+01 41.67771062008214 41.69229577447705 0.004752717377087379 41.67468333463669 nan 3.4   
48 432 0.16717920534946448 14.289925675648819 41.6727576610238 4.1673973816904549e+01 41.678657845915296 41.70255438453891 0.007144440994331092 41.67549777013075 nan 3.4   
48 432 0.19864502374792709 9.977733878471966 41.67317521142612 4.1673289347286882e+01 41.682214582818254 41.71376863305017 0.015299038644961627 41.67465988190459 nan 3.5   
49 441 0.09606156421708166 9.592589911682813 41.67184890526286 4.1672468707143643e+01 41.674509409819485 41.67788091431056 0.003015929572477205 41.67271834663898 nan 3.5   
49 441 0.16089338917364585 17.864757997048667 41.67256154095185 4.1672997307585447e+01 41.67648931979242 41.682685283965654 0.005744997199400359 41.674230808844364 nan 3.5   
49 441 0.16193352437477726 14.868277059122189 41.6727576610238 4.1673684145336125e+01 41.67602635845404 41.758860839674135 0.008029345811110034 41.67476644465005 nan 3.5   
49 441 0.18661401376615716 10.396671149341564 41.67317521142612 4.1674508947523300e+01 41.688163661179935 41.781939890211035 0.01785901414549329 41.67708381959034 nan 3.5   
50 450 0.14235403589371454 20.976279555724794 41.672512491714635 4.1672512491714635e+01 41.675070766968 41.68056741407821 0.0008592484117215804 41.67477372730276 nan 3.6   
50 450 0.09475337988323469 10.68084059111807 41.67184890526286 4.1672012182237737e+01 41.67505302875421 41.67822420147644 0.0024011234745060506 41.673511171697776 nan 3.6   
50 450 0.1584658214561944 16.966381603134067 41.67273489540616 4.1672734895406158e+01 41.676334986775394 41.6851506698465 0.008158052450696118 41.67320902070365 nan 3.6   
50 450 0.1720062922007636 11.786547588150416 41.67317521142612 4.1674242638667764e+01 41.68311809720482 41.69476003704453 0.010311182275501096 41.67816978045455 nan 3.6   
51 459 0.12615281509688037 19.51042890139489 41.67243469035663 4.1672434690356631e+01 41.67336192714614 41.67601088883306 0.002563713166246373 41.67275099756652 nan 3.6   
51 459 0.09193573274245721 11.175805349437711 41.67184890526286 4.1672085311938986e+01 41.67283859389029 41.67554084809945 0.0015920634067612127 41.67247566142703 nan 3.6   
51 459 0.14678385110388473 17.247026012574885 41.67246342976828 4.1672463429768278e+01 41.67604077172596 41.788682524033646 0.008109928362500796 41.67409791036129 nan 3.6   
52 468 0.12475899520255658 20.10023614051788 41.67243469035663 4.1672457999602017e+01 41.67344162864334 41.67751136962607 0.001665714544849095 41.67297566924047 nan 3.7   
52 468 0.08023351789475468 11.782073872538577 41.67184890526286 4.1671965437553759e+01 41.67270656041203 41.67802144020862 0.0015279505158218853 41.67252769950423 nan 3.7   
51 459 0.15436168580188528 11.955069165115802 41.672778135498106 4.1672778135498106e+01 41.67641408837193 41.68711350498797 0.009728532911211119 41.674804822472865 nan 3.7   
52 468 0.14549772826393031 17.63063586730651 41.67246342976828 4.1672836407780288e+01 41.6749817749741 41.76358501790875 0.014625485306233088 41.673409424343696 nan 3.7   
53 477 0.10942922825139098 20.549838124447863 41.67243469035663 4.1672467994426576e+01 41.67310056248694 41.678894099002974 0.002503571145943795 41.67268819746719 nan 3.7   
53 477 0.06747093997964498 11.89343382424215 41.67184890526286 4.1671993829167349e+01 41.673241707770615 41.675695725172396 0.001905682160590061 41.672054683813734 nan 3.8   
52 468 0.1588999028525155 12.095703627575155 41.672778135498106 4.1673048732043071e+01 41.67634546131712 42.6237358131351 0.035161224451904616 41.67345170683334 nan 3.8   
53 477 0.136107781678318 16.88735837261163 41.67237544732745 4.1672375447327447e+01 41.673840426015516 41.683593052073704 0.005631491767154273 41.67302170772679 nan 3.8   
54 486 0.10816701864430144 20.85440050683859 41.67243469035663 4.1672720226416580e+01 41.67334552360107 41.676048109987384 0.0013080864191366004 41.672825525231104 nan 3.8   
54 486 0.0722203739475685 12.226789970036632 41.67184890526286 4.1671962847034813e+01 41.67287729887825 41.67482547409464 0.0009808678134106685 41.67222822613202 nan 3.8   
53 477 0.14433792965709394 12.152837756533476 41.672716620222054 4.1672716620222054e+01 41.67953119752373 41.683822076704466 0.0076702686042224855 41.67288024373158 nan 3.8   
54 486 0.14069218517431517 17.336334566649043 41.67237544732745 4.1672752491904170e+01 41.67504350417386 41.67805765371933 0.0037595678474815486 41.67350555733927 nan 3.8   
55 495 0.09041233199696799 21.321118598475824 41.67243469035663 4.1672451448218467e+01 41.67323293231054 41.67555921508959 0.0008326478945406279 41.67283951313684 nan 3.9   
55 495 0.06479249803444509 12.876716239639828 41.67184890526286 4.1671952349260337e+01 41.6726902801774 41.6735470271009 0.0008461663209402559 41.67217660541764 nan 3.9   
54 486 0.12672407183679985 12.045959872583412 41.672716620222054 4.1673886973640187e+01 41.67487640785827 41.68067295197365 0.0012073612485252738 41.67419547845008 nan 3.9   
55 495 0.129302610239049 17.347835873564144 41.67234232787981 4.1672342327879811e+01 41.67476123563073 41.67916970603718 0.00344164404423708 41.67308539275106 nan 3.9   
56 504 0.0852794008711433 21.009906206379213 41.67243469035663 4.1672541897266491e+01 41.67317923623176 41.67363239766018 0.0003701514132288253 41.6729554061002 nan 3.9   
56 504 0.05156281980633713 12.641187860160153 41.67184890526286 4.1672060495647955e+01 41.67289710771777 41.674181667969954 0.0006794645030225865 41.672562726509696 nan 3.9   
55 495 0.11056169390605679 12.041696451173186 41.672716620222054 4.1673061267544689e+01 41.67528450615973 41.682469789237 0.0038452540619928754 41.673906459474125 nan 4.0   
56 504 0.13161081104034938 17.17646327042043 41.672137475505764 4.1672137475505764e+01 41.67373407884431 41.677981788666266 0.002452901371839289 41.67296527851079 nan 4.0   
57 513 0.07934422704307115 21.202424933670432 41.67243469035663 4.1672523782090600e+01 41.67299011856179 41.67419253925588 0.000475062084312583 41.67269450985309 nan 4.0   
57 513 0.04751829804088528 12.338402681751994 41.67184890526286 4.1672011966462868e+01 41.672132458839705 41.67359605326803 0.0006202825271657275 41.6720634551962 nan 4.0   
56 504 0.10311177032277187 11.86354933642909 41.672716620222054 4.1672967750715372e+01 41.674722377454856 41.677045343434564 0.002017293077862803 41.6737568537401 nan 4.0   
57 513 0.11432142934556562 18.133244799756227 41.672137475505764 4.1672345551590055e+01 41.67319071869919 41.679986696712426 0.002108117338323723 41.67259281572139 nan 4.0   
58 522 0.07027042189152018 22.09710041476215 41.67243469035663 4.1672489003491933e+01 41.67284622759394 41.6737423853584 0.00027025861169249765 41.67272730580163 nan 4.1   
58 522 0.04344939543802896 12.10258446023933 41.67184890526286 4.1671970107828557e+01 41.67206774680756 41.6728316638206 0.00035294806309593696 41.6720348102111 nan 4.1   
57 513 0.08742392773851895 12.165014443081546 41.672716620222054 4.1672726166532236e+01 41.67487765819388 41.67740549354154 0.0021156822967753897 41.673392958243056 nan 4.1   
58 522 0.10023441793447423 18.23331509103734 41.672137475505764 4.1672243632952977e+01 41.67347715727142 41.67482199019205 0.0012911580256727007 41.67267874959747 nan 4.1   
59 531 0.061247921633826405 23.39501756746557 41.67243469035663 4.1672480311286094e+01 41.67258937283639 41.6732292571079 0.0003130563484603499 41.67252402659409 nan 4.1   
59 531 0.04037775585610941 12.853316545320233 41.67184890526286 4.1671900341040278e+01 41.671996976694565 41.67237900776183 0.0003670289169193097 41.671955805555584 nan 4.1   
58 522 0.07593021619335558 12.221198277417276 41.672716620222054 4.1672903281571287e+01 41.67354797787258 41.674869131247625 0.0008852881260992262 41.67300557468346 nan 4.1   
59 531 0.08896337639893338 19.94432307066001 41.672137475505764 4.1672198690949429e+01 41.67280614084137 41.67391012698737 0.0007931412773345414 41.672316677931676 nan 4.2   
60 540 0.05777266525709675 23.68083645618448 41.67243469035663 4.1672505114989477e+01 41.67274963323632 41.67359383559667 0.00016870882313924085 41.67264407231822 nan 4.2   
60 540 0.039967553304074345 13.516145429446574 41.67184890526286 4.1672035284233537e+01 41.67205791200052 41.673664025935516 9.141670940948643e-05 41.67205307006161 nan 4.2   
59 531 0.07534476775975203 13.122265616043114 41.672589763408496 4.1672589763408496e+01 41.672825318893636 41.674893372745515 0.001452459554990071 41.67262430356147 nan 4.2   
60 540 0.08938056317020533 20.3052353266533 41.672137475505764 4.1672328628335833e+01 41.67288098792095 41.6764626449819 0.00048693263997279246 41.67273938355759 nan 4.2   
61 549 0.06978162639670961 24.670956506648615 41.67243469035663 4.1672533429531789e+01 41.672671061445065 41.67311225144258 0.000344591197823263 41.67257549634002 nan 4.3   
61 549 0.0383819963943138 14.811862490333725 41.67184890526286 4.1672093257298201e+01 41.67215371772709 41.67229330283816 6.785575826029344e-05 41.67213080785538 nan 4.3   
60 540 0.07946774199706638 13.88656275463318 41.672589763408496 4.1672940407365303e+01 41.6730849448597 41.675916027120756 0.00012400881561092092 41.673060242740966 nan 4.3   
61 549 0.10500565873118803 21.672361959748415 41.672137475505764 4.1672166058526862e+01 41.672487783850386 41.674389137790605 0.001593009289720726 41.67236278471511 nan 4.3   
62 558 0.0800933521039647 24.8460748594559 41.67243469035663 4.1672490332973659e+01 41.67262671128857 41.673315466897435 0.00018692427603639317 41.67259023431495 nan 4.3   
62 558 0.038023120166677186 14.640639797862793 41.67184890526286 4.1672069602603777e+01 41.67222362222505 41.67257430537513 0.0004011130515166883 41.67211060321676 nan 4.3   
62 558 0.11390043825169507 22.674943348877505 41.672137475505764 4.1672149451984275e+01 41.67287479428439 41.674301831413885 0.0005367620885792235 41.67258924951702 nan 4.3   
61 549 0.07686832731783873 14.377667199885579 41.672589763408496 4.1672658406214452e+01 41.67350841136032 41.67513658756965 0.001466239792321744 41.67279830267047 nan 4.3   
63 567 0.09173893669966901 24.861773150937797 41.67238315715165 4.1672383157151650e+01 41.6726843857416 41.67336683264 0.000311960078349216 41.67262783196534 nan 4.4   
63 567 0.03870232726992993 14.85389461403735 41.67184890526286 4.1671865684578179e+01 41.672069126825306 41.672857460129556 0.0005019186814649856 41.6719468975475 nan 4.4   
63 567 0.12307443628788096 23.7910810970943 41.672137475505764 4.1672353764606186e+01 41.67320573381264 41.6751356614321 0.001492092062392203 41.672772384248134 nan 4.4   
62 558 0.07669230006561904 14.5258843664352 41.672589763408496 4.1673070441094225e+01 41.67364271030408 41.67477612494494 0.0006755315632887005 41.67331950469583 nan 4.4   
64 576 0.10349861191365434 24.683674010977203 41.672324177279556 4.1672324177279556e+01 41.67290459362234 41.67352666493006 0.000527867615708999 41.672488534252096 nan 4.4   
64 576 0.03521399687920067 15.348306780062897 41.67184890526286 4.1671905233119162e+01 41.67199824315572 41.672412244355556 0.00022013073530757765 41.671957084867316 nan 4.5   
64 576 0.11628258084663672 23.058143993236143 41.67202054557209 4.1672020545572089e+01 41.67310633464561 41.67532835213811 0.0020734493618590477 41.67216894920831 nan 4.5   
63 567 0.07199903653006048 15.09549180988543 41.672589763408496 4.1672927735776206e+01 41.67356764359059 41.674602801919505 0.0011363877916394927 41.673200260652685 nan 4.5   
65 585 0.10331504318740073 27.876477384055505 41.672324177279556 4.1672365556163818e+01 41.67260353360056 41.673271737481016 0.00035663009195729956 41.672439983490705 nan 4.5   
65 585 0.03212087380023984 17.20030501584685 41.67184890526286 4.1671922980668256e+01 41.67195427014049 41.672095941097155 6.320295628370332e-05 41.67194360292508 nan 4.5   
65 585 0.10188988397704321 25.728874383260663 41.67202054557209 4.1672128301214080e+01 41.67251559780922 41.67393834446596 0.0010598158067409713 41.67218582644392 nan 4.5   
64 576 0.07400417376890013 15.72361052775669 41.67245430491891 4.1672454304918908e+01 41.6730582474551 41.675323945366706 0.001056029986919782 41.6728071178458 nan 4.6   
66 594 0.10667463588348866 31.378176698377263 41.67231627524296 4.1672316275242963e+01 41.672654234951494 41.676175668799004 0.0002539811368791334 41.67249469118802 nan 4.6   
66 594 0.03284235838127437 18.61705421376529 41.67184890526286 4.1671917093974791e+01 41.671954004245386 41.67205169820203 4.752395012985744e-05 41.67192958476821 nan 4.6   
66 594 0.10253286395440286 27.21356480726373 41.671967189158494 4.1671967189158494e+01 41.67232719126972 41.673550613008196 0.0007271564402770991 41.67210184898108 nan 4.6   
65 585 0.07278273709883225 18.026359847389223 41.67245430491891 4.1672552276246527e+01 41.6726206188052 41.673521083082015 0.0005938329365449135 41.67257831784145 nan 4.6   
67 603 0.09866759263398917 31.33744231116185 41.67231627524296 4.1672452047027384e+01 41.67279898658051 41.67559490573992 0.0005864847905385773 41.672608027253986 nan 4.6   
67 603 0.10439717320654635 25.837112169730034 41.671967189158494 4.1672056101295901e+01 41.672589226482046 41.673846135006166 0.000412002356419805 41.67239780857594 nan 4.7   
67 603 0.027665915110667717 18.031698242429133 41.67184890526286 4.1671908855262316e+01 41.67197302224249 41.67214816357661 6.52840380297448e-05 41.67192989288921 nan 4.7   
66 594 0.06990761039837844 20.259279032671817 41.67245430491891 4.1672464293109940e+01 41.67289062116511 41.68439648208791 0.001046069824489848 41.67274004240861 nan 4.7   
67 603 0.06382716079584287 19.845721635861473 41.67245430491891 4.1672571748257937e+01 41.6728250387045 41.678205264490515 0.0003887339217385488 41.672655563705874 nan 4.8   
