% # columns="iteration, evaluation, sigma, beta, void,  sigvec==sigma_vec.scaling factors from diagonal decoding", seed=2567, Fri Aug 28 18:31:03 2026, <python>{}</python>
1 9 0.9003930254068622 1 0 0.03749999999999999 0.037500000000000006 0.08996575 0.25132741228718347 0.15707963267948966 0.7696902001294993 0.0175
1 9 0.9409771906522119 1 0 0.037500000000000006 0.037500000000000006 0.08996575 0.25132741228718347 0.15707963267948966 0.7696902001294993 0.0175
1 9 0.9003930254068623 1 0 0.037500000000000006 0.037500000000000006 0.08996575 0.25132741228718347 0.15707963267948966 0.7696902001294993 0.0175
2 18 0.8826774249329369 1 0 0.03749999999999999 0.037500000000000006 0.08996575 0.25132741228718347 0.15707963267948966 0.7696902001294993 0.0175
2 18 0.9388092952414957 1 0 0.037500000000000006 0.037500000000000006 0.08996575 0.25132741228718347 0.15707963267948966 0.7696902001294993 0.0175
2 18 0.9879053825708763 1 0 0.03749999999999999 0.037500000000000006 0.08996575 0.25132741228718347 0.15707963267948966 0.7696902001294993 0.0175
2 18 0.8826774249329372 1 0 0.037500000000000006 0.037500000000000006 0.08996575 0.25132741228718347 0.15707963267948966 0.7696902001294993 0.0175
3 27 0.9630781353080199 1 0 0.03749999999999999 0.037500000000000006 0.08996575 0.25132741228718347 0.15707963267948966 0.7696902001294993 0.0175
3 27 1.0447104339690234 1 0 0.03749999999999999 0.037500000000000006 0.08996575 0.25132741228718347 0.15707963267948966 0.7696902001294993 0.0175
3 27 0.9120439941026186 1 0 0.037500000000000006 0.037500000000000006 0.08996575 0.25132741228718347 0.15707963267948966 0.7696902001294993 0.0175
3 27 0.9445528082417751 1 0 0.037500000000000006 0.037500000000000006 0.08996575 0.25132741228718347 0.15707963267948966 0.7696902001294993 0.0175
4 36 1.151578957988506 1 0 0.03749999999999999 0.037500000000000006 0.08996575 0.25132741228718347 0.15707963267948966 0.7696902001294993 0.0175
4 36 0.8206942042971666 1 0 0.037500000000000006 0.037500000000000006 0.08996575 0.25132741228718347 0.15707963267948966 0.7696902001294993 0.0175
4 36 1.0088823162821972 1 0 0.037500000000000006 0.037500000000000006 0.08996575 0.25132741228718347 0.15707963267948966 0.7696902001294993 0.0175
4 36 0.8842846426180269 1 0 0.03749999999999999 0.037500000000000006 0.08996575 0.25132741228718347 0.15707963267948966 0.7696902001294993 0.0175
5 45 1.2373994055287272 1 0 0.03749999999999999 0.03545647810907811 0.08996575 0.25132741228718347 0.15573047123551 0.7696902001294993 0.0175
5 45 0.7491726794165179 1 0 0.037500000000000006 0.037500000000000006 0.08996575 0.25132741228718347 0.15707963267948966 0.7696902001294993 0.0175
5 45 0.9772612973361458 1 0 0.037500000000000006 0.037500000000000006 0.08996575 0.25132741228718347 0.15707963267948966 0.7696902001294993 0.0175
5 45 0.8946714366398146 1 0 0.03749999999999999 0.037500000000000006 0.08996575 0.25132741228718347 0.15707963267948966 0.7696902001294993 0.0175
6 54 0.7282003904257455 1 0 0.037500000000000006 0.037500000000000006 0.08996575 0.25132741228718347 0.15707963267948966 0.7696902001294993 0.0175
6 54 0.9138955170379542 1 0 0.03749999999999999 0.037500000000000006 0.08996575 0.25132741228718347 0.15707963267948966 0.7696902001294993 0.0175
6 54 0.9466492762136589 1 0 0.037500000000000006 0.037500000000000006 0.08996575 0.25132741228718347 0.15707963267948966 0.7696902001294993 0.0175
6 54 1.2407159495478401 1 0 0.03749999999999999 0.03417255914212332 0.08996575 0.25132741228718347 0.15573047123551 0.7696902001294993 0.0175
7 63 0.6590790862030397 1 0 0.037500000000000006 0.037500000000000006 0.08996575 0.25132741228718347 0.15707963267948966 0.7696902001294993 0.0175
7 63 1.2162436333927535 1 0 0.03749999999999999 0.03417255914212332 0.08996575 0.25132741228718347 0.15573047123551 0.7696902001294993 0.0175
7 63 0.974095203800074 1 0 0.037500000000000006 0.037500000000000006 0.08996575 0.25132741228718347 0.15707963267948966 0.7696902001294993 0.0175
7 63 0.8884113283171207 1 0 0.03749999999999999 0.037500000000000006 0.08996575 0.25132741228718347 0.15707963267948966 0.7696902001294993 0.0175
8 72 0.6381035223612593 1 0 0.037500000000000006 0.037500000000000006 0.08996575 0.25132741228718347 0.15707963267948966 0.7696902001294993 0.0175
8 72 1.0325720060872277 1 0 0.037500000000000006 0.037500000000000006 0.08996575 0.25132741228718347 0.15707963267948966 0.7696902001294993 0.0175
8 72 1.152821951180453 1 0 0.03749999999999999 0.03417255914212332 0.08996575 0.25132741228718347 0.15573047123551 0.7696902001294993 0.0175
8 72 0.8230972793553207 1 0 0.03749999999999999 0.037500000000000006 0.08996575 0.25132741228718347 0.15707963267948966 0.7696902001294993 0.0175
9 81 0.6949522406706395 1 0 0.037500000000000006 0.037500000000000006 0.08996575 0.25132741228718347 0.15707963267948966 0.7696902001294993 0.0175
9 81 1.1601814106300739 1 0 0.03749999999999999 0.03417255914212332 0.08996575 0.25132741228718347 0.15573047123551 0.7696902001294993 0.0175
9 81 0.7345595960813952 1 0 0.03749999999999999 0.037500000000000006 0.08996575 0.25132741228718347 0.15707963267948966 0.7696902001294993 0.0175
9 81 0.9276371304181816 1 0 0.037500000000000006 0.037500000000000006 0.08996575 0.25132741228718347 0.15707963267948966 0.7696902001294993 0.0175
10 90 0.6895966165070765 1 0 0.037500000000000006 0.037500000000000006 0.08996575 0.25132741228718347 0.15707963267948966 0.7696902001294993 0.0175
10 90 0.674574923737108 1 0 0.03749999999999999 0.037500000000000006 0.08996575 0.25132741228718347 0.15707963267948966 0.7696902001294993 0.0175
10 90 1.1524905378102333 1 0 0.03749999999999999 0.03417255914212332 0.08996575 0.25132741228718347 0.15573047123551 0.7696902001294993 0.0175
10 90 0.851475419800259 1 0 0.037500000000000006 0.037500000000000006 0.08996575 0.25132741228718347 0.15707963267948966 0.7696902001294993 0.0175
11 99 0.6377381006580239 1 0 0.037500000000000006 0.037500000000000006 0.08996575 0.25132741228718347 0.15707963267948966 0.7696902001294993 0.0175
11 99 1.1936251214103348 1 0 0.03749999999999999 0.03417255914212332 0.08996575 0.25132741228718347 0.15573047123551 0.7696902001294993 0.0175
11 99 0.6629176888119946 1 0 0.03749999999999999 0.037500000000000006 0.08996575 0.25132741228718347 0.15707963267948966 0.7696902001294993 0.0175
11 99 0.9366247163136205 1 0 0.037500000000000006 0.037500000000000006 0.08996575 0.25132741228718347 0.15707963267948966 0.7696902001294993 0.0175
12 108 0.6186686731749689 1 0 0.037500000000000006 0.037500000000000006 0.08996575 0.25132741228718347 0.15707963267948966 0.7696902001294993 0.0175
12 108 0.6484024485667907 1 0 0.03749999999999999 0.037500000000000006 0.08996575 0.25132741228718347 0.15707963267948966 0.7696902001294993 0.0175
12 108 1.2655392659138234 1 0 0.03749999999999999 0.03417255914212332 0.08996575 0.25132741228718347 0.15573047123551 0.7506865372768476 0.01617976442276931
12 108 0.8872311013832784 1 0 0.037500000000000006 0.037500000000000006 0.08996575 0.25132741228718347 0.15707963267948966 0.7696902001294993 0.0175
13 117 0.575822321143587 1 0 0.037500000000000006 0.037500000000000006 0.08996575 0.25132741228718347 0.15707963267948966 0.7696902001294993 0.0175
13 117 0.6099667882589089 1 0 0.03749999999999999 0.037500000000000006 0.08996575 0.25132741228718347 0.15707963267948966 0.7696902001294993 0.0175
13 117 1.2067400948435656 1 0 0.03749999999999999 0.03417255914212332 0.08996575 0.25132741228718347 0.15573047123551 0.7506865372768476 0.01617976442276931
13 117 0.787941904570894 1 0 0.037500000000000006 0.037500000000000006 0.08996575 0.25132741228718347 0.15707963267948966 0.7696902001294993 0.0175
14 126 0.4893697214171822 1 0 0.037500000000000006 0.037500000000000006 0.08996575 0.25132741228718347 0.15707963267948966 0.7696902001294993 0.0175
14 126 0.6559382817775743 1 0 0.03749999999999999 0.037500000000000006 0.08996575 0.25132741228718347 0.15707963267948966 0.7696902001294993 0.0175
14 126 0.7762497764248882 1 0 0.037500000000000006 0.037500000000000006 0.08996575 0.25132741228718347 0.15707963267948966 0.7696902001294993 0.0175
14 126 1.1587162140959513 1 0 0.03749999999999999 0.03417255914212332 0.08996575 0.25132741228718347 0.15573047123551 0.7506865372768476 0.01617976442276931
15 135 0.429094381982604 1 0 0.037500000000000006 0.037500000000000006 0.08996575 0.25132741228718347 0.15707963267948966 0.7696902001294993 0.0175
15 135 0.6683623707187116 1 0 0.03749999999999999 0.037500000000000006 0.08996575 0.25132741228718347 0.15707963267948966 0.7696902001294993 0.0175
15 135 0.7035611881226984 1 0 0.037500000000000006 0.037500000000000006 0.08996575 0.25132741228718347 0.15707963267948966 0.7696902001294993 0.0175
15 135 0.977828064596725 1 0 0.03749999999999999 0.03417255914212332 0.08996575 0.25132741228718347 0.15573047123551 0.7506865372768476 0.01617976442276931
16 144 0.3823836794932993 1 0 0.037500000000000006 0.037500000000000006 0.08996575 0.25132741228718347 0.15707963267948966 0.7696902001294993 0.0175
16 144 0.6171007595363046 1 0 0.03749999999999999 0.037500000000000006 0.08996575 0.25132741228718347 0.15707963267948966 0.7696902001294993 0.0175
16 144 0.6308599874668358 1 0 0.037500000000000006 0.037500000000000006 0.08996575 0.25132741228718347 0.15707963267948966 0.7696902001294993 0.0175
16 144 0.9225365053603903 1 0 0.03749999999999999 0.03417255914212332 0.08996575 0.25132741228718347 0.15573047123551 0.7506865372768476 0.01617976442276931
17 153 0.5462251229821584 1 0 0.03749999999999999 0.037500000000000006 0.08996575 0.25132741228718347 0.15707963267948966 0.7696902001294993 0.0175
17 153 0.36127703605772044 1 0 0.037500000000000006 0.037500000000000006 0.08996575 0.25132741228718347 0.15707963267948966 0.7696902001294993 0.0175
17 153 0.5679453468970783 1 0 0.037500000000000006 0.037500000000000006 0.08996575 0.25132741228718347 0.15707963267948966 0.7696902001294993 0.0175
17 153 0.8442736298045779 1 0 0.03749999999999999 0.03417255914212332 0.08996575 0.25132741228718347 0.15573047123551 0.7506865372768476 0.01617976442276931
18 162 0.49996204923544557 1 0 0.03749999999999999 0.037500000000000006 0.08996575 0.25132741228718347 0.15707963267948966 0.7696902001294993 0.0175
18 162 0.32137008426233615 1 0 0.037500000000000006 0.037500000000000006 0.08996575 0.25132741228718347 0.15707963267948966 0.7696902001294993 0.0175
18 162 0.5035540522820341 1 0 0.037500000000000006 0.037500000000000006 0.08996575 0.25132741228718347 0.15707963267948966 0.7696902001294993 0.0175
18 162 0.7782344333323186 1 0 0.03749999999999999 0.03417255914212332 0.08996575 0.25132741228718347 0.15573047123551 0.7506865372768476 0.01617976442276931
19 171 0.4389232294880729 1 0 0.03749999999999999 0.037500000000000006 0.08996575 0.25132741228718347 0.15707963267948966 0.7696902001294993 0.0175
19 171 0.29759997676264627 1 0 0.037500000000000006 0.037500000000000006 0.08996575 0.25132741228718347 0.15707963267948966 0.7696902001294993 0.0175
19 171 0.4974122850050024 1 0 0.037500000000000006 0.037500000000000006 0.08996575 0.25132741228718347 0.15707963267948966 0.7696902001294993 0.0175
19 171 0.6365996546988956 1 0 0.03749999999999999 0.03417255914212332 0.08996575 0.25132741228718347 0.15573047123551 0.7506865372768476 0.01617976442276931
20 180 0.4070675882989181 1 0 0.03749999999999999 0.037500000000000006 0.08996575 0.25132741228718347 0.15707963267948966 0.7696902001294993 0.0175
20 180 0.30476235065891477 1 0 0.037500000000000006 0.037500000000000006 0.08996575 0.25132741228718347 0.15707963267948966 0.7696902001294993 0.0175
20 180 0.5228347227864775 1 0 0.037500000000000006 0.037500000000000006 0.08996575 0.25132741228718347 0.15707963267948966 0.7696902001294993 0.0175
20 180 0.562997255248615 1 0 0.03749999999999999 0.03417255914212332 0.08996575 0.25132741228718347 0.15573047123551 0.7506865372768476 0.01617976442276931
21 189 0.4043232190271559 1 0 0.03749999999999999 0.037500000000000006 0.08996575 0.25132741228718347 0.15707963267948966 0.7696902001294993 0.0175
21 189 0.28446170925991937 1 0 0.037500000000000006 0.037500000000000006 0.08996575 0.25132741228718347 0.15707963267948966 0.7696902001294993 0.0175
21 189 0.5139186255956284 1 0 0.037500000000000006 0.037500000000000006 0.08996575 0.25132741228718347 0.15707963267948966 0.7696902001294993 0.0175
21 189 0.5804025241309203 1 0 0.03749999999999999 0.03417255914212332 0.08996575 0.25132741228718347 0.15573047123551 0.7506865372768476 0.01617976442276931
22 198 0.38808656308636025 1 0 0.03749999999999999 0.037500000000000006 0.08996575 0.25132741228718347 0.15707963267948966 0.7696902001294993 0.0175
22 198 0.27816742057913724 1 0 0.037500000000000006 0.037500000000000006 0.08996575 0.25132741228718347 0.15707963267948966 0.7696902001294993 0.0175
22 198 0.4961912901261475 1 0 0.037500000000000006 0.037500000000000006 0.08996575 0.25132741228718347 0.15707963267948966 0.7696902001294993 0.0175
22 198 0.5745392787197547 1 0 0.03749999999999999 0.03417255914212332 0.08996575 0.25132741228718347 0.15573047123551 0.7506865372768476 0.01617976442276931
23 207 0.38523860949843514 1 0 0.03749999999999999 0.037500000000000006 0.08996575 0.25132741228718347 0.15707963267948966 0.7696902001294993 0.0175
23 207 0.43031514935602677 1 0 0.037500000000000006 0.037500000000000006 0.08996575 0.25132741228718347 0.15707963267948966 0.7696902001294993 0.0175
23 207 0.24210706354092343 1 0 0.037500000000000006 0.037500000000000006 0.08996575 0.25132741228718347 0.15707963267948966 0.7696902001294993 0.0175
23 207 0.5343343872560422 1 0 0.03749999999999999 0.03417255914212332 0.08996575 0.25132741228718347 0.15573047123551 0.7506865372768476 0.01617976442276931
24 216 0.3274226460291073 1 0 0.03749999999999999 0.037500000000000006 0.08996575 0.25132741228718347 0.15707963267948966 0.7696902001294993 0.0175
24 216 0.40317625145556224 1 0 0.037500000000000006 0.037500000000000006 0.08996575 0.25132741228718347 0.15707963267948966 0.7696902001294993 0.0175
24 216 0.22665710649953377 1 0 0.037500000000000006 0.037500000000000006 0.08996575 0.25132741228718347 0.15707963267948966 0.7696902001294993 0.0175
24 216 0.48185844786274956 1 0 0.03749999999999999 0.03417255914212332 0.08996575 0.25132741228718347 0.15573047123551 0.7506865372768476 0.01617976442276931
25 225 0.3376217254781799 1 0 0.03749999999999999 0.037500000000000006 0.08996575 0.25132741228718347 0.15707963267948966 0.7696902001294993 0.0175
25 225 0.4369877694057795 1 0 0.037500000000000006 0.037500000000000006 0.08996575 0.25132741228718347 0.15707963267948966 0.7696902001294993 0.0175
25 225 0.21583767972974158 1 0 0.037500000000000006 0.037500000000000006 0.08996575 0.25132741228718347 0.15707963267948966 0.7696902001294993 0.0175
25 225 0.45785668999402623 1 0 0.03749999999999999 0.03417255914212332 0.08996575 0.25132741228718347 0.15573047123551 0.7506865372768476 0.01617976442276931
26 234 0.3033534035446738 1 0 0.03749999999999999 0.037500000000000006 0.08996575 0.25132741228718347 0.15707963267948966 0.7696902001294993 0.0175
26 234 0.2113213360997933 1 0 0.037500000000000006 0.037500000000000006 0.08996575 0.25132741228718347 0.15707963267948966 0.7696902001294993 0.0175
26 234 0.40070431685919305 1 0 0.037500000000000006 0.037500000000000006 0.08996575 0.25132741228718347 0.15707963267948966 0.7696902001294993 0.0175
26 234 0.4418404454345494 1 0 0.03749999999999999 0.03417255914212332 0.08996575 0.25132741228718347 0.15573047123551 0.7506865372768476 0.01617976442276931
27 243 0.27001847972401205 1 0 0.03749999999999999 0.037500000000000006 0.08996575 0.25132741228718347 0.15707963267948966 0.7696902001294993 0.0175
27 243 0.21370050114678707 1 0 0.037500000000000006 0.037500000000000006 0.08996575 0.25132741228718347 0.15707963267948966 0.7696902001294993 0.0175
27 243 0.3575224964870793 1 0 0.037500000000000006 0.037500000000000006 0.08996575 0.25132741228718347 0.15707963267948966 0.7696902001294993 0.0175
27 243 0.4098460068628819 1 0 0.03749999999999999 0.03417255914212332 0.08996575 0.25132741228718347 0.15573047123551 0.7506865372768476 0.01617976442276931
28 252 0.2727353129219761 1 0 0.03749999999999999 0.037500000000000006 0.08996575 0.25132741228718347 0.15707963267948966 0.7696902001294993 0.0175
28 252 0.19984311701699425 1 0 0.037500000000000006 0.037500000000000006 0.08996575 0.25132741228718347 0.15707963267948966 0.7696902001294993 0.0175
28 252 0.3414185105647282 1 0 0.037500000000000006 0.037500000000000006 0.08996575 0.25132741228718347 0.15707963267948966 0.7696902001294993 0.0175
28 252 0.42603863087943444 1 0 0.03749999999999999 0.03417255914212332 0.08996575 0.25132741228718347 0.15573047123551 0.7506865372768476 0.01617976442276931
29 261 0.26872078815642003 1 0 0.03749999999999999 0.037500000000000006 0.08996575 0.25132741228718347 0.15707963267948966 0.7696902001294993 0.0175
29 261 0.18648997541598258 1 0 0.037500000000000006 0.037500000000000006 0.08996575 0.25132741228718347 0.15707963267948966 0.7696902001294993 0.0175
29 261 0.3235704858116913 1 0 0.037500000000000006 0.037500000000000006 0.08996575 0.25132741228718347 0.15707963267948966 0.7696902001294993 0.0175
29 261 0.4481482756908237 1 0 0.03749999999999999 0.03417255914212332 0.08996575 0.25132741228718347 0.15573047123551 0.7506865372768476 0.01617976442276931
30 270 0.19706074333092352 1 0 0.037500000000000006 0.037500000000000006 0.08996575 0.25132741228718347 0.15707963267948966 0.7696902001294993 0.0175
30 270 0.26301919031432197 1 0 0.03749999999999999 0.037500000000000006 0.08996575 0.25132741228718347 0.15707963267948966 0.7696902001294993 0.0175
30 270 0.3253259936877638 1 0 0.037500000000000006 0.037500000000000006 0.08996575 0.25132741228718347 0.15707963267948966 0.7696902001294993 0.0175
30 270 0.48362346003798756 1 0 0.03749999999999999 0.03417255914212332 0.08996575 0.25132741228718347 0.15573047123551 0.7506865372768476 0.01617976442276931
31 279 0.2287129525034769 1 0 0.037500000000000006 0.037500000000000006 0.08996575 0.25132741228718347 0.15707963267948966 0.7696902001294993 0.0175
31 279 0.3002691567624979 1 0 0.03749999999999999 0.037500000000000006 0.08996575 0.25132741228718347 0.15707963267948966 0.7696902001294993 0.0175
31 279 0.3044809897074083 1 0 0.037500000000000006 0.037500000000000006 0.08996575 0.25132741228718347 0.15707963267948966 0.7696902001294993 0.0175
31 279 0.4886654339584281 1 0 0.03749999999999999 0.03417255914212332 0.08996575 0.25132741228718347 0.15573047123551 0.7506865372768476 0.01617976442276931
32 288 0.2438641571146682 1 0 0.037500000000000006 0.037500000000000006 0.08996575 0.25132741228718347 0.15707963267948966 0.7696902001294993 0.0175
32 288 0.28583836368280596 1 0 0.03749999999999999 0.037500000000000006 0.08996575 0.25132741228718347 0.15707963267948966 0.7696902001294993 0.0175
32 288 0.3041657140673445 1 0 0.037500000000000006 0.037500000000000006 0.08996575 0.25132741228718347 0.15707963267948966 0.7696902001294993 0.0175
32 288 0.49762250736337127 1 0 0.03749999999999999 0.03417255914212332 0.08996575 0.25132741228718347 0.15573047123551 0.7506865372768476 0.01617976442276931
33 297 0.2553561534344765 1 0 0.037500000000000006 0.037500000000000006 0.08996575 0.25132741228718347 0.15707963267948966 0.7696902001294993 0.0175
33 297 0.2951793491923184 1 0 0.03749999999999999 0.037500000000000006 0.08996575 0.25132741228718347 0.15707963267948966 0.7696902001294993 0.0175
33 297 0.32925309994208335 1 0 0.037500000000000006 0.037500000000000006 0.08996575 0.25132741228718347 0.15707963267948966 0.7696902001294993 0.0175
33 297 0.43181583777963184 1 0 0.03749999999999999 0.03417255914212332 0.08996575 0.25132741228718347 0.15573047123551 0.7506865372768476 0.01617976442276931
34 306 0.24691748800955832 1 0 0.037500000000000006 0.037500000000000006 0.08996575 0.25132741228718347 0.15707963267948966 0.7696902001294993 0.0175
34 306 0.2681287753907953 1 0 0.03749999999999999 0.037500000000000006 0.08996575 0.25132741228718347 0.15707963267948966 0.7696902001294993 0.0175
34 306 0.32738284786477434 1 0 0.037500000000000006 0.037500000000000006 0.08996575 0.25132741228718347 0.15707963267948966 0.7696902001294993 0.0175
34 306 0.35282287100241505 1 0 0.03749999999999999 0.03417255914212332 0.08996575 0.25132741228718347 0.15573047123551 0.7506865372768476 0.01617976442276931
35 315 0.23489268512089614 1 0 0.037500000000000006 0.037500000000000006 0.08996575 0.25132741228718347 0.15707963267948966 0.7696902001294993 0.0175
35 315 0.24531476028814603 1 0 0.03749999999999999 0.037500000000000006 0.08996575 0.25132741228718347 0.15707963267948966 0.7696902001294993 0.0175
35 315 0.3096786480562284 1 0 0.037500000000000006 0.037500000000000006 0.08996575 0.25132741228718347 0.15707963267948966 0.7696902001294993 0.0175
35 315 0.339354008414882 1 0 0.03749999999999999 0.03417255914212332 0.08996575 0.25132741228718347 0.15573047123551 0.7506865372768476 0.01617976442276931
36 324 0.23845806608602116 1 0 0.037500000000000006 0.037500000000000006 0.08996575 0.25132741228718347 0.15707963267948966 0.7696902001294993 0.0175
36 324 0.236634816484711 1 0 0.03749999999999999 0.037500000000000006 0.08996575 0.25132741228718347 0.15707963267948966 0.7696902001294993 0.0175
36 324 0.3731259321850251 1 0 0.03749999999999999 0.03417255914212332 0.08996575 0.25132741228718347 0.15573047123551 0.7506865372768476 0.01617976442276931
36 324 0.2845089055802351 1 0 0.037500000000000006 0.037500000000000006 0.08996575 0.25132741228718347 0.15707963267948966 0.7696902001294993 0.0175
37 333 0.23763369157111708 1 0 0.037500000000000006 0.037500000000000006 0.08996575 0.25132741228718347 0.15707963267948966 0.7696902001294993 0.0175
37 333 0.20372371684774457 1 0 0.03749999999999999 0.037500000000000006 0.08996575 0.25132741228718347 0.15707963267948966 0.7696902001294993 0.0175
37 333 0.3658679630613323 1 0 0.03749999999999999 0.03417255914212332 0.08996575 0.25132741228718347 0.15573047123551 0.7506865372768476 0.01617976442276931
37 333 0.3011108160056222 1 0 0.037500000000000006 0.037500000000000006 0.08996575 0.25132741228718347 0.15707963267948966 0.7696902001294993 0.0175
38 342 0.2421303929275153 1 0 0.037500000000000006 0.037500000000000006 0.08996575 0.25132741228718347 0.15707963267948966 0.7696902001294993 0.0175
38 342 0.17086248882873406 1 0 0.03749999999999999 0.037500000000000006 0.08996575 0.25132741228718347 0.15707963267948966 0.7696902001294993 0.0175
38 342 0.3104460549104399 1 0 0.03749999999999999 0.03417255914212332 0.08996575 0.25132741228718347 0.15573047123551 0.7506865372768476 0.01617976442276931
38 342 0.28783180911013967 1 0 0.037500000000000006 0.037500000000000006 0.08996575 0.25132741228718347 0.15707963267948966 0.7696902001294993 0.0175
39 351 0.22881635410216902 1 0 0.037500000000000006 0.037500000000000006 0.08996575 0.25132741228718347 0.15707963267948966 0.7696902001294993 0.0175
39 351 0.15055618082950928 1 0 0.03749999999999999 0.037500000000000006 0.08996575 0.25132741228718347 0.15707963267948966 0.7696902001294993 0.0175
39 351 0.2633825587677545 1 0 0.03749999999999999 0.03417255914212332 0.08996575 0.25132741228718347 0.15573047123551 0.7506865372768476 0.01617976442276931
39 351 0.26359226898759325 1 0 0.037500000000000006 0.037500000000000006 0.08996575 0.25132741228718347 0.15707963267948966 0.7696902001294993 0.0175
40 360 0.21430099943543482 1 0 0.037500000000000006 0.037500000000000006 0.08996575 0.25132741228718347 0.15707963267948966 0.7696902001294993 0.0175
40 360 0.14282832943123397 1 0 0.03749999999999999 0.037500000000000006 0.08996575 0.25132741228718347 0.15707963267948966 0.7696902001294993 0.0175
40 360 0.26720532161979854 1 0 0.03749999999999999 0.03417255914212332 0.08996575 0.25132741228718347 0.15573047123551 0.7506865372768476 0.01617976442276931
40 360 0.24558593069728307 1 0 0.037500000000000006 0.037500000000000006 0.08996575 0.25132741228718347 0.15707963267948966 0.7696902001294993 0.0175
41 369 0.19004942197802882 1 0 0.037500000000000006 0.037500000000000006 0.08996575 0.25132741228718347 0.15707963267948966 0.7696902001294993 0.0175
41 369 0.1299900953568467 1 0 0.03749999999999999 0.037500000000000006 0.08996575 0.25132741228718347 0.15707963267948966 0.7696902001294993 0.0175
41 369 0.2485311994223659 1 0 0.03749999999999999 0.03417255914212332 0.08996575 0.25132741228718347 0.15573047123551 0.7506865372768476 0.01617976442276931
41 369 0.2451615503243296 1 0 0.037500000000000006 0.037500000000000006 0.08996575 0.25132741228718347 0.15707963267948966 0.7696902001294993 0.0175
42 378 0.1683350489384903 1 0 0.037500000000000006 0.037500000000000006 0.08996575 0.25132741228718347 0.15707963267948966 0.7696902001294993 0.0175
42 378 0.11694407387441616 1 0 0.03749999999999999 0.037500000000000006 0.08996575 0.25132741228718347 0.15707963267948966 0.7696902001294993 0.0175
42 378 0.22101540531765207 1 0 0.03749999999999999 0.03417255914212332 0.08996575 0.25132741228718347 0.15573047123551 0.7506865372768476 0.01617976442276931
42 378 0.23579787168365174 1 0 0.037500000000000006 0.037500000000000006 0.08996575 0.25132741228718347 0.15707963267948966 0.7696902001294993 0.0175
43 387 0.1812619729302302 1 0 0.037500000000000006 0.037500000000000006 0.08996575 0.25132741228718347 0.15707963267948966 0.7696902001294993 0.0175
43 387 0.12533309003436702 1 0 0.03749999999999999 0.037500000000000006 0.08996575 0.25132741228718347 0.15707963267948966 0.7696902001294993 0.0175
43 387 0.20611529433711476 1 0 0.03749999999999999 0.03417255914212332 0.08996575 0.25132741228718347 0.15573047123551 0.7506865372768476 0.01617976442276931
43 387 0.22414574177958974 1 0 0.037500000000000006 0.037500000000000006 0.08996575 0.25132741228718347 0.15707963267948966 0.7696902001294993 0.0175
44 396 0.1791356243469151 1 0 0.037500000000000006 0.037500000000000006 0.08996575 0.25132741228718347 0.15707963267948966 0.7696902001294993 0.0175
44 396 0.11983205813841463 1 0 0.03749999999999999 0.037500000000000006 0.08996575 0.25132741228718347 0.15707963267948966 0.7696902001294993 0.0175
44 396 0.18714741787037237 1 0 0.03749999999999999 0.03417255914212332 0.08996575 0.25132741228718347 0.15573047123551 0.7506865372768476 0.01617976442276931
44 396 0.20052134122318585 1 0 0.037500000000000006 0.037500000000000006 0.08996575 0.25132741228718347 0.15707963267948966 0.7696902001294993 0.0175
45 405 0.17940172519631065 1 0 0.037500000000000006 0.037500000000000006 0.08996575 0.25132741228718347 0.15707963267948966 0.7696902001294993 0.0175
45 405 0.11530503643509404 1 0 0.03749999999999999 0.037500000000000006 0.08996575 0.25132741228718347 0.15707963267948966 0.7696902001294993 0.0175
45 405 0.18480286769415963 1 0 0.03749999999999999 0.03417255914212332 0.08996575 0.25132741228718347 0.15573047123551 0.7506865372768476 0.01617976442276931
45 405 0.19852090198490627 1 0 0.037500000000000006 0.037500000000000006 0.08996575 0.25132741228718347 0.15707963267948966 0.7696902001294993 0.0175
46 414 0.1823407382715295 1 0 0.037500000000000006 0.037500000000000006 0.08996575 0.25132741228718347 0.15707963267948966 0.7696902001294993 0.0175
46 414 0.10288797809230484 1 0 0.03749999999999999 0.037500000000000006 0.08996575 0.25132741228718347 0.15707963267948966 0.7696902001294993 0.0175
46 414 0.17305564600892603 1 0 0.03749999999999999 0.03417255914212332 0.08996575 0.25132741228718347 0.15573047123551 0.7506865372768476 0.01617976442276931
46 414 0.18847642138935547 1 0 0.037500000000000006 0.037500000000000006 0.08996575 0.25132741228718347 0.15707963267948966 0.7696902001294993 0.0175
47 423 0.09814286149235127 1 0 0.03749999999999999 0.037500000000000006 0.08996575 0.25132741228718347 0.15707963267948966 0.7696902001294993 0.0175
47 423 0.1740595440002895 1 0 0.037500000000000006 0.037500000000000006 0.08996575 0.25132741228718347 0.15707963267948966 0.7696902001294993 0.0175
47 423 0.16042236020206213 1 0 0.03749999999999999 0.03417255914212332 0.08996575 0.25132741228718347 0.15573047123551 0.7506865372768476 0.01617976442276931
47 423 0.18702109913814852 1 0 0.037500000000000006 0.037500000000000006 0.08996575 0.25132741228718347 0.15707963267948966 0.7696902001294993 0.0175
48 432 0.09989339662310918 1 0 0.03749999999999999 0.037500000000000006 0.08996575 0.25132741228718347 0.15707963267948966 0.7696902001294993 0.0175
48 432 0.1744280880661747 1 0 0.037500000000000006 0.037500000000000006 0.08996575 0.25132741228718347 0.15707963267948966 0.7696902001294993 0.0175
48 432 0.16717920534946448 1 0 0.03749999999999999 0.03417255914212332 0.08996575 0.25132741228718347 0.15573047123551 0.7506865372768476 0.01617976442276931
48 432 0.19864502374792709 1 0 0.037500000000000006 0.037500000000000006 0.08996575 0.25132741228718347 0.15707963267948966 0.7696902001294993 0.0175
49 441 0.09606156421708166 1 0 0.03749999999999999 0.037500000000000006 0.08996575 0.25132741228718347 0.15707963267948966 0.7696902001294993 0.0175
49 441 0.16089338917364585 1 0 0.037500000000000006 0.037500000000000006 0.08996575 0.25132741228718347 0.15707963267948966 0.7696902001294993 0.0175
49 441 0.16193352437477726 1 0 0.03749999999999999 0.03417255914212332 0.08996575 0.25132741228718347 0.15573047123551 0.7506865372768476 0.01617976442276931
49 441 0.18661401376615716 1 0 0.037500000000000006 0.037500000000000006 0.08996575 0.25132741228718347 0.15707963267948966 0.7696902001294993 0.0175
50 450 0.14235403589371454 1 0 0.037500000000000006 0.037500000000000006 0.08996575 0.25132741228718347 0.15707963267948966 0.7696902001294993 0.0175
50 450 0.09475337988323469 1 0 0.03749999999999999 0.037500000000000006 0.08996575 0.25132741228718347 0.15707963267948966 0.7696902001294993 0.0175
50 450 0.1584658214561944 1 0 0.03749999999999999 0.03417255914212332 0.08996575 0.25132741228718347 0.15573047123551 0.7506865372768476 0.01617976442276931
50 450 0.1720062922007636 1 0 0.037500000000000006 0.037500000000000006 0.08996575 0.25132741228718347 0.15707963267948966 0.7696902001294993 0.0175
51 459 0.12615281509688037 1 0 0.037500000000000006 0.037500000000000006 0.08996575 0.25132741228718347 0.15707963267948966 0.7696902001294993 0.0175
51 459 0.09193573274245721 1 0 0.03749999999999999 0.037500000000000006 0.08996575 0.25132741228718347 0.15707963267948966 0.7696902001294993 0.0175
51 459 0.14678385110388473 1 0 0.03749999999999999 0.03417255914212332 0.08996575 0.25132741228718347 0.15573047123551 0.7506865372768476 0.01617976442276931
52 468 0.12475899520255658 1 0 0.037500000000000006 0.037500000000000006 0.08996575 0.25132741228718347 0.15707963267948966 0.7696902001294993 0.0175
52 468 0.08023351789475468 1 0 0.03749999999999999 0.037500000000000006 0.08996575 0.25132741228718347 0.15707963267948966 0.7696902001294993 0.0175
51 459 0.15436168580188528 1 0 0.037500000000000006 0.037500000000000006 0.08996575 0.25132741228718347 0.15707963267948966 0.7696902001294993 0.0175
52 468 0.14549772826393031 1 0 0.03749999999999999 0.03417255914212332 0.08996575 0.25132741228718347 0.15573047123551 0.7506865372768476 0.01617976442276931
53 477 0.10942922825139098 1 0 0.037500000000000006 0.037500000000000006 0.08996575 0.25132741228718347 0.15707963267948966 0.7696902001294993 0.0175
53 477 0.06747093997964498 1 0 0.03749999999999999 0.037500000000000006 0.08996575 0.25132741228718347 0.15707963267948966 0.7696902001294993 0.0175
52 468 0.1588999028525155 1 0 0.037500000000000006 0.037500000000000006 0.08996575 0.25132741228718347 0.15707963267948966 0.7696902001294993 0.0175
53 477 0.136107781678318 1 0 0.03749999999999999 0.03417255914212332 0.08996575 0.25132741228718347 0.15573047123551 0.7506865372768476 0.01617976442276931
54 486 0.10816701864430144 1 0 0.037500000000000006 0.037500000000000006 0.08996575 0.25132741228718347 0.15707963267948966 0.7696902001294993 0.0175
54 486 0.0722203739475685 1 0 0.03749999999999999 0.037500000000000006 0.08996575 0.25132741228718347 0.15707963267948966 0.7696902001294993 0.0175
53 477 0.14433792965709394 1 0 0.037500000000000006 0.037500000000000006 0.08996575 0.25132741228718347 0.15707963267948966 0.7696902001294993 0.0175
54 486 0.14069218517431517 1 0 0.03749999999999999 0.03417255914212332 0.08996575 0.25132741228718347 0.15573047123551 0.7506865372768476 0.01617976442276931
55 495 0.09041233199696799 1 0 0.037500000000000006 0.037500000000000006 0.08996575 0.25132741228718347 0.15707963267948966 0.7696902001294993 0.0175
55 495 0.06479249803444509 1 0 0.03749999999999999 0.037500000000000006 0.08996575 0.25132741228718347 0.15707963267948966 0.7696902001294993 0.0175
54 486 0.12672407183679985 1 0 0.037500000000000006 0.037500000000000006 0.08996575 0.25132741228718347 0.15707963267948966 0.7696902001294993 0.0175
55 495 0.129302610239049 1 0 0.03749999999999999 0.03417255914212332 0.08996575 0.25132741228718347 0.15573047123551 0.7506865372768476 0.01617976442276931
56 504 0.0852794008711433 1 0 0.037500000000000006 0.037500000000000006 0.08996575 0.25132741228718347 0.15707963267948966 0.7696902001294993 0.0175
56 504 0.05156281980633713 1 0 0.03749999999999999 0.037500000000000006 0.08996575 0.25132741228718347 0.15707963267948966 0.7696902001294993 0.0175
55 495 0.11056169390605679 1 0 0.037500000000000006 0.037500000000000006 0.08996575 0.25132741228718347 0.15707963267948966 0.7696902001294993 0.0175
56 504 0.13161081104034938 1 0 0.03749999999999999 0.03417255914212332 0.08996575 0.25132741228718347 0.15573047123551 0.7506865372768476 0.01617976442276931
57 513 0.07934422704307115 1 0 0.037500000000000006 0.037500000000000006 0.08996575 0.25132741228718347 0.15707963267948966 0.7696902001294993 0.0175
57 513 0.04751829804088528 1 0 0.03749999999999999 0.037500000000000006 0.08996575 0.25132741228718347 0.15707963267948966 0.7696902001294993 0.0175
56 504 0.10311177032277187 1 0 0.037500000000000006 0.037500000000000006 0.08996575 0.25132741228718347 0.15707963267948966 0.7696902001294993 0.0175
57 513 0.11432142934556562 1 0 0.03749999999999999 0.03417255914212332 0.08996575 0.25132741228718347 0.15573047123551 0.7506865372768476 0.01617976442276931
58 522 0.07027042189152018 1 0 0.037500000000000006 0.037500000000000006 0.08996575 0.25132741228718347 0.15707963267948966 0.7696902001294993 0.0175
58 522 0.04344939543802896 1 0 0.03749999999999999 0.037500000000000006 0.08996575 0.25132741228718347 0.15707963267948966 0.7696902001294993 0.0175
57 513 0.08742392773851895 1 0 0.037500000000000006 0.037500000000000006 0.08996575 0.25132741228718347 0.15707963267948966 0.7696902001294993 0.0175
58 522 0.10023441793447423 1 0 0.03749999999999999 0.03417255914212332 0.08996575 0.25132741228718347 0.15573047123551 0.7506865372768476 0.01617976442276931
59 531 0.061247921633826405 1 0 0.037500000000000006 0.037500000000000006 0.08996575 0.25132741228718347 0.15707963267948966 0.7696902001294993 0.0175
59 531 0.04037775585610941 1 0 0.03749999999999999 0.037500000000000006 0.08996575 0.25132741228718347 0.15707963267948966 0.7696902001294993 0.0175
58 522 0.07593021619335558 1 0 0.037500000000000006 0.037500000000000006 0.08996575 0.25132741228718347 0.15707963267948966 0.7696902001294993 0.0175
59 531 0.08896337639893338 1 0 0.03749999999999999 0.03417255914212332 0.08996575 0.25132741228718347 0.15573047123551 0.7506865372768476 0.01617976442276931
60 540 0.05777266525709675 1 0 0.037500000000000006 0.037500000000000006 0.08996575 0.25132741228718347 0.15707963267948966 0.7696902001294993 0.0175
60 540 0.039967553304074345 1 0 0.03749999999999999 0.037500000000000006 0.08996575 0.25132741228718347 0.15707963267948966 0.7696902001294993 0.0175
59 531 0.07534476775975203 1 0 0.037500000000000006 0.037500000000000006 0.08996575 0.25132741228718347 0.15707963267948966 0.7696902001294993 0.0175
60 540 0.08938056317020533 1 0 0.03749999999999999 0.03417255914212332 0.08996575 0.25132741228718347 0.15573047123551 0.7506865372768476 0.01617976442276931
61 549 0.06978162639670961 1 0 0.037500000000000006 0.037500000000000006 0.08996575 0.25132741228718347 0.15707963267948966 0.7696902001294993 0.0175
61 549 0.0383819963943138 1 0 0.03749999999999999 0.037500000000000006 0.08996575 0.25132741228718347 0.15707963267948966 0.7696902001294993 0.0175
60 540 0.07946774199706638 1 0 0.037500000000000006 0.037500000000000006 0.08996575 0.25132741228718347 0.15707963267948966 0.7696902001294993 0.0175
61 549 0.10500565873118803 1 0 0.03749999999999999 0.03417255914212332 0.08996575 0.25132741228718347 0.15573047123551 0.7506865372768476 0.01617976442276931
62 558 0.0800933521039647 1 0 0.037500000000000006 0.037500000000000006 0.08996575 0.25132741228718347 0.15707963267948966 0.7696902001294993 0.0175
62 558 0.038023120166677186 1 0 0.03749999999999999 0.037500000000000006 0.08996575 0.25132741228718347 0.15707963267948966 0.7696902001294993 0.0175
62 558 0.11390043825169507 1 0 0.03749999999999999 0.03417255914212332 0.08996575 0.25132741228718347 0.15573047123551 0.7506865372768476 0.01617976442276931
61 549 0.07686832731783873 1 0 0.037500000000000006 0.037500000000000006 0.08996575 0.25132741228718347 0.15707963267948966 0.7696902001294993 0.0175
63 567 0.09173893669966901 1 0 0.037500000000000006 0.037500000000000006 0.08996575 0.25132741228718347 0.15707963267948966 0.7696902001294993 0.0175
63 567 0.03870232726992993 1 0 0.03749999999999999 0.037500000000000006 0.08996575 0.25132741228718347 0.15707963267948966 0.7696902001294993 0.0175
63 567 0.12307443628788096 1 0 0.03749999999999999 0.03417255914212332 0.08996575 0.25132741228718347 0.15573047123551 0.7506865372768476 0.01617976442276931
62 558 0.07669230006561904 1 0 0.037500000000000006 0.037500000000000006 0.08996575 0.25132741228718347 0.15707963267948966 0.7696902001294993 0.0175
64 576 0.10349861191365434 1 0 0.037500000000000006 0.037500000000000006 0.08996575 0.25132741228718347 0.15707963267948966 0.7696902001294993 0.0175
64 576 0.03521399687920067 1 0 0.03749999999999999 0.037500000000000006 0.08996575 0.25132741228718347 0.15707963267948966 0.7696902001294993 0.0175
64 576 0.11628258084663672 1 0 0.03749999999999999 0.03417255914212332 0.08996575 0.25132741228718347 0.15573047123551 0.7506865372768476 0.01617976442276931
63 567 0.07199903653006048 1 0 0.037500000000000006 0.037500000000000006 0.08996575 0.25132741228718347 0.15707963267948966 0.7696902001294993 0.0175
65 585 0.10331504318740073 1 0 0.037500000000000006 0.037500000000000006 0.08996575 0.25132741228718347 0.15707963267948966 0.7696902001294993 0.0175
65 585 0.03212087380023984 1 0 0.03749999999999999 0.037500000000000006 0.08996575 0.25132741228718347 0.15707963267948966 0.7696902001294993 0.0175
65 585 0.10188988397704321 1 0 0.03749999999999999 0.03417255914212332 0.08996575 0.25132741228718347 0.15573047123551 0.7506865372768476 0.01617976442276931
64 576 0.07400417376890013 1 0 0.037500000000000006 0.037500000000000006 0.08996575 0.25132741228718347 0.15707963267948966 0.7696902001294993 0.0175
66 594 0.10667463588348866 1 0 0.037500000000000006 0.037500000000000006 0.08996575 0.25132741228718347 0.15707963267948966 0.7696902001294993 0.0175
66 594 0.03284235838127437 1 0 0.03749999999999999 0.037500000000000006 0.08996575 0.25132741228718347 0.15707963267948966 0.7696902001294993 0.0175
66 594 0.10253286395440286 1 0 0.03749999999999999 0.03417255914212332 0.08996575 0.25132741228718347 0.15573047123551 0.7506865372768476 0.01617976442276931
65 585 0.07278273709883225 1 0 0.037500000000000006 0.037500000000000006 0.08996575 0.25132741228718347 0.15707963267948966 0.7696902001294993 0.0175
67 603 0.09866759263398917 1 0 0.037500000000000006 0.037500000000000006 0.08996575 0.25132741228718347 0.15707963267948966 0.7696902001294993 0.0175
67 603 0.09866759263398917 1 0 0.037500000000000006 0.037500000000000006 0.08996575 0.25132741228718347 0.15707963267948966 0.7696902001294993 0.0175
67 603 0.10439717320654635 1 0 0.03749999999999999 0.03417255914212332 0.08996575 0.25132741228718347 0.15573047123551 0.7506865372768476 0.01617976442276931
67 603 0.027665915110667717 1 0 0.03749999999999999 0.037500000000000006 0.08996575 0.25132741228718347 0.15707963267948966 0.7696902001294993 0.0175
67 603 0.10439717320654635 1 0 0.03749999999999999 0.03417255914212332 0.08996575 0.25132741228718347 0.15573047123551 0.7506865372768476 0.01617976442276931
67 603 0.027665915110667717 1 0 0.03749999999999999 0.037500000000000006 0.08996575 0.25132741228718347 0.15707963267948966 0.7696902001294993 0.0175
66 594 0.06990761039837844 1 0 0.037500000000000006 0.037500000000000006 0.08996575 0.25132741228718347 0.15707963267948966 0.7696902001294993 0.0175
67 603 0.06382716079584287 1 0 0.037500000000000006 0.037500000000000006 0.08996575 0.25132741228718347 0.15707963267948966 0.7696902001294993 0.0175
67 603 0.06382716079584287 1 0 0.037500000000000006 0.037500000000000006 0.08996575 0.25132741228718347 0.15707963267948966 0.7696902001294993 0.0175
