% # columns="iteration, evaluation, sigma, void, void,  stds==sigma*sigma_vec.scaling*sqrt(diag(C))", seed=2567, Fri Aug 28 18:31:03 2026, <python>{}</python>
0232674
1 9 0.9003930254068622 0 0 0.033642292758115686 0.03403472825614167 0.07640834317635327 0.2293151238842541 0.13733218259390603 0.6789737028230103 0.015857059633294864
1 9 0.9409771906522119 0 0 0.035384202457428904 0.036445549183315246 0.0792157949561735 0.24398396050823695 0.14502804915755388 0.7045860181629036 0.01663972677100392
1 9 0.9003930254068623 0 0 0.0336422927581157 0.03403472825614168 0.07640834317635328 0.22931512388425412 0.13733218259390606 0.6789737028230104 0.015857059633294868
2 18 0.8826774249329369 0 0 0.03399920214526806 0.03332997153985733 0.06985662879254471 0.23612313499507923 0.13504598020746175 0.6520897869364727 0.015166174966594314
2 18 0.9879053825708763 0 0 0.03502835572069211 0.03904187397195405 0.07813275996222237 0.25897587083121815 0.1563223618842969 0.7546155033966822 0.01760693222189752
2 18 0.9388092952414957 0 0 0.0333251959835548 0.03520676407108745 0.0763909854762513 0.2611735260242236 0.14360983631706087 0.6966610537825917 0.01668734685098946
2 18 0.8826774249329372 0 0 0.03407426053962579 0.03332005142441877 0.06963943367867037 0.2359851293965423 0.13523624144920263 0.6481771385397066 0.015282194910944553
3 27 1.0447104339690234 0 0 0.03721401665966649 0.04032767702589284 0.081804336295604 0.27359221263806016 0.17459229589884065 0.7931521419020917 0.018488763110421847
3 27 0.9630781353080199 0 0 0.03669489039418555 0.03556796762289483 0.07617388699348246 0.2682304673004149 0.14995948078743038 0.7319910820901043 0.016644179230831085
3 27 0.9120439941026186 0 0 0.031580549096113804 0.034285666718410025 0.07353903127176294 0.24422834825320952 0.144132182738541 0.6610122025014215 0.015774412508987794
3 27 0.9445528082417751 0 0 0.03663123387021887 0.035892040869030556 0.07322046983227778 0.2521993383604496 0.14664024114230761 0.718951832927351 0.016800268543137428
4 36 1.151578957988506 0 0 0.04046520970457062 0.0466112648340112 0.08926096093061524 0.292809426746818 0.20190038985314918 0.8906695278654417 0.020814421731725236
4 36 0.8206942042971666 0 0 0.027854460571982716 0.030921735604254243 0.06545689885059844 0.1984906516156069 0.1305838111125302 0.599244815403651 0.013964005222312581
4 36 1.0088823162821972 0 0 0.04119972073920628 0.03798237949513772 0.07756714071031519 0.2551551844302138 0.1621563369485715 0.7832285757825775 0.018610479251110958
4 36 0.8842846426180269 0 0 0.03241255474857349 0.0329200159497371 0.07081279984041576 0.22583025262782985 0.13953795025885618 0.6712215558284026 0.015096408537491102
5 45 1.2373994055287272 0 0 0.04338038027257917 0.05000000000000001 0.09415387909163195 0.30440896358261854 0.2094395102393195 0.9762409089147018 0.02280365738716789
5 45 0.7491726794165179 0 0 0.024805200181457876 0.028578442558622564 0.05613435046274304 0.17177821672307247 0.12209624669947253 0.5385645538657755 0.012908140478710521
5 45 0.9772612973361458 0 0 0.04060129428448552 0.03671573750175587 0.07548200360931477 0.23391682455727275 0.15415863930568183 0.7600771936758921 0.01803927395845706
5 45 0.8946714366398146 0 0 0.03277203225753645 0.033458534712066695 0.07194810706696726 0.2213648416462663 0.14252336776697752 0.6766378385505146 0.015528977701435123
6 54 0.7282003904257455 0 0 0.024289089098364747 0.027730275612704535 0.054193076196765395 0.1530697390317886 0.12054207995880524 0.5129699005494561 0.012400714932161978
6 54 0.9138955170379542 0 0 0.033996522329675295 0.034334712631316114 0.07148269594489554 0.22099827480885312 0.1469465515511893 0.7137040581699547 0.015576728237711952
6 54 0.9466492762136589 0 0 0.041017632980124674 0.03528799109154293 0.0721778453998621 0.21778227816413628 0.14715176068101912 0.7144444144647546 0.017532106138196987
6 54 1.2407159495478401 0 0 0.04277744172724125 0.049999999999999996 0.09340826465464132 0.2934928190377667 0.20598839610825154 0.9703180133305712 0.02223012221253077
7 63 0.6590790862030397 0 0 0.02197441948511414 0.025410893861549752 0.04935276695258848 0.1256395079930666 0.10853114924413423 0.4631305366184962 0.010457638927959787
7 63 1.2162436333927535 0 0 0.04303981720215627 0.048355998312890766 0.09849328870808739 0.27447892254908385 0.19875115787647532 0.9381257744264248 0.020977419680638983
7 63 0.974095203800074 0 0 0.043950750037847305 0.03623549458303718 0.0723193794268211 0.21267524779517813 0.1473905081902093 0.7502772676695354 0.018721974609369627
7 63 0.8884113283171207 0 0 0.033319318805761215 0.03414401056676277 0.0634204378498029 0.20813525057506477 0.14407486388656002 0.7142083542477581 0.014930824946203944
8 72 0.6381035223612593 0 0 0.021096178901209555 0.025330289414165333 0.043228482857737845 0.11892972883503308 0.1048931861030309 0.4426052842549068 0.010289774494030781
8 72 1.0325720060872277 0 0 0.047622897431382545 0.03938544515782548 0.07680627706976659 0.214901304722197 0.1541467802380017 0.8487792269113813 0.019358122706308597
8 72 0.8230972793553207 0 0 0.028299790554521975 0.03126357327519411 0.05864709832367458 0.1891499563826251 0.1359478816965672 0.6698246099027536 0.0139915846108124
8 72 1.152821951180453 0 0 0.03907415381719927 0.0445556405149227 0.09753172081016022 0.23571785824373295 0.1806411690839007 0.8909534855861628 0.019770564311491462
9 81 0.6949522406706395 0 0 0.022912017255033522 0.027978417136915946 0.0474872838728383 0.12832721160538244 0.1087200847320785 0.4795886758657664 0.01303967315021765
9 81 1.1601814106300739 0 0 0.03836911552765665 0.04374649612426546 0.09805367144248556 0.21391804130731448 0.17854935606461253 0.9405006772846655 0.02169385760863793
9 81 0.7345595960813952 0 0 0.025341689234308597 0.027340896367144804 0.05114617530164218 0.15727299722327845 0.12495536958517081 0.5807969130540209 0.01271120973033505
9 81 0.9276371304181816 0 0 0.042746312862198634 0.035402768146395466 0.06907559856836719 0.17843372135049812 0.14144828541207508 0.7674092611219788 0.016748076878901532
10 90 0.6895966165070765 0 0 0.02363012132712598 0.028364414696194253 0.04649245797593422 0.11408095750655878 0.10779063183843611 0.4940935929932822 0.013214646337756755
10 90 0.674574923737108 0 0 0.022890407783536806 0.025526750948530096 0.045994429443336635 0.13290725584990865 0.11659660661455673 0.5374310163170672 0.011274794712124336
10 90 1.1524905378102333 0 0 0.03880300235531475 0.043503687538084396 0.0961981204236893 0.19766415038128457 0.1740813279309177 0.9550525991232356 0.021577512869769767
10 90 0.851475419800259 0 0 0.03883100963949915 0.031599338050510246 0.06322019358348982 0.1562907369356726 0.13227136963666977 0.6915888615189797 0.014949808263083352
11 99 0.6377381006580239 0 0 0.021725256276919104 0.02628905208814827 0.03868986281207063 0.10536916507296114 0.09839425350365606 0.4521047033384198 0.012114031222752664
11 99 1.1936251214103348 0 0 0.04212945927353018 0.04387825533257928 0.09947487039638589 0.19775245691964008 0.1795825357328085 0.9776223025628444 0.02282339268505719
11 99 0.6629176888119946 0 0 0.02221068188013813 0.024504820724175504 0.04319409992719474 0.12334974321627867 0.11590340971039748 0.516540181104299 0.0114930381892799
11 99 0.9366247163136205 0 0 0.04198793832203282 0.0370153624413029 0.0671701356525548 0.1664776961311767 0.14872438442959202 0.7653562388890792 0.017283700565461534
12 108 0.6186686731749689 0 0 0.021143391624988385 0.02473538221932137 0.036676513188665195 0.09882480446606931 0.09065083319748342 0.4465740665771748 0.01186160788286501
12 108 0.6484024485667907 0 0 0.021545189240096026 0.023861219387116002 0.04013289381737515 0.1181416997824805 0.11325953824366988 0.5029767208914139 0.011219168655366105
12 108 1.2655392659138234 0 0 0.04459701802326237 0.04860821394559208 0.10587868005098472 0.19574890725781754 0.18728954760376235 1.0262536001726656 0.023333333333333334
12 108 0.8872311013832784 0 0 0.03784846379832532 0.03486735613863325 0.06108135184329828 0.15725907159876498 0.13865662321854877 0.7305681993625275 0.016204248882279972
13 117 0.575822321143587 0 0 0.01997771255007096 0.02274647256033067 0.03339736822854275 0.08687621944191905 0.08379399067520407 0.40132322946572285 0.010831128069336116
13 117 0.6099667882589089 0 0 0.01999520779975305 0.02218158647287928 0.037744636177110207 0.10464471286406041 0.10642131026263764 0.4987547931302997 0.011531835283051864
13 117 1.2067400948435656 0 0 0.044548584014628495 0.0431452888286834 0.10028789569085579 0.1712989657675432 0.17673002170174912 0.9416293753854369 0.02203668574422075
13 117 0.787941904570894 0 0 0.035194161361948965 0.0299526622476039 0.054679822630580764 0.1350641028511615 0.11917261079801725 0.6252113342673055 0.014110940480193696
14 126 0.4893697214171822 0 0 0.01728840273756198 0.019125142858907748 0.027318100715417157 0.07114573918037291 0.07061589576381211 0.3455248337080495 0.009151819714535015
14 126 0.6559382817775743 0 0 0.021738389575572066 0.023909257033330168 0.04169130404823199 0.1090171060486382 0.11060071148621597 0.5431676169008124 0.013146021040064756
14 126 0.7762497764248882 0 0 0.034048747717787355 0.028419731340039146 0.0535958240453736 0.1309899973673001 0.11794061993858004 0.6433327284002655 0.014078378936451528
14 126 1.1587162140959513 0 0 0.0425047251849485 0.04187075823396596 0.09455898960308899 0.16237833131518772 0.16003203199877483 0.8763016254283248 0.02130269460248675
15 135 0.429094381982604 0 0 0.014838697380897024 0.01691423273789338 0.0232338119291908 0.0600386763245813 0.06111421601725683 0.29628686158185225 0.0077795781945186986
15 135 0.6683623707187116 0 0 0.02205485654084464 0.024832493476402713 0.041193142411485945 0.10691369888716974 0.11098342608391495 0.5334361927198178 0.013560446820934555
15 135 0.7035611881226984 0 0 0.03141644978072511 0.026376021983617062 0.04818169726292471 0.11418117333921084 0.10359208878138074 0.5643501221802704 0.012511637420033481
15 135 0.977828064596725 0 0 0.035894275434987986 0.0355456826513797 0.0791381340508143 0.13089946241698278 0.1256665778557797 0.7395825921217556 0.018180635589840944
16 144 0.3823836794932993 0 0 0.013219720432084933 0.014853589109910194 0.020157108069664965 0.05003814574893923 0.05424279223988367 0.26048997053553513 0.006941702419839414
16 144 0.6171007595363046 0 0 0.02002073391699351 0.02340783392792364 0.037568538887708884 0.09187846904063668 0.09593307064707868 0.48792052151452436 0.012563181779098952
16 144 0.6308599874668358 0 0 0.02707159129672593 0.023041392692308024 0.041702319769636266 0.0994253033424006 0.09074448522425109 0.5075521646087129 0.011108810237203615
16 144 0.9225365053603903 0 0 0.03409874908617663 0.033942588737103575 0.0764876218799902 0.11815445628096753 0.11863689658167968 0.6553600492502064 0.017364900138474745
17 153 0.5462251229821584 0 0 0.018443912671361064 0.02037892808865764 0.033081155303328814 0.07438547001132924 0.08367857129474725 0.42825499642839293 0.011075606438887484
17 153 0.36127703605772044 0 0 0.012610720415262986 0.01407299621393408 0.01884589888220134 0.04314321355725689 0.04825717459325373 0.25949337938630973 0.006504399850757217
17 153 0.5679453468970783 0 0 0.02391924981280077 0.020857165011429472 0.03787392052911924 0.08774137439962873 0.07717308522132221 0.4557334518093812 0.009710631263003755
17 153 0.8442736298045779 0 0 0.031134016058951892 0.030168478761943035 0.06846365923718702 0.09691860272171537 0.11026846739715015 0.6010930475336963 0.015866548024676443
18 162 0.49996204923544557 0 0 0.016333511848241763 0.018919189358179603 0.029972962538643486 0.06414624901374008 0.07462874604079872 0.3860858497735103 0.010136498106522158
18 162 0.32137008426233615 0 0 0.01117386726688093 0.012546241111353267 0.016903805540127288 0.03547057955693732 0.04043511904622273 0.22835163952136797 0.005825375327365747
18 162 0.5035540522820341 0 0 0.020899542418758934 0.018881084542972066 0.03358941777281229 0.07420156502071858 0.06502134628483908 0.3940123001738869 0.008567952230288374
18 162 0.7782344333323186 0 0 0.028381756676938555 0.02836746428006954 0.06371995748854896 0.0816427659399133 0.10113162491515697 0.5337029081864604 0.014589462752929685
19 171 0.4389232294880729 0 0 0.013830180482375894 0.016416244875863722 0.026559346445086996 0.05458004977262447 0.06459391706747983 0.3086372062357431 0.008731582748131256
19 171 0.29759997676264627 0 0 0.010285415526194615 0.011664479981836355 0.015287361558220799 0.032681726283893535 0.03671876869669934 0.20992836451041205 0.005290892278132931
19 171 0.4974122850050024 0 0 0.02038707356855013 0.01845096221178422 0.03213196408739858 0.06788674039467484 0.06406468563433651 0.39203693524953526 0.00846938419977178
19 171 0.6365996546988956 0 0 0.023006791376680283 0.02274091028427724 0.05171747755484869 0.06689860630074006 0.07838979137242015 0.4311657155479574 0.011356622395587376
20 180 0.4070675882989181 0 0 0.012663737163530944 0.0150898727614653 0.02399339677538426 0.048020981680670885 0.058552690005378584 0.2774038694825713 0.008141021675730881
20 180 0.30476235065891477 0 0 0.009958819316626049 0.011686830579446009 0.015935144503888617 0.03234813013529257 0.036946690319092555 0.20887070226799742 0.005848894569545272
20 180 0.5228347227864775 0 0 0.022189395812217523 0.019539750483248547 0.03576641394563626 0.06730569000175418 0.06855182239359242 0.40947966734878155 0.008521355999292983
20 180 0.562997255248615 0 0 0.020954923192341778 0.0186884466797628 0.04501365507957772 0.05582010836266719 0.06811789912877006 0.375396042984936 0.010301170242791584
21 189 0.4043232190271559 0 0 0.012459816963940827 0.015087451578287857 0.022792766743744954 0.047460745953558765 0.05445291558089882 0.29551245961802786 0.007797128781918355
21 189 0.28446170925991937 0 0 0.009520260451109807 0.01095292623122642 0.015507860434359932 0.029580580906109672 0.0319428032497737 0.19124413306953508 0.005608396875691924
21 189 0.5139186255956284 0 0 0.021604721719721824 0.019866431411096105 0.035072585656485855 0.06313171366353121 0.06421811615054734 0.401936260222982 0.008483833594933758
21 189 0.5804025241309203 0 0 0.022977693971885326 0.019451215070418006 0.044711931035345126 0.05758163997457688 0.07115907839885353 0.38282379950341894 0.010785932353682966
22 198 0.38808656308636025 0 0 0.011696302139258926 0.014049353865283158 0.022567347196477492 0.0425196054072389 0.05078369226927855 0.2875922672313328 0.007455520865400841
22 198 0.27816742057913724 0 0 0.009194841588301323 0.0103260004866429 0.014714034432192727 0.027872978694952248 0.030139675440019748 0.18710750369793389 0.005843823217330694
22 198 0.4961912901261475 0 0 0.02060210733272105 0.019576531857986083 0.03515441691879101 0.0564069271901734 0.06114534424103231 0.382268321721488 0.007870752279085508
22 198 0.5745392787197547 0 0 0.022599420500787434 0.01920017294763024 0.04259361124582574 0.053136926532675335 0.06987722280092559 0.3825207814085579 0.011198456187518685
23 207 0.38523860949843514 0 0 0.011937565250927007 0.014486975368862558 0.022210246103795253 0.04052607895363748 0.04627902963938284 0.29073930697247774 0.007675969204956924
23 207 0.43031514935602677 0 0 0.017739989765994193 0.01651220442074457 0.030283763701862833 0.04733254581525342 0.04922494551149917 0.33771194251219083 0.0067766325883560465
23 207 0.24210706354092343 0 0 0.007678121901360321 0.008942124271447215 0.012727131026882372 0.02352255943032953 0.024627558676786607 0.1582608584433766 0.005074876442379707
23 207 0.5343343872560422 0 0 0.020699710052079916 0.01730554326887715 0.04002001163634543 0.04762876815024903 0.06264746066120445 0.3405695833949624 0.010427642606412834
24 216 0.3274226460291073 0 0 0.009970978151170411 0.012292888222238941 0.018572327719051342 0.03258304979251701 0.03808353461255427 0.25236318281428144 0.00649212968519639
24 216 0.40317625145556224 0 0 0.015804950885663176 0.015132131588525069 0.029498933824575316 0.043265563747016594 0.04505807205630172 0.3140702078836661 0.006255804813925536
24 216 0.22665710649953377 0 0 0.007275690010850589 0.00878300518666183 0.011870937541502615 0.02095690386086683 0.022597926159651824 0.1441403829727286 0.004941110271147821
24 216 0.48185844786274956 0 0 0.018722209429977665 0.015676605159023214 0.036245964438841344 0.04118203623046531 0.055033969025087386 0.30327321695128817 0.009205943780697848
25 225 0.3376217254781799 0 0 0.010361792816422083 0.012517490254219707 0.019395155419465532 0.03254048736647407 0.03713515470960418 0.2726410003160727 0.0065153726114307465
25 225 0.4369877694057795 0 0 0.016941396012756745 0.01624878799000019 0.03399932325743762 0.044942776714925525 0.046864580680048326 0.3365953272645451 0.00667193649048617
25 225 0.21583767972974158 0 0 0.007122727557153104 0.008280136036824542 0.011196831915948379 0.018127904637920043 0.021452124096398763 0.13987452362800074 0.00469770065855888
25 225 0.45785668999402623 0 0 0.016570649575483414 0.014996811617946068 0.033165019439960364 0.038219755334398586 0.05034199813822038 0.29374466643084823 0.008678499228849631
26 234 0.3033534035446738 0 0 0.00934193278558857 0.011044802357617674 0.016514586045451998 0.02978875200326674 0.031880568173774305 0.240559562469477 0.005779391663497275
26 234 0.2113213360997933 0 0 0.006979227485704419 0.008811351040048371 0.010596777027831638 0.016914886071255585 0.019885438732433248 0.13718508532649312 0.0044968502843050215
26 234 0.40070431685919305 0 0 0.014912296826431436 0.015382582620010436 0.03056313948641889 0.04018645305724985 0.04100283283687362 0.31205332337973296 0.006019017347806868
26 234 0.4418404454345494 0 0 0.01641612025944669 0.01458980201253718 0.03208220414195949 0.035709749019413685 0.047236799391897163 0.2780302879188783 0.008381019106846157
27 243 0.27001847972401205 0 0 0.008663904264870887 0.009868135188786818 0.0144491652121949 0.025732099156381086 0.028124327701401233 0.19730958181467614 0.005166147343189463
27 243 0.21370050114678707 0 0 0.006667346234521995 0.009164972376330042 0.010553529897050861 0.016403594294084726 0.019212385523552544 0.13294172200520415 0.004658567375443578
27 243 0.3575224964870793 0 0 0.012994548393357187 0.013029241211148247 0.026566392299612284 0.0357441527752146 0.036066633637751644 0.27565358630281867 0.0054560820012283535
27 243 0.4098460068628819 0 0 0.015134062778046214 0.013647134946706694 0.028470066989023185 0.03241362619655184 0.04202440479336774 0.2527164631370094 0.007775679861999865
28 252 0.2727353129219761 0 0 0.00859534939324332 0.009977595017040998 0.013444865370746722 0.024858610781501516 0.027870630629652317 0.19887964178902404 0.005688891550092017
28 252 0.19984311701699425 0 0 0.006276053619184079 0.008475755381608137 0.009802365575539415 0.014072053275995932 0.01769156378634492 0.12924253279074902 0.004444018753490578
28 252 0.3414185105647282 0 0 0.012755541554525792 0.012202619227912676 0.026341821358184903 0.03190248763305821 0.03404930160150244 0.26072713303072204 0.00529535718939499
28 252 0.42603863087943444 0 0 0.016067602476625878 0.015828538630035263 0.02869631117724587 0.03091245348300677 0.043509640856741714 0.25824604206649177 0.008325318497460581
29 261 0.26872078815642003 0 0 0.008534205985025611 0.01007723786266236 0.013405902713593043 0.023430927435154524 0.025799677233810162 0.19743015754829296 0.005588925984257866
29 261 0.18648997541598258 0 0 0.005780124573230909 0.008215036881426122 0.00910556603679006 0.012799692041569248 0.015446010963015743 0.11845668439294434 0.004140690255232203
29 261 0.3235704858116913 0 0 0.012149078046411051 0.011823609080264018 0.02562151254659112 0.028881463680743784 0.030244813101844993 0.24450886089195584 0.004896935689082669
29 261 0.4481482756908237 0 0 0.017110808744862847 0.017972380148663876 0.03031178753633066 0.032204046067473784 0.04306662692463194 0.27573892482287937 0.008433169257964026
30 270 0.19706074333092352 0 0 0.006272374712881941 0.00818590900394181 0.009606371042611007 0.012750582155839173 0.016081787303743933 0.12980825868204007 0.004607560596362375
30 270 0.26301919031432197 0 0 0.008535967489362879 0.0097673072434081 0.012906452789235565 0.021641761649753448 0.024064357657195428 0.1901041335305852 0.005599468188649078
30 270 0.3253259936877638 0 0 0.011930524055534715 0.011911609332646496 0.02520791321423223 0.027548207098549413 0.029356653393432994 0.24363622658435727 0.005119844866031489
30 270 0.48362346003798756 0 0 0.01806032559077813 0.020844831448522203 0.03277434013786156 0.032830646572562204 0.04344486069793118 0.3073340809516269 0.008997990829435283
31 279 0.2287129525034769 0 0 0.008025856218449902 0.009578870958037278 0.010751044143473299 0.014703830989359758 0.01677284290494644 0.15170635539911098 0.0056553243649045334
31 279 0.3002691567624979 0 0 0.009775968430393953 0.011265960912853524 0.01494099376855903 0.024365371774452273 0.02522925429877363 0.23093854850892143 0.006800243185951251
31 279 0.3044809897074083 0 0 0.011158817726249423 0.011922453014175128 0.023020413458067837 0.02539426146662514 0.027130626760057563 0.2254187640866528 0.0048440361689678834
31 279 0.4886654339584281 0 0 0.01838849062457065 0.02183087561376505 0.03182024067855794 0.032283787201647936 0.04077632730434701 0.3083645941470532 0.009291254330180314
32 288 0.2438641571146682 0 0 0.008521429063979492 0.010040572682544928 0.012117803144086314 0.01543512015277132 0.01648062528596452 0.16120398950772646 0.006047563953064403
32 288 0.28583836368280596 0 0 0.009059243470184013 0.010832473347821822 0.014132151641316284 0.02269532236024278 0.022812967567959797 0.22329696265841215 0.006446071746421118
32 288 0.3041657140673445 0 0 0.011785892773116962 0.012314563435931212 0.022342031913675075 0.02353807569904304 0.026810897047736572 0.21817556643409983 0.0047632604792854985
32 288 0.49762250736337127 0 0 0.01865992969413777 0.02419156917194391 0.03049912360856293 0.03203180568604384 0.040504071256761524 0.31592125025062956 0.009544812879941175
33 297 0.2553561534344765 0 0 0.00924174655945083 0.01103755829321185 0.012850283596721426 0.014603662337525502 0.015888667228198147 0.17249160785957537 0.006557144752651235
33 297 0.2951793491923184 0 0 0.009655591145021637 0.01058026115995527 0.014216897220059803 0.02178972785626705 0.02296636264255277 0.23940698018972412 0.006895689028291348
33 297 0.32925309994208335 0 0 0.013423825054310041 0.015404750929846023 0.023589300506729596 0.02456158311520134 0.02732120647921705 0.2352409578294545 0.005136695807488343
33 297 0.43181583777963184 0 0 0.016100198169566482 0.021656847981993063 0.025887422018708157 0.02664633737567398 0.03295159507021875 0.27295186491009266 0.008315542546299872
34 306 0.24691748800955832 0 0 0.009098102400909205 0.010594132504630989 0.012466754294899685 0.013272931432801288 0.014014010709426775 0.16723736651807036 0.00645286101586729
34 306 0.2681287753907953 0 0 0.008761619829376987 0.009543507732646943 0.012683150580716533 0.018875094717770272 0.019880650959721892 0.21371193288476764 0.006237090442689041
34 306 0.32738284786477434 0 0 0.013538527468354267 0.015574530008939158 0.023551872996526113 0.022821178397927425 0.025949188061830716 0.23725481767857162 0.004990641984193098
34 306 0.35282287100241505 0 0 0.012970618062015197 0.017401223988327247 0.020697620622219418 0.020018903596125133 0.02587857596449587 0.22062547537469707 0.006761068354645658
35 315 0.23489268512089614 0 0 0.008773111544833222 0.010410340882918869 0.011666708161071881 0.012356112221582788 0.012614638816933707 0.15833188177330199 0.006235298667650124
35 315 0.24531476028814603 0 0 0.008057834007913448 0.00908618430253982 0.011796334794566583 0.016870126435385782 0.016743132133698508 0.18734842355779782 0.0056747544274567355
35 315 0.3096786480562284 0 0 0.012526669795834505 0.014993187115144442 0.02167088382373813 0.020732953283130705 0.02380733469004369 0.2274995173266476 0.004660660023723352
35 315 0.339354008414882 0 0 0.01244557578169962 0.017915824490346417 0.019827491868988946 0.01834464665270111 0.02367560010158095 0.20467432558538481 0.006608423665301648
36 324 0.23845806608602116 0 0 0.008910351086015084 0.010574766994959644 0.011731166984134931 0.01212700116280002 0.011264034743546862 0.17001442976951725 0.0063108898422546455
36 324 0.236634816484711 0 0 0.00788952291098464 0.008899760518943018 0.011646688424423422 0.01631874977334894 0.014527869663259618 0.17840336550858185 0.005578928885191955
36 324 0.3731259321850251 0 0 0.013844099776486943 0.01932598420106957 0.02223085130885758 0.019487025975763395 0.024137133276393333 0.23571996095290867 0.007251034508595279
36 324 0.2845089055802351 0 0 0.011599744175854658 0.013725118282286425 0.019501886698512494 0.019152869709463113 0.01925687885501652 0.2095735189063637 0.004339562683088108
37 333 0.23763369157111708 0 0 0.008924554467663203 0.01046305864752964 0.012041310613615724 0.011282864872356661 0.01115422809199739 0.1615994425928497 0.00647112601988757
37 333 0.20372371684774457 0 0 0.006675425678796816 0.007544562175242512 0.01006242370354433 0.013095195976613624 0.012418315682190335 0.14873282714324454 0.004768982292835898
37 333 0.3658679630613323 0 0 0.013624888252647207 0.019347037245226892 0.021793877128778047 0.018003020168874336 0.023088999020633973 0.23053161672687483 0.006813660789940572
37 333 0.3011108160056222 0 0 0.012907146812539847 0.014650287948180463 0.01975683343737632 0.01907725710482573 0.020137466955627577 0.21903456601782575 0.004699384638546222
38 342 0.2421303929275153 0 0 0.009050541375220789 0.010589656742382136 0.013789293503053057 0.010577998316856676 0.010849184104465634 0.1627343969169398 0.006644675772680469
38 342 0.17086248882873406 0 0 0.005622455773336898 0.0063356071155869585 0.007784470670851545 0.010722264261114332 0.010036871000714438 0.12398933301627837 0.004090189328747699
38 342 0.3104460549104399 0 0 0.01132539761007381 0.016701228588056866 0.018276146636762896 0.014314255676771886 0.019120503562805573 0.19490823173962615 0.005746621016104123
38 342 0.28783180911013967 0 0 0.01215697012795763 0.014457534657775325 0.019128069585075232 0.01634185313477362 0.01821466072617693 0.20509580662361887 0.004498474159372308
39 351 0.22881635410216902 0 0 0.008475325650042807 0.01003261791013503 0.013378241471750187 0.009084382122855585 0.009814368444777209 0.15210370976760662 0.006225865765160423
39 351 0.15055618082950928 0 0 0.00491419462276585 0.00553776717087923 0.006845964332437 0.008727712055621326 0.008340880707292811 0.11000956538198964 0.003549272714934169
39 351 0.2633825587677545 0 0 0.009545890346498649 0.013955330464076808 0.015143539188841995 0.011258023223338336 0.01518807455356422 0.163266496714917 0.004922153137837991
39 351 0.26359226898759325 0 0 0.011322029030220813 0.01300149765966302 0.01770660761618728 0.013770430682378102 0.015501716740345764 0.18614883085806275 0.0043247750215462104
40 360 0.21430099943543482 0 0 0.008042132360481258 0.009277362719117185 0.011611473227145638 0.008103650096332187 0.009016298478563233 0.14106124536061837 0.005949315196519171
40 360 0.14282832943123397 0 0 0.00472446593169081 0.005350711226370569 0.006442489117868481 0.007802849222109158 0.007617988246073132 0.10706426787504533 0.0033273906888921833
40 360 0.26720532161979854 0 0 0.009901026599566695 0.013976420381478161 0.015403111097134686 0.010882289315292904 0.015269740342799046 0.17736051934633215 0.005138879057765339
40 360 0.24558593069728307 0 0 0.01070907342198414 0.011948492099156077 0.016289213843484196 0.01246424180591931 0.013521451955227292 0.17828828842871958 0.004008449924372207
41 369 0.19004942197802882 0 0 0.006936473583506281 0.008139494245766729 0.010251686104823061 0.007042122803790141 0.007797061303221976 0.12278096361575769 0.005191416018842713
41 369 0.1299900953568467 0 0 0.0042933147019778035 0.004768403204547305 0.00586262024966697 0.0069120493658408715 0.006788645281100432 0.09790964991869058 0.00295979002406677
41 369 0.2485311994223659 0 0 0.009562640780722883 0.012967884865231434 0.014128189358071688 0.009988024004022756 0.013671451305367042 0.16019886955634707 0.004666835216764374
41 369 0.2451615503243296 0 0 0.010662252975999842 0.011894253569641916 0.016072994048098612 0.011986508576482518 0.012983115022223709 0.1809009592590336 0.00390723355333814
42 378 0.1683350489384903 0 0 0.00596022651817937 0.007142881156892455 0.008895342586455812 0.005913912666157606 0.0065474376410857085 0.10816826037903332 0.004574747211498697
42 378 0.11694407387441616 0 0 0.003809147764831807 0.004170294428306762 0.005287848059032666 0.0059407066722672805 0.005921604043518121 0.085659013633648 0.0026228969590798294
42 378 0.22101540531765207 0 0 0.008149550631833754 0.011518642216637167 0.012418657752768463 0.008541043834411535 0.01123204036976699 0.1431285693153117 0.004110084142229448
42 378 0.23579787168365174 0 0 0.01038760383911994 0.011430873476344602 0.015417147611846144 0.011030991541597177 0.011889488878125779 0.17039590759241316 0.003854435682605134
43 387 0.1812619729302302 0 0 0.006066011714245243 0.00774028610244028 0.010030201854967344 0.0060669273943385746 0.006799871843544388 0.1315414029074218 0.005016344775711376
43 387 0.12533309003436702 0 0 0.004300703120081518 0.004915028719625806 0.005650467094432043 0.006092416724205636 0.00607175790301406 0.09637914066858395 0.002811036432650376
43 387 0.20611529433711476 0 0 0.007336912873633203 0.010688586143327029 0.011725882015798732 0.00744639663687913 0.010308372235016464 0.14154123641144323 0.0038198620082896696
43 387 0.22414574177958974 0 0 0.009611039983807902 0.010983427217481792 0.014443517945423413 0.010096803443113096 0.01089496418752155 0.15908994840720242 0.0037530804551313057
44 396 0.1791356243469151 0 0 0.005721779841481009 0.007850041668287086 0.009835045725649222 0.005777084036213794 0.00658836404379749 0.13127840358240817 0.0052212976840199056
44 396 0.11983205813841463 0 0 0.0042471991027457955 0.004667600002748018 0.005519170909115116 0.005547749693494591 0.005458904069906376 0.09074940570861888 0.0027342258361738804
44 396 0.18714741787037237 0 0 0.006532382813022083 0.010136080586450151 0.010583106166520287 0.006617664300856725 0.009264500902599561 0.1282204640505613 0.0034562913125668576
44 396 0.20052134122318585 0 0 0.008173633327437414 0.009807267181446248 0.012953610290077034 0.009053204892308759 0.009162707197380767 0.13994610774369104 0.003404332341126448
45 405 0.17940172519631065 0 0 0.005812264084258293 0.007915399464984608 0.01008899951675216 0.005356296814915029 0.006586040156921923 0.13054868361924946 0.005109561285962189
45 405 0.11530503643509404 0 0 0.004151093637291358 0.00423038903954644 0.005578032996029506 0.005029880987740947 0.005272014116869752 0.08758982836465365 0.002700717848522826
45 405 0.18480286769415963 0 0 0.006321685772806643 0.009809072856179175 0.010640535156479227 0.0064588719971906015 0.009006553558125215 0.1265645968432624 0.0033414676151554443
45 405 0.19852090198490627 0 0 0.00832934764063186 0.010272784475507574 0.012825376054790236 0.00835396732168962 0.008892468020326208 0.13891814891967524 0.0032260517669054274
46 414 0.1823407382715295 0 0 0.006232481134513036 0.00790941531840452 0.0099493135635442 0.005334167001123804 0.006487591920876026 0.13204980909289205 0.005125350159402841
46 414 0.10288797809230484 0 0 0.0037317258902288047 0.003821340449124247 0.004701338612094883 0.004314131792092093 0.0045522087046803794 0.0778152905073286 0.002316992728237623
46 414 0.17305564600892603 0 0 0.006104131187673577 0.008999998546204814 0.009568454530839425 0.006055562608767585 0.007825420431718423 0.11678942724054522 0.00302987978703996
46 414 0.18847642138935547 0 0 0.00783593403789301 0.009689963583047573 0.012406893533247622 0.007659656249216281 0.008363448389240266 0.13184080287653124 0.0031060514652684187
47 423 0.09814286149235127 0 0 0.00366734547721014 0.0036448514414966324 0.0044721569828217785 0.0037771805665570857 0.004138368651740585 0.07435987970344717 0.0022521548466285625
47 423 0.1740595440002895 0 0 0.006002059375702479 0.007731083635711238 0.009481127885103679 0.004657170062366455 0.005931514591001268 0.1270851836340348 0.0049348823313499525
47 423 0.16042236020206213 0 0 0.005705539880480819 0.008447641110478956 0.009044766414242057 0.005066942544886998 0.007022160235741215 0.10909355613907223 0.002825189537330605
47 423 0.18702109913814852 0 0 0.0074857509994319445 0.009428873807926957 0.012908536763044404 0.0070459479555179585 0.008073363249956379 0.13248708410407029 0.0031446113010953495
48 432 0.09989339662310918 0 0 0.0038542220567311797 0.003690214196887441 0.004340393107017096 0.0037794705289813527 0.004196740946697281 0.0780443003878501 0.002216896755001061
48 432 0.1744280880661747 0 0 0.005980791264645503 0.007619083475762399 0.00908873073820678 0.004556877032652263 0.005721372427481696 0.12320860911116253 0.0051976109685488185
48 432 0.16717920534946448 0 0 0.006228333352783185 0.008947734283050457 0.00983581303190527 0.005201570139065495 0.006989034364949691 0.1185202348846751 0.0028285198326227236
48 432 0.19864502374792709 0 0 0.008019004417908305 0.010324884327438267 0.013536610707060335 0.007340688569289745 0.00807705108164519 0.14183926725573706 0.003365338089062128
49 441 0.09606156421708166 0 0 0.0037603821331509087 0.0034516371737777257 0.004122135631687804 0.0034333836557967744 0.003974320590525683 0.07519405200683688 0.0021398506672571237
49 441 0.16089338917364585 0 0 0.005565859626306213 0.006802328845342762 0.00836508662315932 0.0037774257069476316 0.005226184570929595 0.1188253955483253 0.0050538023652943855
49 441 0.16193352437477726 0 0 0.006100333529824717 0.008862326701574845 0.00997154572239527 0.0047524001206593666 0.006681852374826198 0.11538780051621741 0.002724236864314376
49 441 0.18661401376615716 0 0 0.007441475232724129 0.009813192346508081 0.012403820983878091 0.006155955922582532 0.007544405222024549 0.13530204322361306 0.003195983049047032
50 450 0.14235403589371454 0 0 0.00480710804735652 0.006136615926875154 0.00742447559439388 0.0033282445223483045 0.004399678706971765 0.1001547770601119 0.004231255516008776
50 450 0.09475337988323469 0 0 0.00353786808704114 0.003498126963185397 0.004024226275149712 0.0033023540781386123 0.0037775633612892705 0.07237023804052727 0.0021942342709888145
50 450 0.1584658214561944 0 0 0.006031815893665003 0.008538951687814676 0.009915146887864648 0.004564495833409557 0.006309671398665786 0.11094538742818481 0.0028381637999325654
50 450 0.1720062922007636 0 0 0.006771696883354688 0.009146911294015962 0.011682975016777784 0.005573929564894927 0.0067864215501682364 0.11999578065302442 0.0028698266864201328
51 459 0.12615281509688037 0 0 0.004341001157845293 0.005361722346752861 0.006496315534470595 0.0028800306485058406 0.0036531620296505027 0.0885250637047156 0.003729344561291759
51 459 0.09193573274245721 0 0 0.0034737672536958707 0.0033406858600859486 0.00379873101127133 0.003173039052145099 0.0033972667855427527 0.07142848010683923 0.0021926912708148815
51 459 0.14678385110388473 0 0 0.005630179804132809 0.007915273142132796 0.008988661935483661 0.004105051828919567 0.005398311814750604 0.1024226522352014 0.002662372597344078
52 468 0.12475899520255658 0 0 0.004547663935325837 0.005220318862450197 0.00636600904486847 0.0027844735677204483 0.003401353469217469 0.08420073296024297 0.0036524403104904435
52 468 0.08023351789475468 0 0 0.0028880149149096163 0.0029172956906104164 0.0032525242928705686 0.0026903037938144424 0.0028616469330781154 0.06187467399948382 0.0018853676942305008
51 459 0.15436168580188528 0 0 0.006006795302760035 0.008117962971626303 0.010046057012551875 0.004856290567262188 0.005600260053596478 0.10862104092335817 0.0026422107387274545
52 468 0.14549772826393031 0 0 0.00582258138520009 0.007514199651608017 0.008681367377936351 0.004022784376476553 0.005124760018866251 0.10359800981359155 0.002575696190577147
53 477 0.10942922825139098 0 0 0.003972432508627087 0.004654834601609408 0.005468350921654032 0.0023696716538243946 0.0027485651563665466 0.07237242844801435 0.003180578421740828
53 477 0.06747093997964498 0 0 0.002389906016239193 0.0024740374303341616 0.0027043177382011737 0.002160112235940865 0.002250356894518713 0.05185157496872512 0.0015868095268768167
52 468 0.1588999028525155 0 0 0.006056371561018366 0.00808684422725655 0.010066506225719432 0.004907213332503579 0.005580943438128904 0.11847737145333179 0.002746287358869192
53 477 0.136107781678318 0 0 0.005376557799045924 0.007000659379934015 0.008077962988045133 0.003627418092554549 0.004486986875509546 0.09680632605939261 0.002501303294871113
54 486 0.10816701864430144 0 0 0.00413057472799031 0.004497881692056052 0.005300846269804278 0.0022326759251693243 0.002640920670723796 0.0728017990930805 0.0031632670809946545
54 486 0.0722203739475685 0 0 0.002425464224703482 0.002616241120646525 0.0028925391039562225 0.0022165292186809966 0.0023428966046471792 0.059027773460322355 0.0017681984065455695
53 477 0.14433792965709394 0 0 0.005551865996500586 0.006956913757483528 0.009304623545579179 0.004378277586140107 0.004583970831131011 0.10701926358008837 0.0026331026440820546
54 486 0.14069218517431517 0 0 0.005493215911838979 0.007258941252415358 0.008877212406986794 0.003678864858529246 0.0044979170923321555 0.10161405406464138 0.0026136973900193873
55 495 0.09041233199696799 0 0 0.0033907200365361633 0.00368865522001387 0.004310063364945919 0.0017870523757900127 0.0021961508361419456 0.060935514937779114 0.0025120769876857446
55 495 0.06479249803444509 0 0 0.002113959100531319 0.002324014844050776 0.0025296121776049946 0.001934569617198761 0.002061050239999675 0.05213529791395706 0.0015177016927719602
54 486 0.12672407183679985 0 0 0.004996449513028649 0.005943856046440704 0.008399681361968083 0.00382452428315338 0.003797844606974285 0.09487144416100447 0.0022390038449895695
55 495 0.129302610239049 0 0 0.004808586183048138 0.0063725944620905755 0.008014111872503539 0.0032283894109583914 0.004060686339585694 0.09329215428664682 0.0023936238357540854
56 504 0.0852794008711433 0 0 0.0033009341997366484 0.003384823204589125 0.004007261658949979 0.0016443401420025267 0.0020356261467202566 0.05782418247302028 0.0023302615420544713
56 504 0.05156281980633713 0 0 0.001686663925726022 0.0018759674447726374 0.002026228610952126 0.0015195069499364798 0.0015262422403896825 0.04064710524099321 0.0011711949535496832
55 495 0.11056169390605679 0 0 0.004271915730149614 0.00498333325763671 0.007476348639116107 0.003240031961941754 0.0032138734552491716 0.0800501352612571 0.001916215604771772
56 504 0.13161081104034938 0 0 0.004817775295380222 0.006492593941601873 0.008926869927972857 0.0031302466787667084 0.003961774461063479 0.09277814930116941 0.002481977021530537
57 513 0.07934422704307115 0 0 0.0029657731736194974 0.003161007291044666 0.0036640387139532933 0.0014777327648806296 0.001872521828720277 0.05345896310371629 0.002183947017129064
57 513 0.04751829804088528 0 0 0.001481855168847242 0.0017543612149407484 0.0018231887394744009 0.00135645169376799 0.0013762431481415846 0.038293473939175655 0.0010359172252739283
56 504 0.10311177032277187 0 0 0.0038884316386886956 0.004583884252866145 0.0069842806870793195 0.0029418276409834882 0.002884603087748488 0.07674851000392759 0.0017867016707596884
57 513 0.11432142934556562 0 0 0.0041680329318118485 0.005481198307554796 0.0074598361741805945 0.0026314339382692916 0.0033215697317301503 0.07777290438364276 0.0021631759154023796
58 522 0.07027042189152018 0 0 0.002598201109447202 0.00266832329910222 0.0031618230205856554 0.0012321767777143697 0.001613626331657103 0.04765086100687172 0.0019291712013404703
58 522 0.04344939543802896 0 0 0.001304931716658972 0.0016210054851960476 0.0016217808133456313 0.0011536383904452519 0.0012622803782677738 0.03412614913071411 0.0009422010654481854
57 513 0.08742392773851895 0 0 0.003314842190201707 0.003869981841905234 0.0057326541956184635 0.0024294328989472977 0.002357322225615923 0.06180590806123426 0.0014816821047861682
58 522 0.10023441793447423 0 0 0.003581766773481682 0.004889888533711599 0.006521485331536421 0.0020982381383294513 0.0028725111552093206 0.06796968101011512 0.001855100378577612
59 531 0.061247921633826405 0 0 0.0022155482525429812 0.002322302478238362 0.00275998516345653 0.001038146040283622 0.0013422277119464851 0.04085304857076009 0.0016323668599138282
59 531 0.04037775585610941 0 0 0.0011958740067350801 0.0015046063473905498 0.0015399610071847266 0.0010127635141387917 0.0011365996181023695 0.03233855879387973 0.0008582922042538359
58 522 0.07593021619335558 0 0 0.0028138490751664345 0.003345386358649032 0.004977751878003035 0.0020108955883941606 0.002024828768309297 0.05316876175664914 0.0012405999080074054
59 531 0.08896337639893338 0 0 0.0030733318395127973 0.004285001923769513 0.0059472270079155565 0.001797347128817772 0.0024362693238162312 0.058412880808132776 0.0015952531385002731
60 540 0.05777266525709675 0 0 0.0021042049959901035 0.002171599511035441 0.0025854785341858956 0.000935171945553616 0.0012274137074524023 0.040125169111100166 0.001521158418562196
60 540 0.039967553304074345 0 0 0.0011800571906138986 0.001563506708690646 0.0015552452054614046 0.0009508964962780241 0.001093101616580887 0.031038617185328857 0.0008686316514504327
59 531 0.07534476775975203 0 0 0.0029060873815433506 0.0032779718989542086 0.004975348888241967 0.001874700947125108 0.0019414722199351444 0.05318976166969269 0.0012205919925586384
60 540 0.08938056317020533 0 0 0.00320767683515602 0.004330649145514392 0.0061592529291234765 0.001725902312356097 0.002399147551972313 0.06305295182963573 0.0015796808786038806
61 549 0.06978162639670961 0 0 0.0025065177696344284 0.002664144418062358 0.0032721163428675337 0.001112229598423736 0.0013877381130887926 0.051432622191502776 0.0018456670562532096
61 549 0.0383819963943138 0 0 0.0010910794685175134 0.001539980294718978 0.001437703566270922 0.0009078593293281019 0.0010289087086227087 0.031243115939802106 0.0007885796575585395
60 540 0.07946774199706638 0 0 0.0030859388271108033 0.0033148561186753032 0.005235136120379257 0.0019343943183733824 0.001968728288953276 0.057801056652441896 0.0013497062700657024
61 549 0.10500565873118803 0 0 0.003945666627692358 0.005212827970704352 0.00781207841064923 0.0019679907332070777 0.0026509617918674118 0.07409510869329443 0.0020620412121114353
62 558 0.0800933521039647 0 0 0.002924414637090219 0.003047791284049406 0.0037827488871379055 0.0012419485900978368 0.0015687644359824295 0.05925966215944703 0.0020795774565555715
62 558 0.038023120166677186 0 0 0.0010566876288553052 0.001556318738108471 0.0014469707646569084 0.0008924244751283553 0.0009675003558558301 0.03178839941793809 0.0007666955669109141
62 558 0.11390043825169507 0 0 0.004446287053352562 0.005650051297614771 0.008927732493525098 0.002111149896954273 0.002753611127157962 0.08108514511247257 0.0022932932854957213
61 549 0.07686832731783873 0 0 0.002958096368978166 0.003187709760299789 0.005000528843697395 0.001822482689352124 0.0018225654215428596 0.05548003880551744 0.001307045964227206
63 567 0.09173893669966901 0 0 0.0033348729847434916 0.0034521014595869128 0.004288903741813811 0.001423059609133329 0.0016443918892727282 0.07252034218335651 0.0023323691268129706
63 567 0.03870232726992993 0 0 0.0010921479573178386 0.0015900619351650095 0.0015465963944216643 0.0008757612906186831 0.0009582467839641083 0.032814984379555025 0.0007728703208697786
63 567 0.12307443628788096 0 0 0.00506831258770996 0.005999588432179659 0.009549132815493962 0.0023102534232853234 0.002850851531940625 0.08799811753909687 0.0024580716503411785
62 558 0.07669230006561904 0 0 0.0029795287491132124 0.0031170085556838133 0.005059111979873269 0.001745061733098382 0.001801600740588145 0.05688688720888483 0.001287447086303613
64 576 0.10349861191365434 0 0 0.003774079169574427 0.0038715167124399306 0.005162605415356882 0.001480145600147695 0.0018155806763636025 0.0832702441694608 0.0026864743397702847
64 576 0.03521399687920067 0 0 0.00099141964789223 0.0014343763864020128 0.0014426307764734865 0.000728750213297126 0.0008601603783489247 0.030389559870752113 0.0006865343217204902
64 576 0.11628258084663672 0 0 0.004859067297381878 0.005703292628090634 0.008969448878401258 0.002010130062581078 0.0026471207284327405 0.08021468669709253 0.002289728754724322
63 567 0.07199903653006048 0 0 0.0028259002641994034 0.0029526853426974837 0.004648988010744798 0.001589476528362062 0.001748303956897325 0.05234011653867118 0.001184857630723405
65 585 0.10331504318740073 0 0 0.0037410393961496567 0.0037631030922397565 0.005299830694353879 0.0013565837404269775 0.0018112091507791752 0.0836326004263899 0.0027168515766023255
65 585 0.03212087380023984 0 0 0.0008876024548116191 0.0013228011753702903 0.0013119335368074548 0.0006166860073445997 0.0007818550292852454 0.027432761507053892 0.0006158931812698796
65 585 0.10188988397704321 0 0 0.004253642439753857 0.004888101991760269 0.007576492253113792 0.0016330173952991823 0.0022896385892411416 0.0696377664567339 0.00196806293932592
64 576 0.07400417376890013 0 0 0.003024726671679821 0.003008126506836606 0.0054098823488435656 0.0014980341910313083 0.0017493329215705956 0.05450541708780277 0.0011538692309563396
66 594 0.10667463588348866 0 0 0.003800825491659096 0.003988158368521984 0.005171806927509134 0.001340060735345929 0.0018634503100516996 0.0909224016063214 0.0027094361968880774
66 594 0.03284235838127437 0 0 0.0009167705005891255 0.0013532563404810797 0.001229027612546844 0.0006167694404806719 0.0007831561442236057 0.027672710447446052 0.0006253556820509576
66 594 0.10253286395440286 0 0 0.004315280189590727 0.0045353656074541 0.007341184175973061 0.0015862766029073022 0.0022732923343645878 0.06810734593326438 0.0019197989566025703
65 585 0.07278273709883225 0 0 0.003034501617343761 0.00295621908209979 0.005563870748097119 0.00135166107227368 0.00166689415429922 0.053795555776046625 0.0011376787428025027
67 603 0.09866759263398917 0 0 0.0034903874796239423 0.003726070615044571 0.004623843773444626 0.0012308569969753458 0.0016425723695286025 0.08280126470287583 0.002535539609229944
67 603 0.09866759263398917 0 0 0.0034903874796239423 0.003726070615044571 0.004623843773444626 0.0012308569969753458 0.0016425723695286025 0.08280126470287583 0.002535539609229944
67 603 0.10439717320654635 0 0 0.004517836260363432 0.004557086491728132 0.00734693512347108 0.001618041230409204 0.0021421208769150657 0.06643824321701347 0.0019528406274314045
67 603 0.027665915110667717 0 0 0.0007609114235768583 0.0011559170487366755 0.001028730141136144 0.0005134697374451748 0.0006010626075160986 0.02351400000582008 0.0005249564654278456
67 603 0.10439717320654635 0 0 0.004517836260363432 0.004557086491728132 0.00734693512347108 0.001618041230409204 0.0021421208769150657 0.06643824321701347 0.0019528406274314045
67 603 0.027665915110667717 0 0 0.0007609114235768583 0.0011559170487366755 0.001028730141136144 0.0005134697374451748 0.0006010626075160986 0.02351400000582008 0.0005249564654278456
66 594 0.06990761039837844 0 0 0.002890570973892365 0.002818968187587699 0.005148324484704625 0.001267862722978528 0.0015863479825776294 0.04859549503578143 0.0010943249531446477
67 603 0.06382716079584287 0 0 0.002651394636540076 0.0025617046280952 0.004601425134933336 0.0011146210794036131 0.0014036475016452415 0.04635022589743087 0.0009805883698865766
67 603 0.06382716079584287 0 0 0.002651394636540076 0.0025617046280952 0.004601425134933336 0.0011146210794036131 0.0014036475016452415 0.04635022589743087 0.0009805883698865766
