% # columns="iteration, evaluation, void, void, void, xmean", seed=2567, Fri Aug 28 18:31:03 2026, <python>{}</python> # scaling_of_variables: 1, typical_x: 0
 0 0 0.33760345579708956 0.03753741228603274 0.12931224655024384 -0.1632939488814534 -0.0818182045581331 0.1410283032001349 0.05750402245208554
1 9 0 0 0 0.3444071725651037 0.06329667037589692 0.1454576547504947 0.003100245227521304 -0.00944731874308887 -0.26875062739105227 0.05602338605407094
2 18 0 0 0 0.3604584030203212 0.05207568843898592 0.0955595372737388 -0.4654765648602603 -0.02598538697787185 -0.03080800221604141 0.05868094276441152
2 18 0 0 0 0.42481618440093866 -0.015067174643608329 0.15866034288025113 0.27835109069415176 -0.023655493769852237 0.1962181516165447 0.04899816670849783
2 18 0 0 0 0.5134960889537967 0.0735781791394665 0.12697529851296302 -0.40732266787879184 -0.16138614777633004 0.5756203447539215 0.060142675798774727
2 18 0 0 0 0.32220330154838417 0.059533086992469925 0.1586583274981997 0.27835109069415215 -0.023655493769852237 0.19621815161654144 0.04899816670849785
3 27 0 0 0 0.4040209173531367 -0.027916943014317776 0.18398263150304828 0.5102955961487768 -0.13070129696300345 -0.40628194701607556 0.055341808321356656
3 27 0 0 0 0.527153871857724 0.10083511281842623 0.1722555445830536 -0.47416482164580415 -0.3177107464247913 0.29404638814512013 0.05946178608662914
3 27 0 0 0 0.3567040745777349 0.04493073691265433 0.13568477891760433 -0.5258227733734079 -0.18190727570848128 -0.08186069095759528 0.05785521126464291
3 27 0 0 0 0.31193212766991374 0.048888061824953824 0.18977108165999595 0.4518008059883014 0.014850418806471385 0.8464806054674863 0.038913809511606876
4 36 0 0 0 0.5408169184670073 0.12902407734506088 0.17669445098747902 -0.6027289868613154 -0.44570297297671674 -0.3084379304149672 0.07136329768940691
4 36 0 0 0 0.3485200609265606 0.0565153479980748 0.12916141315050086 -0.4852725132631389 -0.13252244745994549 -0.4868817591728548 0.05945980613583965
4 36 0 0 0 0.35431226515181774 0.02709505283710455 0.15233590953718604 0.5268412385864679 0.10231131731852981 1.0764917915162069 0.02573102422705455
4 36 0 0 0 0.42712822386520927 -0.04394094965904955 0.1723010062559558 0.384289999184833 -0.09512709492627863 -0.48075750872659423 0.044638965328289947
5 45 0 0 0 0.5040095950601076 0.16411006972836062 0.16883030236402688 -0.5366654014514228 -0.4165576690859588 -0.8827634382296785 0.08000135371329227
5 45 0 0 0 0.3424506823724679 0.03064945909740961 0.1159974986452279 -0.49552026763355744 -0.22355333086631235 -0.17252161427069101 0.0632307916416903
5 45 0 0 0 0.3299445373749422 0.04318840318717118 0.17029571399529422 0.6762371548601738 0.09850652833569946 1.208101194126413 0.030471029013394692
5 45 0 0 0 0.4120532744701336 -0.04601130948232632 0.16970168831981322 0.5192540705209824 -0.15828174801431377 -0.7740040649131854 0.0292570346528716
6 54 0 0 0 0.33185358342599824 0.03125001507212532 0.09243698159981813 -0.5879586520928065 -0.25435039203217386 -0.32455423409574197 0.06977743954687193
6 54 0 0 0 0.3998794026722183 -0.02979556196891177 0.11432423777771687 0.5222160314398875 -0.22987098954378463 -1.2467949015541786 0.025663156542074364
6 54 0 0 0 0.3823054214745787 0.044378509555425154 0.13873663785549373 0.5794157908341576 0.09365057754892912 1.1838026207271115 0.04490920237410915
6 54 0 0 0 0.49018466036625935 0.1872015571712989 0.20568238883415269 -0.587184600542045 -0.3362418023048455 -0.4029044269995172 0.06690920756052277
7 63 0 0 0 0.3400494835894512 0.012176863812405347 0.07524578035540347 -0.5630350884313153 -0.23005768056529735 -0.1701807167062716 0.06626175848850381
7 63 0 0 0 0.5348013572764481 0.16106523541609916 0.32401274140475067 -0.5355762207896201 -0.42017842271752043 -0.283352296839724 0.06884051692670853
7 63 0 0 0 0.39850420264574093 0.030766224286476202 0.17770884351972596 0.5087187773633259 0.06679890795970651 1.4341653090052728 0.06428089188440786
7 63 0 0 0 0.4248566579357285 -0.054319242722621106 0.1511738381934337 0.5645342226297864 -0.2192056699254935 -1.534077706554836 0.02121693105426029
8 72 0 0 0 0.33516598618412236 -0.0017307160618008819 0.08995151020553194 -0.5322147711129129 -0.32679506157484317 -0.061234326891254326 0.07186182714778883
8 72 0 0 0 0.42418039365269455 -0.0004336080512816458 0.21369469797237828 0.5487926090363303 0.12894746533433254 2.05900268752997 0.0630940177579081
8 72 0 0 0 0.5489020077445166 0.15150245116933067 0.35984263755399787 -0.5199648507115292 -0.38248012504285656 -0.06879711324669244 0.06324835317438629
8 72 0 0 0 0.41252371009363453 -0.06746395744498203 0.1335901855154637 0.5469952276677217 -0.12093609298863045 -1.2452758439775742 0.016019570088910258
9 81 0 0 0 0.34123895945521293 0.020901173260645854 0.10738941210105708 -0.5783851208689706 -0.3439774376284844 0.20970911792898214 0.0906106619378423
9 81 0 0 0 0.5318161236049715 0.17004433678223838 0.28705250106165675 -0.5607390565434742 -0.2758597693071498 -1.110409929063525 0.038437876252705776
9 81 0 0 0 0.4273059333718609 -0.0520205787885254 0.13588267815654587 0.5621446558352875 -0.2527875586710697 -1.043094884755765 0.019191756595164488
9 81 0 0 0 0.38718713885643286 0.01357966078982605 0.22699137423741597 0.5872018713389625 0.2149429550656391 1.3175366491207345 0.0562256749703103
10 90 0 0 0 0.31818001735213786 0.001419451512513983 0.1012222822612545 -0.5210459995865772 -0.3479494540863817 0.3965037752515455 0.08687542282950579
10 90 0 0 0 0.4298559755606917 -0.046483735790917385 0.13218666285714525 0.5994085188933793 -0.2977101426852985 -0.7807123919677837 0.02318458775345888
10 90 0 0 0 0.5762855537556801 0.17085431201581847 0.3226787062689882 -0.51648336057762 -0.3232720158521632 -1.4633646458805694 0.03879391439802663
10 90 0 0 0 0.40579283173509023 0.015297802816884672 0.2020542502014714 0.5073653330711108 0.29203848234984653 1.1540376914996109 0.055043274890545814
11 99 0 0 0 0.31599994429125217 0.017561949444151157 0.10783469426962224 -0.5864244850433732 -0.3349031557150586 0.32494998763875155 0.08976497465292782
11 99 0 0 0 0.60944088171169 0.1618370372782091 0.34439668504915677 -0.5799788353502353 -0.47461130631658965 -1.307717524165804 0.029400876080131453
11 99 0 0 0 0.4250702828780421 -0.05013277157932823 0.12430488973191485 0.5911083611223318 -0.36162474874062883 -0.6260250525194224 0.03517345400046992
11 99 0 0 0 0.42816948260791154 0.046484214830942894 0.17462620075038343 0.5384480262114952 0.37020038877893596 1.5262290224909043 0.07494648617741914
12 108 0 0 0 0.3010297205932568 0.013071768737806123 0.08653319355077167 -0.5573226753724316 -0.3737171414238218 0.6205237749898836 0.09259062803753312
12 108 0 0 0 0.43251148325914407 -0.060622344576708495 0.14239483330846944 0.4985399274462677 -0.44539246733654514 -0.9604023868145939 0.0248456799025269
12 108 0 0 0 0.6157722696544433 0.10359464806099183 0.2290452929408656 -0.5069921478543252 -0.3412993543845226 -0.6675983911240179 0.010543139834904675
12 108 0 0 0 0.38259229490843494 0.02452846156821419 0.15818345688982144 0.60072165479546 0.37961061762839454 0.9430176502176414 0.06652932715600375
13 117 0 0 0 0.29606523664787926 0.023903536348152895 0.09093127321822578 -0.586862310689531 -0.38992788355491265 0.661258624030612 0.0870147293431583
13 117 0 0 0 0.4279715371017005 -0.05845294837520225 0.13085523763259238 0.5233676980393452 -0.30335162900018026 -0.46959020381716843 0.04061739558312316
13 117 0 0 0 0.638630458058523 0.10856556828084361 0.2705480986937291 -0.5763580017996565 -0.3558202044785858 -0.6374350425906716 0.02161080432298994
13 117 0 0 0 0.4116691290320901 0.02971557511838653 0.13755464538692977 0.516997083577998 0.3472947188833265 1.1008234300776738 0.06814378594087048
14 126 0 0 0 0.30271203500925453 0.02943612892704694 0.10181858932333829 -0.5909673879368716 -0.35500958962540724 0.5367479838995671 0.08424863705533125
14 126 0 0 0 0.41426518673884455 -0.04487824195852082 0.17476872968286192 0.5624248497639427 -0.38120106963454764 -0.25905403864057774 0.050698919300385115
14 126 0 0 0 0.41126005108150054 0.026906602875519957 0.18217620976266022 0.49802634815591723 0.406052635454498 1.845829299067998 0.05489131972199745
14 126 0 0 0 0.6018575939750879 0.09778983314915767 0.2955776252057023 -0.6886242104589125 -0.3980462453174873 -0.3644620822860697 0.011081616218942046
15 135 0 0 0 0.31215303509956854 0.027294916418504366 0.10669269415416373 -0.5552635678129167 -0.36604922318077165 0.6932906773770037 0.08505530894588634
15 135 0 0 0 0.4296121906533607 -0.026775759900273362 0.16058184816015353 0.6050445202371415 -0.38876434605058324 -0.2550332483989958 0.05610364389180685
15 135 0 0 0 0.400835699980846 -0.0016939521233262785 0.15587755472714393 0.5525979895973271 0.3102397297318958 1.2677411675013144 0.06306260563721414
15 135 0 0 0 0.5844868796825793 0.11385562768601706 0.2707555557477934 -0.6293526167925717 -0.320227728186185 -0.5216360901151849 0.029487455057809038
16 144 0 0 0 0.30100649546271513 0.028364930695270477 0.10800987939431207 -0.5572537556883893 -0.37516344954968966 0.6996378010672908 0.07890472496923688
16 144 0 0 0 0.42956204540505516 -0.015791730407684675 0.133352199457139 0.5911514700148452 -0.3566756031163362 -0.22162864573552457 0.051666560153290804
16 144 0 0 0 0.4085813441282452 0.0039213057356953076 0.1248839218565572 0.5614806493216399 0.36008568824292936 1.2010872254312825 0.056647023634685385
16 144 0 0 0 0.559814856264656 0.13942039012385635 0.22466290359615404 -0.5403582926270922 -0.37100079479746706 -0.8013043974324512 0.039080273557942295
17 153 0 0 0 0.44671748760620894 -0.034819723542094935 0.15385770297426665 0.5602273523933357 -0.35411910938201613 -0.2678417298685403 0.04405810218078491
17 153 0 0 0 0.2967558543552343 0.030925082463370265 0.09568138086505387 -0.5549058715018562 -0.3664401261616142 0.983094035753056 0.08117434445947352
17 153 0 0 0 0.40860618720493563 0.02159499774832962 0.13891064670798514 0.5657544860790922 0.3525192918269684 0.9380233024657566 0.05209310954725756
17 153 0 0 0 0.5506248927346995 0.13938111287586658 0.24380787531008455 -0.5394822532739036 -0.31177903326467876 -0.6884925939274643 0.047655779725628164
18 162 0 0 0 0.44887215198110114 -0.037622896051731525 0.14213337704043358 0.522370447903111 -0.39328248366761853 -0.3562144690494187 0.05143105158877049
18 162 0 0 0 0.30414706038949313 0.02554126205292203 0.08579426459227879 -0.5440904643215632 -0.3683302223721022 0.8479013783152596 0.07908858221837775
18 162 0 0 0 0.4046896387870589 0.0067150806321937895 0.16122447503840134 0.5226446629617135 0.3901960023794356 0.9659315993208146 0.05620108947736337
18 162 0 0 0 0.5558874308737675 0.11191887645026982 0.238237585812771 -0.4994100506082723 -0.30864465023078486 -0.29847129460011984 0.047607637039978896
19 171 0 0 0 0.4387476786880678 -0.03142125434980992 0.1265303875781943 0.5610288171520798 -0.3882234066116565 -0.5087887855225867 0.05082184217416718
19 171 0 0 0 0.30527593939586567 0.034523207984985343 0.10303720741867194 -0.5576523904361536 -0.376981883583844 0.8204672030749853 0.07580634391255808
19 171 0 0 0 0.39783689703912894 0.013524122780589495 0.16842258876789767 0.5571714606116644 0.4087258389576882 0.5345006172088628 0.05615382378239352
19 171 0 0 0 0.5650366951161584 0.12129297362388711 0.24174558443003785 -0.504072251118462 -0.3456493699611352 -0.5699135600229334 0.044442299964134103
20 180 0 0 0 0.4426716183364932 -0.026835170966407314 0.12186101907808702 0.5330883924430854 -0.33950834242298733 -0.6274483785891574 0.0424784758874915
20 180 0 0 0 0.3008939831831964 0.027342411252682938 0.10780889126400531 -0.5597512723564575 -0.3730251151154344 0.9162622963388029 0.06928408104866923
20 180 0 0 0 0.3758614363266619 -0.00030269143426254417 0.20214248839141558 0.5662252467116407 0.36700609427311043 0.6149147946662036 0.061041370580508486
20 180 0 0 0 0.5859254010027022 0.11966702268619651 0.2381077094047664 -0.5205943190047125 -0.3444886592449285 -0.6372909553820006 0.040615219126803666
21 189 0 0 0 0.4423400457266453 -0.022097236963184802 0.13474626983162347 0.5487734641254988 -0.3593242414550134 -0.921938703130245 0.04590539520289988
21 189 0 0 0 0.30723743244602575 0.03313785219696585 0.11669365383525718 -0.5665114797555837 -0.3618543447680764 0.842876800221295 0.0713929173077419
21 189 0 0 0 0.3812482092567869 -0.01644831899324867 0.21351980183552677 0.5495417792149815 0.39139953500911623 0.60514822042652 0.057815156356280636
21 189 0 0 0 0.6046365445408328 0.10215417407550939 0.21736497549808945 -0.5443739761751499 -0.39049147889454894 -0.6541371753980917 0.04274187312109754
22 198 0 0 0 0.43719748957405624 -0.02816835072936845 0.10550098308441735 0.5532830366799195 -0.3667024309446738 -0.8666975593365597 0.048457014846065946
22 198 0 0 0 0.30474167241219663 0.03214762326561153 0.10613187818307997 -0.5530170225882719 -0.37405151821286664 0.8531113602876234 0.06545527443380905
22 198 0 0 0 0.37412844881207996 -0.024109296376054475 0.17030582021859297 0.554542487508405 0.3666928303241234 0.5655189974847031 0.05606568160950402
22 198 0 0 0 0.592302884151993 0.12117897336529986 0.21254195133958287 -0.5344733396348738 -0.40822418918195874 -0.36695668741932735 0.05279364365731544
23 207 0 0 0 0.43123742406214577 -0.043403068136261234 0.11180584016185588 0.5561984879431534 -0.371752673121681 -0.585494322996592 0.053878430684866044
23 207 0 0 0 0.37572041523796074 -0.021265281892028486 0.1886602760919363 0.5578960651207302 0.3619042709076894 0.501751205085779 0.060213673594926936
23 207 0 0 0 0.3069821038156266 0.03605416567483377 0.11127034667662497 -0.5432670543350955 -0.3718357709739441 0.7852805399507075 0.0690352455853043
23 207 0 0 0 0.5928439800193246 0.1194063889708014 0.19198911602922744 -0.5574102210200637 -0.39950606556747714 -0.41969550925614474 0.05041165016681481
24 216 0 0 0 0.43520109154237907 -0.03215697626447888 0.10754128689110097 0.5538540354398531 -0.35264831257304613 -0.5436342489278313 0.04908397204390007
24 216 0 0 0 0.37353809680292954 -0.014687342825884304 0.15138680185630898 0.5480517113688718 0.3620276226325504 0.3183906793720859 0.05402751702793765
24 216 0 0 0 0.3014717395481153 0.04002938168720246 0.11068209250700284 -0.5452955295830529 -0.3680757115046328 0.790220960511754 0.06414298162954944
24 216 0 0 0 0.5892904038105231 0.10959181634268268 0.16761614595426225 -0.555721034499786 -0.37464929138287034 -0.4865677397660966 0.045069993088623854
25 225 0 0 0 0.44270486903090633 -0.021102906140672097 0.09108231878433311 0.5648273579559796 -0.3456342330185879 -0.2605204884510496 0.0508218825341134
25 225 0 0 0 0.36275500277890627 -0.01554066068128193 0.11817483382541433 0.530563149135799 0.37280757137756365 0.14113793121632903 0.05482348893075251
25 225 0 0 0 0.30560422536358706 0.030983240842135513 0.09931115220216184 -0.553122297345318 -0.36620391403375274 0.7483855998879927 0.06457620963228256
25 225 0 0 0 0.5731207277388183 0.10210548828376513 0.15120083502040885 -0.5411261620076334 -0.37321742987313933 -0.5119506508898657 0.04297840265348664
26 234 0 0 0 0.4477807798051722 -0.027311351149472512 0.10167983778495492 0.5371303425679461 -0.35348373200266003 -0.43524179163168203 0.048045903519327235
26 234 0 0 0 0.3042852438292444 0.02076506941515907 0.10048621043567081 -0.5549611320446508 -0.3684854473079254 0.7826712570324179 0.06397882833331071
26 234 0 0 0 0.37125103617842986 -0.027398760402096968 0.1380727760243106 0.5404585710014843 0.35719266281307477 0.4191325541028153 0.056785977885512484
26 234 0 0 0 0.5690949781394288 0.09717157327733078 0.13573174829680013 -0.5382533343026774 -0.340370131082389 -0.4710103440058981 0.03758998512685045
27 243 0 0 0 0.43788032641208097 -0.03115069290897601 0.10508050207355885 0.5474269941523969 -0.3628262214425735 -0.3607036492072995 0.0464382680314567
27 243 0 0 0 0.30516134027032166 0.018075582870170404 0.0975490345010771 -0.5538811072625818 -0.3709219595600759 0.7550179959093092 0.060177358384192116
27 243 0 0 0 0.37184267773643787 -0.023496609048621442 0.1569220680730423 0.5573184288438335 0.3525903080748782 0.4323987953896263 0.06285910122153487
27 243 0 0 0 0.5770178440323844 0.08688631042279993 0.13198158392404527 -0.5444962451287632 -0.3526107474605419 -0.5667983631903728 0.037367975459086454
28 252 0 0 0 0.4370075041895696 -0.03232077596773593 0.10212813767249862 0.546274475743933 -0.36117376606869084 -0.36715371529165713 0.03960541584792286
28 252 0 0 0 0.31054383772096583 0.02389655930586579 0.10185788619748354 -0.5521441663257711 -0.3634290610598619 0.6111306234579764 0.06438712884179262
28 252 0 0 0 0.38666426514650476 -0.023410517043975454 0.17690796767195918 0.5616405329853316 0.3670878744769272 0.5534883639420487 0.06439513518802914
28 252 0 0 0 0.5832188160240408 0.06861615738510392 0.1348393596112997 -0.5407204439407686 -0.37223071469768165 -0.6037213291843542 0.03378122117824436
29 261 0 0 0 0.44513380739660263 -0.02260147003343278 0.09346543647885577 0.5492894881775678 -0.3703969488639172 -0.3780341225445849 0.03867663937758068
29 261 0 0 0 0.30571791072069227 0.03291903107701589 0.10841413593855068 -0.5529481840040824 -0.3651488457399029 0.5724975834019763 0.064844891183685
29 261 0 0 0 0.39241351354623066 -0.013684913496536341 0.15214305173880197 0.5600859315530283 0.3644777217405711 0.5387321519587908 0.06493114695163647
29 261 0 0 0 0.5963041384857323 0.058423021149511194 0.1305402216505602 -0.5513851075604258 -0.37406509611266103 -0.5812296023255691 0.037490658059419306
30 270 0 0 0 0.300766177468166 0.028795536784060227 0.10173929148635384 -0.5562697898563801 -0.3672583945808137 0.5208502388178997 0.06933276982432257
30 270 0 0 0 0.44725832931263404 -0.03434289671666378 0.10147122238279284 0.5489502583987473 -0.36595147963029895 -0.3491328174838075 0.03600166147121908
30 270 0 0 0 0.3896113353103753 -0.008066170101489575 0.14209487099302023 0.5671927316673073 0.3611968675430909 0.6380611543662721 0.06917409182880449
30 270 0 0 0 0.5978078411035951 0.0474592121267763 0.11474192646671824 -0.5616989882786123 -0.370941655433641 -0.7846445804568766 0.039800426263148676
31 279 0 0 0 0.29245175562931014 0.035411717520955566 0.09925667163119008 -0.549724986981206 -0.3594827706966133 0.6065506231569211 0.07230913072729449
31 279 0 0 0 0.4497486204277451 -0.03699112467876256 0.10840206231703825 0.5602182621522933 -0.38136026872331463 -0.09891636600718072 0.03160107057892779
31 279 0 0 0 0.38058848656362687 -0.02388085619115146 0.1379831991855477 0.5446614112058382 0.3649580831251862 0.5083257303542642 0.06539795613437893
31 279 0 0 0 0.5882567576875268 0.04390342874525096 0.1205686859145687 -0.5714867573647315 -0.35263557228669506 -0.5387955252444248 0.04257153646935688
32 288 0 0 0 0.2956088950234189 0.03435057785471512 0.11412750597439038 -0.5491016421701862 -0.35827331480063496 0.5738153351149873 0.07400640348615366
32 288 0 0 0 0.4493086731183746 -0.02730150077746941 0.10797222317026306 0.5548063740566042 -0.3627800963683845 -0.1221619326462678 0.03249444534218598
32 288 0 0 0 0.3707946760864543 -0.0314313598195934 0.12443939968974353 0.5592396296552071 0.3649356539870214 0.4165315155822411 0.06469862826863107
32 288 0 0 0 0.5929009618031258 0.025350308914047024 0.12328886270617317 -0.5405901847709734 -0.36441584909611363 -0.5841253565789538 0.037926199516246255
33 297 0 0 0 0.2929361041682435 0.0431756086876253 0.1187191301331718 -0.5477339406317374 -0.3542273738946889 0.45808590872989724 0.07679442718470464
33 297 0 0 0 0.4555031399483246 -0.03127347890652622 0.10371997722910174 0.5517810412635983 -0.3635102483179152 0.09381212992904808 0.029398406174118197
33 297 0 0 0 0.3652294045287539 -0.050115937879699736 0.13778096954562277 0.5552021467997682 0.3663971430878557 0.5584903350845271 0.06463632931648651
33 297 0 0 0 0.5905436859799832 0.050465813414360204 0.14036399875681166 -0.5506259096052392 -0.3553863372619107 -0.7147074073388262 0.03428974634626615
34 306 0 0 0 0.28799975416194235 0.04436702204017485 0.11386768988410355 -0.5453899132469813 -0.3564538892896928 0.4702568855091904 0.07806096415083243
34 306 0 0 0 0.4578110567409477 -0.030308567937725763 0.10328131809952397 0.5499820678318759 -0.3716025185380048 0.05235514898188497 0.030818014722755194
34 306 0 0 0 0.3631570942068349 -0.05221169999731038 0.12709076632459118 0.55331224705248 0.3607221237614249 0.4756733419905342 0.06542872426999602
34 306 0 0 0 0.5853004814587711 0.05531114355443624 0.1353950965830896 -0.5533028025037684 -0.3569156253755302 -0.5872208039256518 0.0356740793041673
35 315 0 0 0 0.2868481980573672 0.031130035859669336 0.11211459277469209 -0.5511158937987704 -0.36215379661408803 0.5607938053016376 0.0719142552173458
35 315 0 0 0 0.45440054977667454 -0.040763507531778244 0.11253321088270618 0.5521071115135767 -0.3654787179416261 -0.07647394729300833 0.029232908610231347
35 315 0 0 0 0.3664893041668427 -0.056930207098182396 0.1475849691801381 0.5484334818975478 0.36721024710062766 0.6161766792064778 0.0673490283146208
35 315 0 0 0 0.585787279054294 0.032213745243877254 0.1332661458995328 -0.5547871936282232 -0.37083316337236844 -0.6796597614597504 0.03179757573193002
36 324 0 0 0 0.2897136430478642 0.032603539492753804 0.11532638649155726 -0.5535286085372478 -0.3573873459259468 0.7596843293297146 0.07519967845477271
36 324 0 0 0 0.45118030692112365 -0.04014078164336539 0.11775938903242894 0.5613296040150488 -0.3730945892615531 -0.06400704930069451 0.024517650188942506
36 324 0 0 0 0.5808316561584402 0.03511065478688965 0.15233852819048202 -0.5525141082771174 -0.355687658492514 -0.9220415198526019 0.03527992477481473
36 324 0 0 0 0.3731353157104048 -0.052590829903966275 0.14825603980059676 0.56012809071241 0.3717651849439525 0.5514578135991306 0.07013889171604289
37 333 0 0 0 0.28743166042017376 0.04285094112912659 0.12442744936780373 -0.5523446750431752 -0.3614290691395519 0.7142697157073002 0.07989035490737871
37 333 0 0 0 0.4522706619395847 -0.03593561704673615 0.11788978695161031 0.5595723102419395 -0.36774965156486383 0.02288490931967292 0.02832471195979112
37 333 0 0 0 0.5767699677615993 0.054811906044724135 0.16222002708807587 -0.5492851137387863 -0.35375484951814334 -0.9099740080025918 0.03532701423704855
37 333 0 0 0 0.38506050691263444 -0.0618956707245074 0.15606198750576522 0.5564786783361056 0.36288951326048513 0.6129179905965717 0.07058265545971575
38 342 0 0 0 0.28864189912138477 0.046269893314641 0.13910665294583144 -0.5530329794513611 -0.3640843100620208 0.6602673930629595 0.08023976795696158
38 342 0 0 0 0.4525580351906822 -0.034668993727360216 0.11295518098680396 0.5537011793129559 -0.3686167352287139 0.029345333832818742 0.031106228981699003
38 342 0 0 0 0.5833150711393144 0.04808672936409144 0.15781769768982246 -0.5469866450197417 -0.35975795082866974 -0.7183965179589629 0.034610565192291345
38 342 0 0 0 0.37819160835616816 -0.06961284468271099 0.1553839773988651 0.5544366108968845 0.3576391266644597 0.5465187387352425 0.06869235210420768
39 351 0 0 0 0.2904091489872957 0.04006722353422921 0.14041024582657038 -0.5559078643775798 -0.361907473750545 0.7096180750273403 0.07700040693880782
39 351 0 0 0 0.45431335170976705 -0.0322272181144858 0.11239867013492548 0.5525201054613602 -0.3706023473180875 0.06597857977071526 0.028319462408092702
39 351 0 0 0 0.5828781994175737 0.03914512627433591 0.14911484379201131 -0.5442390706919225 -0.3636251839378495 -0.7980673410564821 0.032251202821396235
39 351 0 0 0 0.3858575417679295 -0.06287924016213337 0.15156634036020306 0.5541960976252018 0.36649246919098544 0.5850223301994133 0.07161723192976167
40 360 0 0 0 0.2843374082344071 0.03776481284716369 0.13080333193910873 -0.5567196177315171 -0.36057116748139967 0.7505725520040065 0.08204148451739159
40 360 0 0 0 0.4540900350850582 -0.027551841045676487 0.10741161095099992 0.5535771706194341 -0.3706939247872809 -0.05227043577658963 0.030190593431099807
40 360 0 0 0 0.5716975670390613 0.04666510321965064 0.14232351695304027 -0.5437970854066327 -0.3698825502375637 -0.5533193214931218 0.036903898215588926
40 360 0 0 0 0.3747050977283108 -0.06573700892893578 0.13809758617162038 0.5539902804661578 0.36445992417772577 0.6727377839033133 0.07226556499157984
41 369 0 0 0 0.2859420878098504 0.043490075524826165 0.1333637515080455 -0.5542867926702438 -0.3614759043678942 0.804308898591663 0.07658439959006717
41 369 0 0 0 0.4529070522727782 -0.02625870725673446 0.1061601308097715 0.554783112667693 -0.367605247428547 0.04395828514485112 0.03043033507646728
41 369 0 0 0 0.5677121406672501 0.05342750845536261 0.14910018269932115 -0.5528093261810535 -0.36489845840964136 -0.678437624701466 0.037388951482532774
41 369 0 0 0 0.3887289438464457 -0.07310713797815581 0.14729364371638837 0.5522441324059875 0.3634978030206631 0.7904974527919094 0.07278493737609736
42 378 0 0 0 0.2837520655736272 0.043459937811206086 0.1310186655669355 -0.5561054868284973 -0.362650968150979 0.8378686804673375 0.07502484320604083
42 378 0 0 0 0.4545027252537655 -0.024992493831087863 0.10514776179906449 0.5554324087387884 -0.364638384133597 0.025794346907141868 0.030296953204339946
42 378 0 0 0 0.5654678429225137 0.04926423584565349 0.14285173002608742 -0.5509642285214958 -0.3647433837140074 -0.708122044029872 0.03683678009403333
42 378 0 0 0 0.3903154614293899 -0.0739811602862688 0.14877615115252854 0.5520790794060784 0.36323845940286104 0.874541656246445 0.07552600041542223
43 387 0 0 0 0.28432269531390064 0.041102177007536725 0.12482376340730192 -0.5529538013369287 -0.35877361468542607 1.0169835610008557 0.07320697975768606
43 387 0 0 0 0.45776762161115947 -0.0192722531808962 0.1041790216016569 0.5549717395169863 -0.3681125621042185 0.10356811349313595 0.02860737487750179
43 387 0 0 0 0.5665805343354108 0.04989969934697245 0.13869273376829605 -0.5488157479895909 -0.35873367720375543 -0.5493125534422213 0.034687049967363714
43 387 0 0 0 0.3856958029405631 -0.07810238308300571 0.15470228576872275 0.5466236574432412 0.36891370131255163 0.8943628708696011 0.07575251264350236
44 396 0 0 0 0.28457064695293793 0.0364618284672481 0.1263956516746656 -0.5554807624950928 -0.36158371274069173 1.0299168835271024 0.06834413837142636
44 396 0 0 0 0.4596524907459265 -0.02267257276166013 0.107433733579797 0.551785762394733 -0.3667407737680524 0.06747109130208354 0.026663086265204545
44 396 0 0 0 0.5689051877954351 0.038139200253957804 0.13798717688099602 -0.54814843238938 -0.3641330415469976 -0.5983134380663665 0.033496849499364975
44 396 0 0 0 0.3800494608667938 -0.07710692520524322 0.15458501404811853 0.5530822869363156 0.36425055455196287 0.8751278112447791 0.07248558941134879
45 405 0 0 0 0.28925369715444943 0.04178148151785046 0.12187330059884233 -0.5524411010834686 -0.3636154033809898 0.971168798664502 0.07151304117638603
45 405 0 0 0 0.45527871572364265 -0.02635797025796693 0.10442921070900704 0.5518579654542728 -0.364800453521759 0.05300289854959353 0.026275841312036904
45 405 0 0 0 0.566821482127086 0.04408446058071052 0.1283084085143608 -0.5540472697301065 -0.36581186792897086 -0.5943270731573198 0.0330706327226249
45 405 0 0 0 0.3759699530135811 -0.08970865519985503 0.1502231956138944 0.5499627027799353 0.3607725117488559 0.9263797505244586 0.07346028505778752
46 414 0 0 0 0.2933111134495924 0.03909813995771278 0.11952029674059167 -0.5528346150934249 -0.3650165955736764 1.0447715049627515 0.06968537529769828
46 414 0 0 0 0.45934433534815977 -0.02458941642318023 0.10473037731951347 0.5514883352395321 -0.3638899690897238 0.08725374003718298 0.027415434451489838
46 414 0 0 0 0.5737909631042732 0.03864278129118525 0.12918067498208044 -0.5522627283342088 -0.3627142327539105 -0.5852511690238489 0.034732448203215895
46 414 0 0 0 0.37623170098330505 -0.07760719511306473 0.1360007108202217 0.5507394961824148 0.3656230899549604 0.9212118806422153 0.07127346058896682
47 423 0 0 0 0.4615336511262065 -0.026665445979721522 0.10349395225932831 0.5523659378881874 -0.36460938115582303 0.08663076628837707 0.02643297383111353
47 423 0 0 0 0.2894123759627997 0.0348688326941648 0.11145988842684147 -0.5532939483859638 -0.36424493480335585 1.0619667822536907 0.06788502140617853
47 423 0 0 0 0.5712386618800485 0.03376784370253567 0.12325037539209291 -0.5537584170151282 -0.36359767721425207 -0.5241284095527234 0.03377721179322389
47 423 0 0 0 0.3792631422610703 -0.07655936841885336 0.12990845839511833 0.5502666514344247 0.36514950226977805 0.9914291090237672 0.0741402929107373
48 432 0 0 0 0.4645988210882485 -0.02482557058905556 0.10390603369076953 0.5540709326203456 -0.36287528012924825 0.16408318292477914 0.02560947679261008
48 432 0 0 0 0.288894610540399 0.03715401832098118 0.11716374980230607 -0.5531020650952715 -0.36384728544247086 0.9725848184328724 0.06238875831243406
48 432 0 0 0 0.5766897755530532 0.026511829660233084 0.1171402970099648 -0.5516696183577984 -0.36374875685807273 -0.4204125309498253 0.03463076315850507
48 432 0 0 0 0.38536057432613546 -0.075835524103391 0.12819970406701547 0.5537624495878278 0.3618104007898843 0.8828538177580917 0.07631921192783232
49 441 0 0 0 0.46430992133095084 -0.026696114184913224 0.10280256263143507 0.5536212729405454 -0.3624545600344789 0.1580809671010365 0.0249325453338241
49 441 0 0 0 0.2874907323242119 0.03912328300208246 0.11287490526250445 -0.553377913327874 -0.36380813998232236 0.8560142660853788 0.06951996727447571
49 441 0 0 0 0.5776924329153558 0.025684358373295916 0.11227090131723737 -0.5519546228830735 -0.36388613051353147 -0.41538799274636884 0.033013859553832244
49 441 0 0 0 0.3803820240965453 -0.08023547660736262 0.12742593846573938 0.5532146667738747 0.3586508666686877 0.9430139027393174 0.07673281687965013
50 450 0 0 0 0.287779271712261 0.033436714268732015 0.11208053025722323 -0.5517094440847062 -0.3625702968545622 0.9486220139018453 0.06991297748338102
50 450 0 0 0 0.4630013896351163 -0.02953927319219132 0.10529690888198628 0.5525022297178553 -0.3635585008204991 0.1453481927629669 0.022874162371240743
50 450 0 0 0 0.5798115491465483 0.022091870735673386 0.11094148097539686 -0.5532799724465477 -0.36350028934373385 -0.49180901509055 0.029881139686077748
50 450 0 0 0 0.3773114610611473 -0.07178723998178518 0.11867365636043135 0.5533499807420008 0.36308855775980625 0.9359023744633155 0.07381792635488173
51 459 0 0 0 0.2849239618044938 0.0399223348402756 0.11198128842985153 -0.5524433951789189 -0.36437709601371593 0.9014259772658482 0.07043941785851465
51 459 0 0 0 0.465352060013408 -0.027277369553775136 0.10593000278810309 0.552257598196056 -0.3655230301048335 0.20193718218781975 0.022094276260125834
51 459 0 0 0 0.5795304964926304 0.022151575895608004 0.11112233143966481 -0.5530522678497571 -0.36645314136713664 -0.5129091658607386 0.029087762951740995
52 468 0 0 0 0.27941026486724885 0.037920856130799985 0.11068642699614062 -0.5530113448327516 -0.36453007058344455 0.9059387232543374 0.06779093320384678
52 468 0 0 0 0.4642878478843353 -0.027951728619649296 0.10360236110098064 0.5529320041056612 -0.3652614790995313 0.19896721545371102 0.02444631371216932
51 459 0 0 0 0.37883802243953946 -0.07312166176011393 0.12075001438594644 0.5535182064157577 0.3654482528204498 1.0099048235574044 0.07598516023262768
52 468 0 0 0 0.5718702446838224 0.02856411440850499 0.11172188790679838 -0.5531677050913467 -0.3650420112868973 -0.5839983382570411 0.028774312646536283
53 477 0 0 0 0.2823607355973433 0.04166241264899317 0.11100301162026822 -0.5521301240412633 -0.364649241933408 0.898628639113301 0.06847452911456609
53 477 0 0 0 0.46359919618083834 -0.028181016868645405 0.10524283416594143 0.5530106540560198 -0.36438143273859797 0.20295283881986703 0.024247468864336024
52 468 0 0 0 0.37516902107678496 -0.07960792673075323 0.12319051465240517 0.5526319820846419 0.36495270609959085 1.1498260273150451 0.0777079608663147
53 477 0 0 0 0.575029065488078 0.027361302506557498 0.11303636158490815 -0.5532066840968449 -0.36420056116784233 -0.596402480482938 0.026911856958668955
54 486 0 0 0 0.28140685832286144 0.042100380258693865 0.11469675649770071 -0.5520995810375632 -0.36418075267290184 0.8360506442084044 0.06541079200832373
54 486 0 0 0 0.46186919681380184 -0.028081967624038907 0.1045171909790017 0.5519167258971505 -0.3638547580561339 0.2689790393908547 0.02586388772659722
53 477 0 0 0 0.3750455977198973 -0.07617109881428241 0.11541014772167246 0.5526768307962904 0.36389425557873023 1.0879226473890748 0.07741796183024426
54 486 0 0 0 0.5780371459472975 0.031080333037314212 0.12592199792040945 -0.5530485582674782 -0.36338551015185494 -0.6838351027488259 0.02646643635478238
55 495 0 0 0 0.28369008559042863 0.03898844206109039 0.11157832229562611 -0.5532078786323295 -0.36332948177397156 0.8919389369055588 0.06745234189211052
55 495 0 0 0 0.46162229701712254 -0.028643509773852664 0.1039147116922292 0.5531161446313484 -0.3647608775167406 0.233143245016635 0.025525723059049363
54 486 0 0 0 0.3786579688498787 -0.08062877820956536 0.12324673192483833 0.5541186817395675 0.36439176263640777 1.110012324045072 0.07758305732605494
55 495 0 0 0 0.5781347638440327 0.029785658270263218 0.12033336506406062 -0.5522092027774432 -0.3651533391732358 -0.6797141032866649 0.025800573792924685
56 504 0 0 0 0.2800293466545737 0.039972809741668315 0.11276022262774696 -0.5535656487403751 -0.3641335737497431 0.9215299454154595 0.0692889587731404
56 504 0 0 0 0.4627978346996771 -0.02830376416868846 0.10391792984190015 0.5532698439373221 -0.36488329766621247 0.210715494723881 0.02503110071432467
55 495 0 0 0 0.3746305503621357 -0.07883460099619681 0.11797000984317195 0.5526255857305703 0.36359459139732453 1.0194642131385399 0.07689478480564711
56 504 0 0 0 0.575706209138445 0.02432706342740892 0.10554882285878738 -0.5519325888980882 -0.36387791038267453 -0.6233127697240636 0.02452331333577412
57 513 0 0 0 0.28000018098370283 0.040490228914921 0.11532439825694944 -0.5530900325387273 -0.3643479683007118 0.9557448184756762 0.06730058094959102
57 513 0 0 0 0.46292815370038737 -0.027206841032604435 0.10497253132301063 0.5526309542144046 -0.3650072749212994 0.19148157698738938 0.02464298489897402
56 504 0 0 0 0.3752568835094567 -0.07928855786625932 0.1151187421886278 0.5525392584452946 0.36255108015149506 1.1218478619453367 0.07847643900705077
57 513 0 0 0 0.5753552006823601 0.0275753636983792 0.11002549877932588 -0.5527654183631272 -0.36458560871366313 -0.6379810411832907 0.024962231775183988
58 522 0 0 0 0.280484188803254 0.03948751597454761 0.11434645955980674 -0.5528028116681071 -0.3646570640399775 0.966455459660984 0.06833924433881057
58 522 0 0 0 0.46356701653523286 -0.026588437134294294 0.104062744181758 0.5523334027627032 -0.3641893145942787 0.2149065320859061 0.025101286060050364
57 513 0 0 0 0.374440164855769 -0.07736856175378902 0.1140578546836492 0.5519413942371924 0.36282091464175126 1.0555184871829177 0.07755281914617151
58 522 0 0 0 0.5755227963133096 0.02392825387252172 0.10533832362176879 -0.552607483498448 -0.3649050153133585 -0.5923475261707827 0.025453485070945088
59 531 0 0 0 0.280786167323705 0.03848018024068411 0.11247182180697228 -0.5526430940307823 -0.36434791501331293 0.9726584605461094 0.06868682469495958
59 531 0 0 0 0.46350837229791986 -0.025944895806450145 0.10268183189234917 0.552517778670574 -0.3640279960144518 0.2325714287861548 0.025577748424094902
58 522 0 0 0 0.3728844644361421 -0.0776087281254431 0.11238643388250812 0.5526271257195684 0.3625875567492576 1.048364637880981 0.0778047360979418
59 531 0 0 0 0.5755602117053301 0.023735946554378017 0.10282748100299548 -0.5527643685730923 -0.36503251293067734 -0.5756830953046523 0.025412216448967004
60 540 0 0 0 0.2792832180615525 0.03955262736036268 0.11221953701499782 -0.5526765535480692 -0.36414213366033393 1.0007741685007083 0.06768496995086307
60 540 0 0 0 0.4642046390933657 -0.02508489758405707 0.10236360104492728 0.5529669135237417 -0.36356889937954384 0.23926701912203213 0.02613825272404775
59 531 0 0 0 0.37051292483252357 -0.07576019767865795 0.10921032547032211 0.5524715589654051 0.36424272566644966 1.0120743459706294 0.07815679495353572
60 540 0 0 0 0.5721547948765179 0.024217372743117353 0.09984026940231862 -0.5525206508913495 -0.364872506761709 -0.5111851850982069 0.026587869355468117
61 549 0 0 0 0.279045473413237 0.037319395967180556 0.10776981011627268 -0.5523935768123531 -0.3632728975575379 1.0578345667273006 0.06895017247112681
61 549 0 0 0 0.4636157500271805 -0.026984163463708796 0.10231126411046029 0.5526320406137774 -0.36363306403268486 0.19861129589393495 0.025722234462920438
60 540 0 0 0 0.3706532603979574 -0.07513146329431844 0.11057100554709191 0.5529204757934119 0.3632014464438261 0.9750373961421859 0.0794254717775853
61 549 0 0 0 0.5702251841226155 0.021534106934346223 0.0932724416952523 -0.5520786305605144 -0.36342018303566004 -0.49013332269470933 0.023737154043751863
62 558 0 0 0 0.2813209064280368 0.03678641926508971 0.10573953033072084 -0.5535330143473413 -0.3643960494422879 1.0796492285537778 0.0697274568318148
62 558 0 0 0 0.4637127314150625 -0.02547677745168307 0.10135006732300109 0.5537195329220862 -0.36369173305112107 0.19340838074483374 0.025974641356180113
62 558 0 0 0 0.5678804732179454 0.01959180518921871 0.08955473070023602 -0.5537765738151588 -0.36427467490483817 -0.5000791017354599 0.02326566567534542
61 549 0 0 0 0.37097016277424183 -0.07826776123341855 0.11245577441020756 0.5529492929679364 0.3652591990741349 0.983913347882554 0.07878912050775698
63 567 0 0 0 0.28127670739774124 0.03867093817866995 0.10600429139943543 -0.5526676867784234 -0.3635552996598424 1.1428590298561556 0.06866545215276047
63 567 0 0 0 0.46310152276160393 -0.02504386047678017 0.10045539844236195 0.5529094197441817 -0.3644190521402395 0.17356497597153747 0.02614065867154537
63 567 0 0 0 0.5640997121083389 0.0221756562008652 0.0896332204458891 -0.5516006983928456 -0.3652146424511696 -0.563953950308436 0.023277290033598
62 558 0 0 0 0.3723568441219332 -0.0789862137642097 0.11501171498479672 0.55221287404982 0.3661203875191469 0.9641868618878543 0.07832503920463604
64 576 0 0 0 0.28282225643467507 0.037683184232984744 0.10153965436965383 -0.552554917891515 -0.3640962462452194 1.1746948156355728 0.06775857933473937
64 576 0 0 0 0.4628064658827518 -0.02556299353597669 0.10143520934205509 0.5526021093396434 -0.36387044209167263 0.16742773124349386 0.025915390935473695
64 576 0 0 0 0.5642335607562851 0.02517336465933435 0.09192525624501727 -0.5527067194226668 -0.3636250118726318 -0.5745758316853523 0.023781033467042953
63 567 0 0 0 0.3697179675366545 -0.07652838669434164 0.11085619045820755 0.5517610446798116 0.36348784749887864 0.9449825728317265 0.07902146556957927
65 585 0 0 0 0.2830180449763819 0.03727007280507605 0.09849573749883746 -0.5527163114644189 -0.3643542018215139 1.1255289130051698 0.06970173642393217
65 585 0 0 0 0.46283255572967014 -0.026853884775539558 0.10119986223512066 0.5526736254185053 -0.364221963761329 0.17384976117807777 0.0261124637765443
65 585 0 0 0 0.5670426801303259 0.022565699678272252 0.0897460465136053 -0.552449687959845 -0.36482054769094013 -0.5704503019624898 0.023708306029106382
64 576 0 0 0 0.3675528653267652 -0.0762080718307511 0.10305251409710656 0.5529441566773589 0.36393493252773995 0.9248345675704954 0.0789905932482821
66 594 0 0 0 0.28307427148587316 0.04021801637936046 0.09874244364316638 -0.5530299808270697 -0.36438893044191273 1.2013538781165907 0.06864032118545953
66 594 0 0 0 0.463328218743385 -0.02775891983126871 0.10107093741312352 0.5527469238676896 -0.36420177717357893 0.16427060558910525 0.026329506142189603
66 594 0 0 0 0.5658901699873531 0.023379322631179346 0.08567352801031035 -0.5527424304158255 -0.36386500539214883 -0.5963036211017586 0.02360438240504567
65 585 0 0 0 0.36709415831085246 -0.07498353215891092 0.10112585295578148 0.5525818585418948 0.36378299854521995 0.9595011518174764 0.07961670590802881
67 603 0 0 0 0.28384396228816783 0.03822899461248875 0.09605626468111664 -0.5523825417573612 -0.3639968813391707 1.1605799325855026 0.06956761731463773
67 603 0 0 0 0.28384396228816783 0.03822899461248875 0.09605626468111664 -0.5523825417573612 -0.3639968813391707 1.1605799325855026 0.06956761731463773
67 603 0 0 0 0.5691140500988622 0.02443957269673131 0.08762169942249098 -0.5520047954143303 -0.3646043832115431 -0.5857787054025299 0.024824952367208965
67 603 0 0 0 0.46319088281156107 -0.02620747677411452 0.10079521212562745 0.5528786092305533 -0.36415438608093736 0.18309092739509433 0.02641123734494068
67 603 0 0 0 0.5691140500988622 0.02443957269673131 0.08762169942249098 -0.5520047954143303 -0.3646043832115431 -0.5857787054025299 0.024824952367208965
67 603 0 0 0 0.46319088281156107 -0.02620747677411452 0.10079521212562745 0.5528786092305533 -0.36415438608093736 0.18309092739509433 0.02641123734494068
66 594 0 0 0 0.36763916572789535 -0.07409277390238082 0.09865261855462322 0.5527426396730554 0.36445683447630955 0.9289703703304899 0.07938707065422225
67 603 0 0 0 0.36914818866947574 -0.07536762356552751 0.1011976552230007 0.552380793202653 0.36366300872772456 0.9833347781145876 0.0790002166032973
67 603 0 0 0 0.36914818866947574 -0.07536762356552751 0.1011976552230007 0.552380793202653 0.36366300872772456 0.9833347781145876 0.0790002166032973
