% # columns="iter, evals, sigma, 0, fitness, xbest" seed=2567, Fri Aug 28 18:31:03 2026, <python>{}</python>
954792169230938 0.026888125533103307 -0.6271045855758819 0.04331240288486646
1 9 0.9409771906522119 0 44.99320947548737 0.3274614817928698 0.07861608753608916 0.10668167911202096 -0.4095941834087019 -0.19535956063559926 0.68547248421146 0.059895911604224916
1 9 0.9003930254068623 0 48.43563087575674 0.330294146190984 0.031059253270090906 0.14926522276491655 0.24954792169230938 0.026888125533103307 -0.6271045855758819 0.04331240288486646
2 18 0.9388092952414957 0 44.02921532237806 0.37944751780752906 0.04663792904618885 0.06778373840319801 -0.4987049141263662 0.06838808206071242 -0.3565892422519833 0.05665639989955547
2 18 0.8826774249329369 0 46.898802865846775 0.4052056305339722 -0.010127397500237218 0.180200036932817 0.368120657266041 -0.14139778725418786 0.18456734455238777 0.05021521222445101
2 18 0.9879053825708763 0 43.917691171833205 0.5015663429462137 0.07283077430900738 0.17427147377504698 -0.472651179932432 -0.16477241361803815 0.29122327272748394 0.0685568345983393
2 18 0.8826774249329372 0 46.898796630597225 0.30259274768141775 0.06447286413584126 0.18019802155076553 0.36812065726604143 -0.14139778725418758 0.18456734455238233 0.050215212224451036
3 27 1.0447104339690234 0 42.48105733776211 0.5288044590722546 0.09353662214451552 0.16784724699482545 -0.4674852762199445 -0.31212646813925166 -0.6736706010235974 0.06492584898766733
3 27 0.9630781353080199 0 42.721910007627876 0.39741251965539615 -0.021057103795597013 0.17190329800684268 0.4965723752744884 -0.2382311787152251 -1.2589164969776627 0.059343520108315194
3 27 0.9120439941026186 0 42.97484900482853 0.35332472254794595 0.03601136144743837 0.15558955785664205 -0.49725876307875155 -0.2418345887893475 0.3690718655723826 0.05701485216628235
3 27 0.9445528082417751 0 45.380156445888865 0.3339099394919677 0.021741249016299025 0.18810892911196625 0.4962357332475648 0.17101747038984924 1.3139641552878416 0.023885896831806565
4 36 1.151578957988506 0 42.1142827482276 0.5350711579813066 0.08385145012389407 0.13142260179806828 -0.5016085054237077 -0.281699880929504 0.014618126503204654 0.05223210625409216
4 36 0.8206942042971666 0 44.124194978826665 0.33084192524369216 0.05023895754472301 0.12772312608730707 -0.4839678456047159 -0.07821339932421247 -0.13808709489641308 0.05398126111107419
4 36 1.0088823162821972 0 44.06420246848126 0.40042266103147084 0.018430689324003442 0.14467504206702536 0.4914858969250941 0.02973660966068911 0.8110681521022898 0.021917445448385607
4 36 0.8842846426180269 0 45.70488069371115 0.42731991260086677 -0.049012022393017995 0.1986472889986572 0.3311348291297127 -0.25938519767245777 -0.954890329871381 0.036808060176873984
5 45 1.2373994055287272 0 42.24966827861143 0.5124162700113453 0.07396649156018283 0.1319269968045063 -0.4907922043358749 -0.29870219218485405 -1.2088351744176402 0.07382754944833765
5 45 0.7491726794165179 0 43.42326690351578 0.3427768141346944 0.03133671900423568 0.13142263334975557 -0.4624282861718531 -0.2640377682899627 -0.32664081661388744 0.06309923819009064
5 45 0.9772612973361458 0 45.781685782902656 0.31379182380163545 0.041093652415632606 0.11243035219961495 0.4996501386177614 0.005611375287870285 1.445318790827633 0.028604098723675392
5 45 0.8946714366398146 0 44.014866902962225 0.4096290691118588 -0.01605400744433216 0.2451833473113942 0.4940519085615426 -0.21932483525888155 -0.7845026212064841 0.025877529564818987
6 54 0.7282003904257455 0 42.833569662767125 0.31985223487677217 0.026447503664395668 0.07612468421803051 -0.49548082207157795 -0.24759900021335116 -0.4811452353043618 0.06308599623212546
6 54 0.9466492762136589 0 42.86187627304342 0.40668280946140417 0.026602181365199123 0.17401273820154745 0.5017735162461817 0.21154716802378032 0.9179266108247188 0.058981526837036474
6 54 0.9138955170379542 0 42.717717998106515 0.39931315153662417 0.017957110897948256 0.0750610290581798 0.48271257173029414 -0.28769017831921145 -1.5004480909312765 0.028426948602822265
6 54 1.2407159495478401 0 42.91628264389005 0.5096374710885915 0.08589697239717166 0.26404638375771566 -0.5021672155878629 -0.2810407689435529 -0.2918276450986531 0.06922187163826185
7 63 0.6590790862030397 0 42.888390015822466 0.34263007350009683 0.009923772743156239 0.05255383744823325 -0.5022577282780154 -0.2465220077599925 -0.1343791437479936 0.06250938851358326
7 63 1.2162436333927535 0 42.596644788087126 0.5608228721932256 0.09779663362195323 0.22730537537481604 -0.4964398601116443 -0.2504102456028297 -0.8603698986918071 0.06354402246649792
7 63 0.974095203800074 0 44.391545497876336 0.42577608236139863 0.026169178895774983 0.1979708753706522 0.47546429118360584 0.05431306197453285 0.6363257597681569 0.06891432108571018
7 63 0.8884113283171207 0 42.94816750639334 0.4457685349269924 -0.0663014512103553 0.18489213739641056 0.4728100432492959 -0.3042207568230157 -1.5060423470012532 0.023986742453073986
8 72 0.6381035223612593 0 43.14323771644629 0.33131825159081796 -0.00903689868101408 0.10895627426068646 -0.4844556289847358 -0.3081510624406005 -0.21379193256494344 0.06617284164707388
8 72 1.0325720060872277 0 43.49198883166626 0.43295296742419903 0.008194660653586053 0.23346913638398237 0.4957861347342298 0.14966287783268029 0.3761132078190701 0.06341313776371388
8 72 1.152821951180453 0 42.84532534721671 0.5271772018579128 0.09794219416617005 0.2461036146190938 -0.499185076324858 -0.29714244178074606 -0.7318243803452331 0.04535737914055075
8 72 0.8230972793553207 0 42.841847051110875 0.39995778298072693 -0.04970432428460786 0.1647363354103276 0.4815919266171167 -0.2586110567355507 -1.4976468927709736 0.019126461959756168
9 81 0.6949522406706395 0 42.03195926315847 0.368611607460488 0.04919017281358113 0.0756220387947963 -0.5008641737476716 -0.3136120343537438 -0.21335534493923783 0.07686840399522596
9 81 1.1601814106300739 0 43.6100188540275 0.538214334169272 0.08301195279051352 0.2334905667816429 -0.5010102266692176 -0.2575428966108428 -1.1594416980241022 0.0471292721473323
9 81 0.7345595960813952 0 43.14103798142989 0.45188643372268555 -0.06257498570499138 0.16919227670328418 0.4911762221847472 -0.20800866076345537 -0.9637366616278831 0.0353211147424893
9 81 0.9276371304181816 0 43.086003887542056 0.33780021488564804 0.012115424716566622 0.21653487583864536 0.4680263021420644 0.27722197412174904 0.45262778337706444 0.04489968392403399
10 90 0.6895966165070765 0 41.82142764691828 0.2996070911991088 -0.021270194254220297 0.10960811263751816 -0.4983128508089386 -0.3104671770955686 1.0912898026100446 0.07248306635519154
10 90 0.674574923737108 0 42.349034315887224 0.42259333279171224 -0.055220148844074605 0.12906789700244425 0.47726179459753604 -0.30617919400299043 -0.9719152665773413 0.02299310975852845
10 90 1.1524905378102333 0 44.05422509959937 0.5539959065940773 0.09798890000075529 0.25341752219582947 -0.49421072043780667 -0.1730572013550148 -0.8561369857481058 0.03630187716301084
10 90 0.851475419800259 0 43.30767055898215 0.3714815122670044 0.032721266988151476 0.22299097958962172 0.4989085748007846 0.2775917590138368 1.2091319533809681 0.04903744370228033
11 99 0.6377381006580239 0 42.140200536437796 0.31028078532495595 0.012315988215283654 0.13290022405163876 -0.4941139372225875 -0.3104165796119252 0.2804063417265834 0.07172412892389611
11 99 1.1936251214103348 0 42.196862441828415 0.5930987715616034 0.09419159844952224 0.20105199195940185 -0.5022210306404008 -0.2737786347769872 -1.149596721767494 0.024914466575706867
11 99 0.6629176888119946 0 41.73571512116834 0.43541982819301417 -0.04910854118557578 0.0884267251315222 0.5010807004469403 -0.3121045082073733 -0.6565289672367255 0.04268108415293766
11 99 0.9366247163136205 0 41.863509847502044 0.4294557775884227 0.10477233194327656 0.11825568933509778 0.49509852373719876 0.3127509451555602 1.508750502633771 0.07306218676537266
12 108 0.6186686731749689 0 42.07729826364532 0.3065983590503051 0.034799522139893416 0.08505436691167743 -0.49373030627821807 -0.3017702105083471 0.4437842537095912 0.07669964159099318
12 108 0.6484024485667907 0 42.77049124190816 0.4457697255879058 -0.05443008401596371 0.15510269238784247 0.46952737227401653 -0.28675794451425485 -0.5771188374082716 0.03244932062550231
12 108 1.2655392659138234 0 43.3812087005901 0.5869164210428724 0.0700255449753305 0.1457446752665337 -0.4240559692267696 -0.31366393686213084 0.2656435361393499 0.02125285828252599
12 108 0.8872311013832784 0 41.913363006894514 0.34807294833258723 0.046764474661455606 0.13678864833149362 0.4931138654340941 0.3123880557771096 0.8163922765188906 0.06631921884829504
13 117 0.575822321143587 0 41.84777884396914 0.2993117660617734 0.04589052689249599 0.08824438422218245 -0.49547979841355294 -0.3136767251293314 0.5022795697711632 0.0674900790015808
13 117 0.6099667882589089 0 42.28123889102267 0.42517936792211936 -0.04338806751761397 0.06936305027616894 0.4984825212523774 -0.29396679488480704 0.34801089642247174 0.05201579115784784
13 117 1.2067400948435656 0 42.708493926815976 0.5917858679491189 0.08856949217101696 0.26591679021089953 -0.4986046863887814 -0.30161046947380327 -0.05716052548489303 0.029324812441230405
13 117 0.787941904570894 0 42.30626207787719 0.43642144958408 0.026153464866510105 0.13312067259720362 0.48194849934416706 0.30165152920782046 1.0675442975834604 0.058623914451005024
14 126 0.4893697214171822 0 41.68467251590343 0.33086609774645515 0.029496317496871274 0.11493789107150955 -0.5026409810573396 -0.3132668460413209 -0.046791837511572676 0.0769607470826802
14 126 0.6559382817775743 0 42.24391692616016 0.4195818820812724 -0.029079540907391913 0.16354785814009246 0.49216413754593763 -0.28871985714331494 -0.29442711899190044 0.05855867376332087
14 126 0.7762497764248882 0 42.244543709926 0.39543911702076273 0.02172437724038235 0.20080719247883966 0.47781166472889125 0.31310931264167363 1.2053882855705906 0.05319967675195093
14 126 1.1587162140959513 0 44.035542105548465 0.5640180965175293 0.08403262515821235 0.24239428193925117 -0.397968681134787 -0.30797328872305935 -0.6502338726130287 0.015236545980893374
15 135 0.429094381982604 0 41.692296371760264 0.316889963545767 0.039499587873871596 0.09899436212208994 -0.5021136625385895 -0.3135846994717732 0.43884829356168004 0.07129200574185764
15 135 0.6683623707187116 0 42.04960469969959 0.4324537904534006 -0.03469228540027721 0.16708129295307653 0.49144192868008446 -0.3050582181274527 -0.11743396656246083 0.057067713267181186
15 135 0.7035611881226984 0 42.23579028140488 0.42736945424948464 0.01123177391276769 0.13711046089105053 0.49031320462807115 0.2977448636777851 1.4466974720227928 0.055806835344789765
15 135 0.977828064596725 0 42.53602042060384 0.5832084221766076 0.09831801466944279 0.21977894474148935 -0.49012249773129135 -0.26857023690171916 0.004611322527721118 0.056408740007797414
16 144 0.3823836794932993 0 41.70900213989095 0.30964213752179987 0.014793623226519066 0.09610865243238301 -0.5024393952979864 -0.31178966315248646 0.5793056654680527 0.0669027095982505
16 144 0.6171007595363046 0 41.959547214191915 0.4315755806407037 -0.0014448361593806282 0.132991177867395 0.5024279030044418 -0.31376443671393517 -0.26821156300491755 0.05154251028718465
16 144 0.6308599874668358 0 42.168602678011894 0.40723377005294803 0.015962062425094597 0.1219922832114336 0.5026180892796044 0.3134820683067864 1.2162334153031211 0.05056114912671189
16 144 0.9225365053603903 0 41.784777342164325 0.5223724320646158 0.09826975565575673 0.18516282639232218 -0.5023307584494301 -0.3064107681876914 -0.358534037608908 0.049380847062120585
17 153 0.5462251229821584 0 41.6933088666219 0.44278611212189206 -0.04513841344136115 0.17697556299533157 0.5026217117069343 -0.31273677990554516 -0.344422090228964 0.032135965027163135
17 153 0.36127703605772044 0 41.67764756180509 0.3022022638826363 0.04630822088293658 0.09823077550730139 -0.5024198846429461 -0.31415921019312854 1.1372319363230305 0.06970765079699026
17 153 0.5679453468970783 0 42.49069240740278 0.38963423562990274 0.029713383295994742 0.1558797467016472 0.46575702862479407 0.31409235207701885 0.8350019951409202 0.049484798300777656
17 153 0.8442736298045779 0 43.087265210547294 0.5485569677574527 0.09833384068344016 0.25353072917788005 -0.5011304057812154 -0.30670605903229803 -1.3186371647676902 0.05448247479352947
18 162 0.49996204923544557 0 41.91277185089351 0.4481816567196207 -0.04980264620398259 0.15538262138839593 0.5021881125849303 -0.2967771501294298 -0.4416445449189372 0.054372484350737965
18 162 0.32137008426233615 0 41.73657596301338 0.31170586377078996 0.016507577085557987 0.07936613008363276 -0.5023221490307421 -0.3141568401474782 0.8633356054151642 0.06808824412642811
18 162 0.5035540522820341 0 41.792357214595775 0.3981058015600061 0.009996917834297675 0.17173510711812776 0.4987676471930317 0.31193060147873397 0.7902252237256983 0.05368061063946396
18 162 0.7782344333323186 0 42.11017099030084 0.5635522758386248 0.08775377087653448 0.262190735243137 -0.4973391810232179 -0.3100416991686509 -0.2428408641566575 0.058301017942757036
19 171 0.4389232294880729 0 41.712997322908464 0.43986327205677983 -0.03390681676543573 0.11907624533862515 0.5026370054556244 -0.3111685081304841 -0.5314148679381588 0.05302292069361271
19 171 0.29759997676264627 0 41.77313069390253 0.3181873040203268 0.046530866262508755 0.11321315562110217 -0.50039484979389 -0.3105168783216662 0.7192115680227193 0.06894865187957892
19 171 0.4974122850050024 0 41.74483037229941 0.40392745407542335 0.022529375241545715 0.16174942309228865 0.5010595811036997 0.31155836698142125 0.4539691597968989 0.054648045576373525
19 171 0.6365996546988956 0 42.13984931889203 0.5814926855883688 0.09717196119518491 0.2421179751423777 -0.4836952972047934 -0.3113574874294109 -0.7635361390537011 0.046232037098577754
20 180 0.4070675882989181 0 41.85331077099377 0.44896802390707097 -0.03414652665085449 0.11228611684370578 0.49521363974453875 -0.31328773996701664 -0.7775728085888829 0.040738595312311124
20 180 0.30476235065891477 0 41.70240277598058 0.3080960591155504 0.03114483102464958 0.12093203976349488 -0.5025650350756764 -0.3120967839561732 0.7684584262569094 0.06413752009909934
20 180 0.5228347227864775 0 41.897855398441266 0.3556470923435936 0.014225027417683967 0.1883481558617055 0.5017786219481275 0.2987200652851323 0.27239312233260193 0.0583516745134272
20 180 0.562997255248615 0 41.77959835197984 0.5749685088414237 0.09020516026775534 0.21576017653590876 -0.5005503476756538 -0.30991585748171496 -0.772792007551084 0.024331700027505097
21 189 0.4043232190271559 0 41.74575615043205 0.44738058151621835 -0.027169210901171338 0.14074623077858436 0.4996437260739265 -0.3138403413898054 -1.1188669728295777 0.045054084604258145
21 189 0.28446170925991937 0 41.722200699741414 0.32057861547536176 0.030459406726331212 0.13904182882118934 -0.5006201186308978 -0.3139447080117064 0.6659406370343259 0.06989126517142238
21 189 0.5139186255956284 0 41.95873697438941 0.36927339926351016 0.007732653974183304 0.23987217348026446 0.4967259891726347 0.3113375750014924 0.30244322632719567 0.048902530211296924
21 189 0.5804025241309203 0 41.790230824923036 0.5929530884567513 0.08332203179232252 0.192560885524087 -0.5021249796046194 -0.3063783877341801 -0.6440389344719145 0.032380327273703505
22 198 0.38808656308636025 0 41.69132663372946 0.43352839889661954 -0.03751402625641357 0.10774463310322432 0.5026346822059279 -0.3127740253628585 -0.9359381450283342 0.045450650744824114
22 198 0.27816742057913724 0 41.676505866793974 0.30788368553070433 0.028896198720335813 0.09912038664156775 -0.5025574117974235 -0.3140023005165341 0.9708941000261557 0.05911186040882302
22 198 0.4961912901261475 0 41.70127859351929 0.3861704210576001 0.00898799995831082 0.14648468047840202 0.50253778778207 0.3122647815141629 0.6742824690624812 0.051761798052733766
22 198 0.5745392787197547 0 41.84155257578224 0.5770724304200459 0.09650254184540903 0.21120886336050257 -0.5010090221626726 -0.304450490795668 -0.4657338031997518 0.05996263366505443
23 207 0.38523860949843514 0 41.68362683274462 0.4219270917669259 -0.04922592920018755 0.12608388337884846 0.5026512127014059 -0.3133445600145979 -0.36384264364784114 0.05929606426099494
23 207 0.43031514935602677 0 41.67626105808162 0.388799832744993 0.0055644662473433365 0.19160108212174257 0.5026070245117281 0.31406046386113295 0.7291475918141584 0.05524308483254149
23 207 0.24210706354092343 0 41.68026856392889 0.3131391789321035 0.04069370380804614 0.11630060623778081 -0.5025624762519358 -0.31373510700431817 0.7634191865629708 0.06300908362380939
23 207 0.5343343872560422 0 41.73078411249 0.5735896835833568 0.09410159139362953 0.18202561460603844 -0.5026526804849345 -0.30992379347693116 -0.46195545144595496 0.04584035617394128
24 216 0.3274226460291073 0 41.68830223843485 0.44025997727736216 -0.01944383447887337 0.10502991390190944 0.5021941442729119 -0.3137328081154391 -0.1842865013065193 0.04928259827619787
24 216 0.40317625145556224 0 41.678454250503826 0.37732746666716543 0.013355537753998736 0.14326002590983472 0.5025682224810738 0.3138920588148083 0.06902991929267033 0.050863578169006315
24 216 0.22665710649953377 0 41.68107317223772 0.30763038181567465 0.05371380637604293 0.12320340006737499 -0.5025362291948293 -0.31373459563371037 0.6581200429633178 0.056883091827819324
24 216 0.48185844786274956 0 41.674175728731576 0.5769864866791472 0.08632038677081258 0.1531040217016952 -0.5026314462408618 -0.31412936329902974 -0.5696332857602711 0.0479052339599231
25 225 0.3376217254781799 0 41.75003400190392 0.44366166900977494 -0.021970630565990253 0.09217768932141297 0.500506207418087 -0.31200488118105707 -0.10575740997683775 0.05089349848033102
25 225 0.4369877694057795 0 41.73178185764781 0.36454212561598087 0.008326375750909686 0.11753646714397746 0.5007483148474167 0.3129987651334568 0.07434622767386062 0.05436761917001138
25 225 0.21583767972974158 0 41.672866806570454 0.31988937142940566 0.031395331862717306 0.10303902354601581 -0.5026436265663388 -0.31412424970347264 0.5690688200798881 0.06398843023517432
25 225 0.45785668999402623 0 41.7345125965412 0.5693082082365334 0.08674357821254552 0.14040327431715402 -0.5013396784488878 -0.3118290688028353 -0.9032599302809854 0.04154141115615927
26 234 0.3033534035446738 0 41.69235963089529 0.44402824533302093 -0.03129183357609811 0.10653349100250262 0.5018614327648724 -0.3140015229011795 -0.37814705350576244 0.05136503117293345
26 234 0.2113213360997933 0 41.67310935550263 0.3125393875146499 0.0142589034114893 0.0966577799821053 -0.502640767596497 -0.3141069619837284 0.8671737572767266 0.05924878922195834
26 234 0.40070431685919305 0 41.70898334026173 0.35953869174463143 0.00494267665530795 0.1531103182805742 0.5017325825094232 0.3130707323566081 0.6856830343018181 0.05550344003298173
26 234 0.4418404454345494 0 41.77157024164872 0.5736967534933658 0.07987393927828038 0.1333157265372044 -0.502600103261154 -0.3068800510213336 -0.40498236057547105 0.036050670488336094
27 243 0.27001847972401205 0 41.6832280639123 0.4245746445310525 -0.037781339651237304 0.10180385169745713 0.5026275616443046 -0.3133779466661213 -0.3122795737255345 0.042981243813409384
27 243 0.21370050114678707 0 41.674129407478866 0.30913092796926983 0.01969261890133036 0.09024766769380332 -0.502647683795022 -0.31402516462197283 0.7790679334530723 0.05777624942662436
27 243 0.3575224964870793 0 41.69283091028306 0.36938179490240364 0.007547628175638473 0.1663435062459707 0.50263854379964 0.312741236772807 0.31831487815471904 0.06171648044897105
27 243 0.4098460068628819 0 41.694599322487306 0.5700841245549856 0.07932738993728354 0.1350959601929701 -0.5024080792556945 -0.3129661663812012 -0.8130243133742693 0.03271413712718013
28 252 0.2727353129219761 0 41.68757186568179 0.4388348714245704 -0.035332201698920325 0.10618211480742817 0.5023213343670028 -0.3135748066132684 -0.3614546123519909 0.036581714009245814
28 252 0.19984311701699425 0 41.67912560594299 0.32013194758963726 0.02156980984715932 0.10404023448339152 -0.5025542325894038 -0.31381349911594686 0.6203565913354034 0.06269394885746551
28 252 0.3414185105647282 0 41.68479994666185 0.39569142596769064 0.005834840630204147 0.20368702857828924 0.5025335337755164 0.31357107853317756 0.7540723731431316 0.05975099774550573
28 252 0.42603863087943444 0 41.69071613792506 0.5749088078937429 0.05966758206669869 0.12433553843825539 -0.5023323698790925 -0.3133658860854251 -0.3995991752581435 0.029829748402441805
29 261 0.26872078815642003 0 41.68187672229201 0.4451819284481062 -0.015426791620588312 0.08340387290903903 0.5025897736674121 -0.3135454468140596 -0.1847485025878057 0.03737108343596692
29 261 0.18648997541598258 0 41.67292855119718 0.31242277282961156 0.03891431062049054 0.11780869248867504 -0.5026335832447771 -0.31415903098280906 0.5239541122166338 0.06001124344791969
29 261 0.3235704858116913 0 41.676801659383194 0.39702005424210585 0.011423244651070308 0.12507036918384684 0.5026385291629355 0.3138829325885869 0.47206525149217654 0.05794188343513598
29 261 0.4481482756908237 0 41.67329261085426 0.5796424389416467 0.04973370344621082 0.1149405638218986 -0.5026445584735947 -0.314112067640299 -0.6984002144215543 0.0385955804936478
30 270 0.19706074333092352 0 41.67421000479319 0.3064922682147786 0.030112134591702616 0.09498731007267741 -0.5025758284227895 -0.31413701081409545 0.47124867631295075 0.06512915320329765
30 270 0.26301919031432197 0 41.6803299477265 0.4582823581457837 -0.03674101425072395 0.09723647763369811 0.5023325240489603 -0.31408322235311875 -0.3089759491848757 0.03582848124452275
30 270 0.3253259936877638 0 41.69221743466034 0.38656677624155833 0.015187252707481898 0.1417231832175628 0.501960952417555 0.31390561244282766 0.5262278215574688 0.06598594674833248
30 270 0.48362346003798756 0 41.677514270359076 0.5833736037686571 0.032451671141010385 0.1004879363566544 -0.5024265590450062 -0.3141517283663676 -0.978956350965318 0.042909266960992495
31 279 0.2287129525034769 0 41.67526032636632 0.3019600155935555 0.037070333622318374 0.09627852993659398 -0.5026216198056253 -0.31398883603223987 0.5916615916662374 0.06939453880076933
31 279 0.3002691567624979 0 41.7072022096783 0.4541163522981578 -0.03862343976370536 0.11104027741901841 0.5022322265080452 -0.3122762407402518 -0.05532842136164917 0.02879680369628826
31 279 0.3044809897074083 0 41.67648668598918 0.3805474152174012 0.004879308981419892 0.14515413138480968 0.5025031159444001 0.3141574518116066 0.2542080800061458 0.059667312905648626
31 279 0.4886654339584281 0 41.70611656737632 0.5775614917644737 0.02463223850129006 0.12729334353108154 -0.5022990965279561 -0.312279411208417 -0.47040145900989905 0.035139902413979164
32 288 0.2438641571146682 0 41.67651594765754 0.30637131570010495 0.029964206945842883 0.11781527029163531 -0.5026045323464366 -0.31394554084731074 0.5161376763408789 0.06996199620458464
32 288 0.28583836368280596 0 41.67710270362359 0.44618641565702 -0.020460934894395433 0.1058989482921865 0.5026144205177882 -0.31384720982704273 0.06685202891676452 0.038507038357025694
32 288 0.3041657140673445 0 41.69047470238707 0.36158703849169427 0.005117125146677332 0.14167550006560228 0.5020841298974522 0.31383008192500594 0.5277451523584995 0.06128579845427236
32 288 0.49762250736337127 0 41.69480903539848 0.5805526707549901 -0.0031189520366049148 0.07811676656903141 -0.5017850700216985 -0.3140494565520109 -0.43055931022802596 0.0271889009933075
33 297 0.2553561534344765 0 41.682381084377965 0.3061765579043587 0.040759366544373954 0.12391741220389361 -0.5026417646500807 -0.31345827437237483 0.451427507835923 0.0709170883503959
33 297 0.2951793491923184 0 41.672134082925844 0.4618940062418541 -0.03170333059331057 0.09804927024277968 0.5026501226822363 -0.3141457955880917 0.206182187454318 0.02711886183469315
33 297 0.32925309994208335 0 41.676864952862154 0.35590164457434 0.006553944662828334 0.14152951791124171 0.5025751863001856 0.31400719903467894 0.6872855017587981 0.06392375114426598
33 297 0.43181583777963184 0 41.69938489503273 0.5795683535953396 0.05402697070813535 0.13702857760108977 -0.5023624171956239 -0.3126865907618748 -0.6197263174256405 0.04197251987575467
34 306 0.24691748800955832 0 41.685305423674976 0.3009413636059026 0.04460688046862505 0.1232213424670981 -0.5022647195745953 -0.31388341940907516 0.5004635224618668 0.06913159035246488
34 306 0.2681287753907953 0 41.68132506095724 0.4583135106798421 -0.025751236290334163 0.09345780992299325 0.5023698192571037 -0.3139343898745088 0.1255222037046996 0.03076237062359135
34 306 0.32738284786477434 0 41.67761800016353 0.3620340646783646 0.005297894847460264 0.11033503132382713 0.5024524538743531 0.31411967537506896 0.23190176234891202 0.05994588970120304
34 306 0.35282287100241505 0 41.673720619480605 0.5734846291898037 0.048753571248638515 0.1408730020435533 -0.5026132133087232 -0.31415925465402644 -0.6873257054466053 0.03397337584325941
35 315 0.23489268512089614 0 41.67259618701632 0.296880975175349 0.02660281637191867 0.11958370899783677 -0.5026543270894122 -0.31415788117030496 0.7145132388002954 0.06229049248910376
35 315 0.24531476028814603 0 41.681735979017745 0.4593164387995471 -0.036229922012313565 0.10467000008028825 0.5022355500914883 -0.3141501743818311 -0.16498759312855457 0.03152874326176351
35 315 0.3096786480562284 0 41.684186624009236 0.3661413466440651 0.005150229091139797 0.1648987824646344 0.5021948884495533 0.3141347912201713 0.4997611729939897 0.06612697596430744
35 315 0.339354008414882 0 41.689088269276716 0.5670388172966914 0.013035294889609833 0.12271635481909544 -0.5026426671269412 -0.3129451257978376 -0.7658510177694668 0.029947559037861123
36 324 0.23845806608602116 0 41.67914624295519 0.30171876662730346 0.030902303953758203 0.1215967722352063 -0.5025484861263532 -0.3138536921956084 0.8918170652506319 0.06997446382842057
36 324 0.236634816484711 0 41.67641234410132 0.4572283684522656 -0.039171703755352366 0.12891291893296708 0.5026128570440613 -0.31393459612726526 0.04922461123779934 0.026331358899390575
36 324 0.3731259321850251 0 41.674345350511956 0.5679710401179667 0.028952597756111594 0.14948505327652947 -0.5026029339176841 -0.31413449259499465 -1.0410087881481886 0.040909471237359045
36 324 0.2845089055802351 0 41.698273070925765 0.3843827756689546 0.004868665454883594 0.14285717617825291 0.5025246759338187 0.31250935474680386 0.5947725916970042 0.06662158988404354
37 333 0.23763369157111708 0 41.67527875213721 0.3015350217643245 0.047307256615351824 0.12578714799623852 -0.5025524436728526 -0.3141414333725625 0.7086386040370277 0.07396216426975523
37 333 0.20372371684774457 0 41.68131552181147 0.4581213312716544 -0.03661770877607985 0.11427477875436909 0.5026253337337167 -0.3135317771655499 0.007313241582578914 0.030250567400416872
37 333 0.3658679630613323 0 41.682036466563225 0.5734854593372996 0.049991133096587516 0.15317200928438524 -0.5025402024428478 -0.3136838746106821 -0.7392866662459633 0.033901239295085366
37 333 0.3011108160056222 0 41.67633311866574 0.3931089399755147 0.005293676102693014 0.15046492992445445 0.5025164013443448 0.31415923657255823 0.689914072728563 0.06905865072855084
38 342 0.2421303929275153 0 41.67338384947377 0.3038941643221434 0.04312530568614206 0.15670768349574554 -0.5026548165111354 -0.3141450330153099 0.6789553774211842 0.0693006350299136
38 342 0.17086248882873406 0 41.67225453684522 0.44777795607970655 -0.026195787723002927 0.11008094202160287 0.5026507873648117 -0.3141494448717051 0.09659607409132517 0.035865402877453295
38 342 0.3104460549104399 0 41.675948556723824 0.5792818783445868 0.03338669394264309 0.1433602527875722 -0.502524671803395 -0.31414850125757104 -0.7104395116746363 0.03549820059469832
38 342 0.28783180911013967 0 41.68883454871396 0.3662028050470704 0.011145168250052389 0.1483049986634891 0.5024332491632316 0.313362988706725 0.4120037063269517 0.06594935170988346
39 351 0.22881635410216902 0 41.6759387039788 0.30204669384048466 0.04385847863653194 0.14643020148666402 -0.5026547838473749 -0.31394378469702616 0.7092200501935078 0.06988182054291828
39 351 0.15055618082950928 0 41.6798637050537 0.4558190482978565 -0.026593469861688167 0.10732186050684225 0.5026314362071308 -0.3136160129648839 0.14515458948978838 0.029089442508695162
39 351 0.2633825587677545 0 41.67488441094222 0.5768042876418407 0.04247250367173709 0.1465941437113022 -0.5025990208045965 -0.31410386813949615 -0.8123510901864502 0.03394155763191462
39 351 0.26359226898759325 0 41.674535095706446 0.39211899778818665 0.007476525198325561 0.16486288275286262 0.5026066161650998 0.3141551538727669 0.6831839281034393 0.07046396898963572
40 360 0.21430099943543482 0 41.67496682509037 0.297313264127859 0.04402973931907088 0.12649711628634436 -0.5025576542310676 -0.31415781525146264 0.7887816784323484 0.07061153413577853
40 360 0.14282832943123397 0 41.674540328719765 0.4566990888145105 -0.024780263845136916 0.10259390315178596 0.5026524372086775 -0.3139687576393415 0.03015527658520481 0.03081996458325767
40 360 0.26720532161979854 0 41.68362031237544 0.5664787025351256 0.04905627540526934 0.13839492316986723 -0.5025155625831854 -0.31358933221715685 -0.3767510022130252 0.038284236389922295
40 360 0.24558593069728307 0 41.678294544279034 0.3837348654385869 0.007993831414436907 0.14426157199378817 0.5026304817745082 0.3138117672106266 0.8064098438009155 0.0689236232379075
41 369 0.19004942197802882 0 41.67413604662701 0.29928183051216417 0.043009904594364046 0.13152984403051543 -0.5025997205772689 -0.3141525569306831 0.8940005726241501 0.06994782211974876
41 369 0.1299900953568467 0 41.67212926805572 0.44853581780551055 -0.02952548748922538 0.10753877031399435 0.5026507317982952 -0.31415626851790235 0.025844787855100568 0.034050457779723924
41 369 0.2485311994223659 0 41.67348122968828 0.5535056446163185 0.06410959549078285 0.15403345873345686 -0.5026518536336572 -0.31412692242579243 -0.5918508423401859 0.042378733417749205
41 369 0.2451615503243296 0 41.67671523424622 0.3901973876093534 0.010972065233203463 0.14971564184274713 0.5024978416760667 0.31415906381722136 0.9284216168764718 0.06504659780914246
42 378 0.1683350489384903 0 41.673676523729625 0.2973666921762599 0.04381048623031987 0.12812916846626027 -0.5026195422910864 -0.3141502360148327 0.8341855542189306 0.07009463175518235
42 378 0.11694407387441616 0 41.672652585778216 0.4545323918132417 -0.022364190143002345 0.10350930746570687 0.5026290175884037 -0.3141486770079526 -0.009377730058268315 0.03232155996594398
42 378 0.22101540531765207 0 41.6727576610238 0.5569575964202224 0.0550474568127053 0.1435657800212192 -0.5026544292916744 -0.3141592621016877 -0.6950055141269398 0.03787598915010558
42 378 0.23579787168365174 0 41.67317521142612 0.3855886999251504 0.009539605770137481 0.1445322479832134 0.5026547555758341 0.314150016558088 0.95262389847275 0.06794558524597065
43 387 0.1812619729302302 0 41.67413132667139 0.3005699583598432 0.035145174862979245 0.11405357286014092 -0.5026546312076855 -0.31403704532518856 1.097852834414314 0.06863492423948954
43 387 0.12533309003436702 0 41.67623455469332 0.463726126998829 -0.016215015316138295 0.09921025169049798 0.502649466163795 -0.3138447075226357 0.17698320748167462 0.030966367469971647
43 387 0.20611529433711476 0 41.67595637435509 0.5644739062313432 0.04644301933655044 0.13495455074970886 -0.502570079031168 -0.3140571079151579 -0.3986006892289693 0.03526771750393604
43 387 0.22414574177958974 0 41.68273986775968 0.38288761730450505 0.013613618467713477 0.155571470664437 0.5022522777927693 0.3141327437906194 0.8179374338498923 0.06742332167442038
44 396 0.1791356243469151 0 41.67317291969022 0.2989162328182391 0.04373422202655854 0.13405109879178997 -0.5026407912567046 -0.31415726021429696 1.0414481403918654 0.06410009936558012
44 396 0.11983205813841463 0 41.67285618367816 0.45858132196974616 -0.025652499934351328 0.11372403915632011 0.502622653599367 -0.3141583956637763 0.028270273830233394 0.029607188791282962
44 396 0.18714741787037237 0 41.67585484110002 0.5659316243440414 0.03796546122942919 0.135751086661608 -0.5025774217542058 -0.31405165100885135 -0.4852775749137333 0.03601567715576147
44 396 0.20052134122318585 0 41.673289062418256 0.37369278618296065 0.009577828358454978 0.14785056206223607 0.5026451791135753 0.3141591147431144 0.8412018539795132 0.0657383586151988
45 405 0.17940172519631065 0 41.67283144728271 0.30537809963672274 0.04576878575024376 0.11679576634774418 -0.5026518155091099 -0.3141400868821085 0.9178984895114829 0.06876573513681072
45 405 0.11530503643509404 0 41.67219373275501 0.4512686582615097 -0.025319526891630056 0.095736445607436 0.502641120622716 -0.3141515944293931 0.11754749159350607 0.03139360295608467
45 405 0.18480286769415963 0 41.67322702569247 0.5641689437187981 0.04466980132957564 0.12099084069432339 -0.5026414710579498 -0.31411703917493994 -0.6894110551438084 0.03080800499521883
45 405 0.19852090198490627 0 41.67502508202241 0.370692049109444 0.017339336179899044 0.1432452565552122 0.5026029880779331 0.31409389361036844 0.9906106221492764 0.06845439816110915
46 414 0.1823407382715295 0 41.67259586767632 0.30795377297646626 0.039419360943451505 0.12264988867992274 -0.5026541064674864 -0.31415726989580367 1.0944361596622032 0.06814440967298588
46 414 0.10288797809230484 0 41.672017662888784 0.4623509685540317 -0.02314986441162043 0.10167678781264422 0.502652127625532 -0.3141555050546007 0.053434070984456294 0.030090426814208364
46 414 0.17305564600892603 0 41.67302724905807 0.5678964774303875 0.030688841702120048 0.12819953647011353 -0.5026364315938631 -0.31415158963947587 -0.5522330460777016 0.03804802708483292
46 414 0.18847642138935547 0 41.67560563128105 0.38059879268513563 0.008121180195374538 0.12448290692711278 0.5026132103889214 0.3140165047860606 0.7806037279674893 0.06606999468103682
47 423 0.09814286149235127 0 41.67184890526286 0.46309801398724626 -0.026487339941942932 0.09781105835510043 0.5026548209216353 -0.314158846195527 0.061388170180079 0.02768058075192454
47 423 0.1740595440002895 0 41.67256154095185 0.3021681554657657 0.03211167352076886 0.11419158742937206 -0.5026548230434928 -0.3141506859313303 1.09139939315011 0.06250650987508989
47 423 0.16042236020206213 0 41.67349951441373 0.5682635487242428 0.030725539675680553 0.12099753114631748 -0.5026119411429567 -0.31414897866382474 -0.5666610518578821 0.0332094153051799
47 423 0.18702109913814852 0 41.67354959140786 0.38108004317437755 0.00984943087033203 0.12041663109852582 0.5026189968246967 0.3141569688153214 1.0473481050680498 0.067866618255515
48 432 0.09989339662310918 0 41.672587994695206 0.46446055098607625 -0.02523556316946248 0.1048484711157247 0.5026273596005586 -0.3141592279716202 0.15295473959260514 0.027373892871033256
48 432 0.1744280880661747 0 41.67315830533402 0.30235431773565896 0.027796343413067835 0.11864705894439374 -0.5026505547335239 -0.31411808888694337 0.9450570857057902 0.05581142418257897
48 432 0.16717920534946448 0 41.67397381690455 0.5698631337361109 0.025262046967310537 0.11828431812396437 -0.502587220874433 -0.3141557795284892 -0.4354383192384924 0.035134019887193745
48 432 0.19864502374792709 0 41.67328934728688 0.3897081750091166 0.0060249537170617255 0.1249087233567555 0.5026451186216758 0.31413654038544064 0.7425304960323422 0.06995741174535156
49 441 0.09606156421708166 0 41.67246870714364 0.46305394315528225 -0.025094214096157128 0.10308334881338004 0.5026537750671592 -0.3141204448882938 0.19911886759849173 0.028288228991949715
49 441 0.16089338917364585 0 41.67299730758545 0.3018380447719568 0.0424134622374584 0.10655978692059205 -0.5026453709699625 -0.31412848267547067 0.6979562970532515 0.0690777526281394
49 441 0.16193352437477726 0 41.673684145336125 0.5719110623802236 0.028777498707482505 0.1140683462192762 -0.502654337649112 -0.314061143125603 -0.36034021299756913 0.03471989938333158
49 441 0.18661401376615716 0 41.6745089475233 0.38293465842842755 0.009659062732417912 0.1308383395847465 0.5026547568846966 0.3140346332572864 0.8465122292927534 0.07041148096156472
50 450 0.14235403589371454 0 41.672512491714635 0.3010077739580957 0.024680038806439555 0.10782263332802053 -0.502653808132604 -0.3141492771054966 0.9847625918641619 0.06628251648201731
50 450 0.09475337988323469 0 41.67201218223774 0.46353365083822223 -0.027434666540559552 0.10594673318813441 0.5026529647827356 -0.3141592042169091 0.22136185545751155 0.02549999224180935
50 450 0.1584658214561944 0 41.67273489540616 0.5692772143608508 0.023717703944212198 0.11045222202994329 -0.5026417837166174 -0.3141431667266344 -0.6136446599710835 0.030252071247757445
50 450 0.1720062922007636 0 41.674242638667764 0.38356174440226537 0.007257097832081414 0.12042876913078716 0.5026248640202358 0.31409811962068696 1.05208110069098 0.06731489147564465
51 459 0.12615281509688037 0 41.67243469035663 0.3015784360120948 0.04150391184347951 0.11130277953632903 -0.5026548139085703 -0.31415918606181265 0.897865159362365 0.06718296226297188
51 459 0.09193573274245721 0 41.672085311938986 0.4666514768355851 -0.026438659877570492 0.10676786505051868 0.5026536937651869 -0.3141546219474325 0.1913091524422854 0.025315726234721767
51 459 0.14678385110388473 0 41.67246342976828 0.5695449257345336 0.021097233961889304 0.10556383645284646 -0.5026419565909828 -0.3141590356215039 -0.5701611537847204 0.030794261740031602
52 468 0.12475899520255658 0 41.67245799960202 0.2974016518590703 0.03614864180647191 0.10924966631843086 -0.5026544526608332 -0.3141571858454565 0.9552891342981368 0.06391787379129375
52 468 0.08023351789475468 0 41.67196543755376 0.4657011151278085 -0.02618085613328259 0.10158505734544339 0.5026547561013558 -0.3141548795754561 0.2101562322483525 0.028116741720255106
51 459 0.15436168580188528 0 41.672778135498106 0.3775762999857633 0.008423870677456759 0.11286840134311195 0.5026512968200276 0.3141524184392352 0.9926963949254781 0.06989835688553925
52 468 0.14549772826393031 0 41.67283640778029 0.567623491114791 0.03134554209527673 0.11251927090459445 -0.5026289427671569 -0.31415854603962096 -0.5734600662632243 0.030609592830202363
53 477 0.10942922825139098 0 41.672467994426576 0.2978139508120052 0.04499924546763707 0.10940792781630962 -0.5026539231191368 -0.3141592351122526 0.854440996905096 0.06496833587651867
53 477 0.06747093997964498 0 41.67199382916735 0.4626276351376405 -0.029771956432614356 0.10693843229708172 0.5026545996626303 -0.3141591841812165 0.26982408292652027 0.027652107982166788
52 468 0.1588999028525155 0 41.67304873204307 0.37657796430553436 0.011418061489944748 0.12689062425130349 0.5026509391617152 0.31414771690063814 1.1675546338942988 0.07008065537217552
53 477 0.136107781678318 0 41.67237544732745 0.5708968880761671 0.025095635476161043 0.11613714706364331 -0.5026546622021041 -0.3141548330539575 -0.6260691994348011 0.028504370327457056
54 486 0.10816701864430144 0 41.67272022641658 0.30057697843623354 0.041942467091448145 0.11235902873112161 -0.5026434082884108 -0.31415851794987776 0.8027227995586135 0.06069952258392148
54 486 0.0722203739475685 0 41.67196284703481 0.45918620759975876 -0.02770867490813273 0.1049358365922858 0.502653921232284 -0.3141589504676082 0.27413325421244367 0.028780409334773237
53 477 0.14433792965709394 0 41.672716620222054 0.3711519489088338 0.010205872987979002 0.11166903909304873 0.5026540011965129 0.3141530168776985 1.1224469160851611 0.07214222683349195
54 486 0.14069218517431517 0 41.67275249190417 0.5720063352475832 0.03748706579212416 0.13446168550229368 -0.5026499143155531 -0.31415686226788847 -0.7446936974452562 0.030544833951578768
55 495 0.09041233199696799 0 41.67245144821847 0.2991597319707189 0.0398310044740896 0.10934156118765175 -0.5026548133077274 -0.31415664149585315 0.8869740062271964 0.06456017393647503
55 495 0.06479249803444509 0 41.67195234926034 0.4612700937866431 -0.025678972514457672 0.09994663349064915 0.5026524615520075 -0.31415592426249767 0.27280471698147013 0.028586847066677967
54 486 0.12672407183679985 0 41.67388697364019 0.38023433631145476 0.013107283751794286 0.13723642498113098 0.5026135559281824 0.314159175729944 1.1914996752906686 0.06979491642851932
55 495 0.129302610239049 0 41.67234232787981 0.5698047638901826 0.032050484252333845 0.11902230165974179 -0.5026546369088882 -0.31415879473581326 -0.7186945757391171 0.03007571654819617
56 504 0.0852794008711433 0 41.67254189726649 0.2977151680757504 0.04339029947858198 0.11413022127934615 -0.5026536915372414 -0.31415906488988427 0.9372603834055906 0.06392061690497451
56 504 0.05156281980633713 0 41.672060495647955 0.4651463518078275 -0.026618920912930014 0.1015554135666208 0.502652987872743 -0.31415045632459276 0.25113398078517635 0.02849321855819436
55 495 0.11056169390605679 0 41.67306126754469 0.37214490752963475 0.010421916813939686 0.10626206655074354 0.5026319985040267 0.31415637316123385 0.9863683536161919 0.06891254946765153
56 504 0.13161081104034938 0 41.672137475505764 0.5689164832523552 0.01986051387774694 0.10019182306563604 -0.5026541577147655 -0.314155012815409 -0.6556191550683266 0.027212335817653234
57 513 0.07934422704307115 0 41.6725237820906 0.2978417208720507 0.039198999667565536 0.11482197636495264 -0.5026541585318076 -0.31415925343471846 0.9547860043600743 0.0625253941398363
57 513 0.04751829804088528 0 41.67201196646287 0.46263106737611914 -0.026018054873440388 0.1052337821846733 0.5026545550972956 -0.31415581974612383 0.1523164652003152 0.02729150952943448
56 504 0.10311177032277187 0 41.67296775071537 0.37831099603654184 0.009292716060811309 0.11762105897358757 0.5026439709203382 0.3141569696793315 1.1245449060518928 0.07008586618199224
57 513 0.11432142934556562 0 41.672345551590055 0.5684866741879314 0.03500047521816218 0.11549207794109825 -0.5026518159387418 -0.31415914427859054 -0.6423231153117983 0.028496402220203693
58 522 0.07027042189152018 0 41.67248900349193 0.29862355182045625 0.03848552919643221 0.1128670040852523 -0.5026546493640055 -0.3141583658734173 0.9427313011867076 0.06537842687876375
58 522 0.04344939543802896 0 41.67197010782856 0.46346535603879396 -0.02613421918292983 0.10343995406699266 0.5026540879964673 -0.3141574900396115 0.19385425634804704 0.0281823100550666
57 513 0.08742392773851895 0 41.672726166532236 0.37486709176215466 0.008723672611416747 0.11117613184507733 0.5026523727082789 0.3141532730863319 1.0210118506975798 0.06993518426269055
58 522 0.10023441793447423 0 41.67224363295298 0.5720583930343156 0.020664019981988822 0.10479451831504417 -0.5026543916993251 -0.3141548117862759 -0.5900400511081828 0.028477259733559877
59 531 0.061247921633826405 0 41.672480311286094 0.2983021675226154 0.0373843163366444 0.11256913075788473 -0.5026548224197435 -0.3141582494219665 0.973218290347815 0.06376210541339299
59 531 0.04037775585610941 0 41.67190034104028 0.4637637831522815 -0.025006805809652276 0.10221734043648854 0.502654818974582 -0.31415920847736617 0.27055460420936167 0.028168025448038134
58 522 0.07593021619335558 0 41.67290328157129 0.37453380269071485 0.009121731519298983 0.11334997101848782 0.5026540418055541 0.3141391457499772 1.0142293613039794 0.07038072717136169
59 531 0.08896337639893338 0 41.67219869094943 0.5709414768087868 0.019842203691468833 0.09642785282882071 -0.5026541343137614 -0.3141504335610557 -0.5321077057888309 0.0277023288681272
60 540 0.05777266525709675 0 41.67250511498948 0.2963610846768857 0.039162611274306224 0.11236921135770123 -0.5026540138643318 -0.31415926180957315 0.998679162509191 0.0632130034537106
60 540 0.039967553304074345 0 41.67203528423354 0.46394219169865325 -0.022495308590353258 0.1012193056540912 0.5026485289777938 -0.31415871328238576 0.23862791756322452 0.028864839922741907
59 531 0.07534476775975203 0 41.672589763408496 0.36945891401896275 0.00922498722685142 0.10676472173166454 0.5026529382639955 0.31415771479282684 0.9639057679035392 0.07018698880579413
60 540 0.08938056317020533 0 41.67232862833583 0.5658149195442711 0.029084087617309122 0.10491439170404661 -0.5026490122587837 -0.31415249894518354 -0.5579336256491313 0.02936853426472128
61 549 0.06978162639670961 0 41.67253342953179 0.2976461520135602 0.03631425224915499 0.10683578943447349 -0.5026542809727654 -0.3141494060321972 1.0216782931484956 0.06520494986816822
61 549 0.0383819963943138 0 41.6720932572982 0.46402379332088267 -0.026683618687451886 0.10184020245651863 0.50265400103498 -0.31414688660979 0.17873129311856095 0.02838205348620397
60 540 0.07946774199706638 0 41.6729404073653 0.37051205021191463 0.00933060478480208 0.10727885519559624 0.5026511087899106 0.3141356795381805 0.9837375810972653 0.07144596959409591
61 549 0.10500565873118803 0 41.67216605852686 0.5640020677262019 0.025740633065894553 0.0965199431879201 -0.5026480565711612 -0.3141564688168039 -0.4952775672977461 0.025616641513504446
62 558 0.0800933521039647 0 41.67249033297366 0.2992474350890024 0.03518507787035113 0.10422595403776985 -0.5026501438608587 -0.3141555843835525 1.0777576123678612 0.0656932888792272
62 558 0.038023120166677186 0 41.67206960260378 0.4638142987385894 -0.024274661688315706 0.10038444270344565 0.5026478732313225 -0.3141563812747268 0.227013598168388 0.02842672950159395
62 558 0.11390043825169507 0 41.672149451984275 0.5655008755111347 0.014280514353017696 0.08645086869866998 -0.5026444705244673 -0.314158885197177 -0.5055355342685943 0.02543071574683342
61 549 0.07686832731783873 0 41.67265840621445 0.3693672277563185 0.010587847295315509 0.11232133061381126 0.5026548047478846 0.3141535669702271 0.9609398123120911 0.07053896580083047
63 567 0.09173893669966901 0 41.67238315715165 0.29854647600914824 0.03920947087933617 0.10312224637593853 -0.5026538787123795 -0.31415719026869865 1.114667977074336 0.06429842228828347
63 567 0.03870232726992993 0 41.67186568457818 0.4621756587526649 -0.024348237304745515 0.09977379525604867 0.5026547119687605 -0.31415919870539366 0.15595169572531836 0.02886427148595841
63 567 0.12307443628788096 0 41.672353764606186 0.5615034292091207 0.020129823407848076 0.08601971968501526 -0.5026325547530976 -0.3141570378722404 -0.5849994338486812 0.0254586749451543
62 558 0.07669230006561904 0 41.673070441094225 0.3754040589948209 0.01159684830647103 0.11784435180032271 0.502649959055529 0.31413580840390515 0.9993330901814157 0.07063028108204132
64 576 0.10349861191365434 0 41.672324177279556 0.298701916709082 0.03893473288225019 0.09767439097865165 -0.502652372693346 -0.31415825368227407 1.1963941822520727 0.06271116272111082
64 576 0.03521399687920067 0 41.67190523311916 0.4629661420976707 -0.025620696025587794 0.10046640747530805 0.5026545600513139 -0.31415781090929534 0.14843194734378015 0.028426883176131845
64 576 0.11628258084663672 0 41.67202054557209 0.5603880285597417 0.02570198336918223 0.09456340792877685 -0.5026547697033767 -0.3141508851352984 -0.5634088031373328 0.02793479060562038
63 567 0.07199903653006048 0 41.672927735776206 0.3699534545235261 0.009104407908547552 0.10909371143886955 0.5026453351194682 0.3141474852094331 0.9360280294230034 0.0709835113650038
65 585 0.10331504318740073 0 41.67236555616382 0.29956047073041453 0.03799555578208967 0.09925311952103474 -0.5026547430124715 -0.31415207289605207 1.056948838182544 0.06571663823716084
65 585 0.03212087380023984 0 41.671922980668256 0.4629516122521925 -0.02714026590409912 0.10147692361086288 0.5026537378628921 -0.3141592460565805 0.18094867904734804 0.02869633835015585
65 585 0.10188988397704321 0 41.67212830121408 0.5658395498942794 0.018308609978515297 0.08196915440902536 -0.5026424487329252 -0.314158894460049 -0.5478361936575055 0.02673815117057582
64 576 0.07400417376890013 0 41.67245430491891 0.36822331498212674 0.009345749406287487 0.09960024840944182 0.50265445015558 0.3141580907082114 0.9099807425579486 0.07080718385711227
66 594 0.10667463588348866 0 41.67231627524296 0.2986661481581303 0.03667788576202746 0.09867934215013771 -0.5026529539268468 -0.31415911093829696 1.318126065906756 0.06397553583511748
66 594 0.03284235838127437 0 41.67191709397479 0.4624429205163682 -0.028828018593071658 0.10112496381492922 0.5026545162894897 -0.3141583809436785 0.14919162456068824 0.028932056175164
66 594 0.10253286395440286 0 41.671967189158494 0.5672594753154333 0.023485120273891404 0.08649224050434068 -0.5026548178999485 -0.31415286038251306 -0.5712948021733594 0.026861952932760128
65 585 0.07278273709883225 0 41.67255227624653 0.3664153060107311 0.008914294281215672 0.0995754199323104 0.5026518410063749 0.314157441765777 0.9741479416949661 0.07125929608318737
67 603 0.09866759263398917 0 41.672452047027384 0.2987641388461788 0.03722989434172993 0.09265624293094558 -0.5026520729614746 -0.3141580284850974 1.1446622775235638 0.0657779081454442
67 603 0.09866759263398917 0 41.672452047027384 0.2987641388461788 0.03722989434172993 0.09265624293094558 -0.5026520729614746 -0.3141580284850974 1.1446622775235638 0.0657779081454442
67 603 0.10439717320654635 0 41.6720561012959 0.5677802403253704 0.024992542125766952 0.08652990036460562 -0.5026473536443932 -0.3141592466391172 -0.5733649439160373 0.027516399791974844
67 603 0.027665915110667717 0 41.671908855262316 0.46300924335188953 -0.02527818074399403 0.09989667838391413 0.5026533064209612 -0.314158598522368 0.19880838073129262 0.028741302272360193
67 603 0.10439717320654635 0 41.6720561012959 0.5677802403253704 0.024992542125766952 0.08652990036460562 -0.5026473536443932 -0.3141592466391172 -0.5733649439160373 0.027516399791974844
67 603 0.027665915110667717 0 41.671908855262316 0.46300924335188953 -0.02527818074399403 0.09989667838391413 0.5026533064209612 -0.314158598522368 0.19880838073129262 0.028741302272360193
66 594 0.06990761039837844 0 41.67246429310994 0.3693321270433217 0.009593046526019904 0.0991561196775882 0.5026546774883449 0.3141561885880022 0.9142899235506713 0.07102669025331
67 603 0.06382716079584287 0 41.67257174825794 0.3695451264969119 0.009134854874150111 0.09964598872572299 0.502653877835083 0.3141517431864088 0.9905813544394804 0.07074378871147023
67 603 0.06382716079584287 0 41.67257174825794 0.3695451264969119 0.009134854874150111 0.09964598872572299 0.502653877835083 0.3141517431864088 0.9905813544394804 0.07074378871147023
