% # columns="iter, evals, sigma, 0, fitness, xbest" seed=2567, Fri Aug 28 18:25:19 2026, <python>{}</python>
1 9 0.9409771906522119 0 44.99334480061474 0.43650317261928584 0.05059512818860265 0.10452340889454269 -0.4095941834087019 -0.19535956063559926 0.68547248421146 0.059895911604224916
1 9 0.975486750739205 0 44.9933411400694 0.49514216254467036 0.022799614096753327 0.10470051292062187 -0.4095941834087019 -0.19535956063559926 0.68547248421146 0.059895911604224916
2 18 1.1375093481107947 0 42.55555424386062 0.40004573179188985 0.03137631974040742 0.2633335616828607 -0.48188369476901327 -0.29203923032333373 1.4493799735640536 0.055036608502518417
2 18 0.9934694275818372 0 43.91782707456299 0.5149448438846291 0.011155970813600213 0.172529184373456 -0.47265117993243244 -0.1647724136180383 0.29122327272748294 0.0685568345983393
3 27 1.2163739275046537 0 42.255137888252236 0.4129258128939673 0.03957476220159804 0.21915470367525036 -0.4848811325713032 -0.3135698584817668 0.40728710296949777 0.043989617722934984
3 27 1.0174272971153555 0 43.29891934228691 0.5033853723596217 0.028637045822310532 0.12047058774275674 -0.4786896569226503 -0.2213594293264672 -0.4307788510829015 0.03939973901743179
4 36 1.2642242907777053 0 44.25308697274783 0.4013355805076089 0.05657091919382581 0.21036165821861696 -0.4687178608309448 -0.14702387229428482 -0.054607665943747 0.04918268008986565
4 36 0.9894911125301491 0 42.8956549956177 0.5155048338983679 0.018716286548524606 0.06781698075484274 -0.5017486690283542 -0.21971666950066987 -0.7220056198798295 0.04645655710744095
5 45 1.1594108831227483 0 43.25568285516789 0.3994721671761349 0.025639170583589874 0.21124072362050852 -0.4803727687850765 -0.22208913375969327 1.4036347700935492 0.05913946969790365
5 45 0.9569213574520927 0 43.70253353313536 0.5539892513452364 0.02900008315453163 0.2589449409454472 -0.49640251682467323 -0.3117592083191253 -1.2988994091194446 0.035146002323386195
6 54 1.073610959561462 0 41.897951199916506 0.40043982071189305 -0.043906646728203845 0.0855447640603372 -0.49462196836539624 -0.31162706984551436 0.5058208496284695 0.062460271246533625
6 54 0.8665815540151391 0 42.68600785418821 0.5400767279025721 0.01913590863669101 0.15541590180666232 -0.46765113992221174 -0.296516244999863 -0.6006055817467001 0.04539903135086084
7 63 0.9272133536783337 0 41.69200705459264 0.3987527684486615 -0.0002783536515954245 0.17093033703693594 -0.5019413344043107 -0.3140050366758711 0.7236858667762378 0.05284327369760096
7 63 0.8072393512083906 0 41.696935405986046 0.4971215450617377 0.012567472633161936 0.15147593429954082 -0.5025669226340562 -0.3125437831328786 0.07312867491069541 0.05394674085448897
8 72 0.8631435845020674 0 41.87347914077931 0.4087942742602083 -0.015566284118004852 0.1885147321450553 -0.49396465331796596 -0.3140027189331427 1.4230676857342413 0.04683309088118471
8 72 0.7457017117871321 0 43.55908403660289 0.5166038120434132 0.026546683084702944 0.19641670276602965 -0.47631575012044264 -0.20970145272051222 -0.4416844689847094 0.05780565760627515
9 81 0.8260277815219168 0 42.00661298964798 0.4009035389049673 0.021675001497968964 0.17018235716670477 -0.5023898852385111 -0.31012758415280334 0.2033166488845839 0.04771574741707659
9 81 0.6867531417130965 0 42.54945261800862 0.5334587904097404 0.010142786891268487 0.11450657126704511 -0.4699349549033929 -0.30309256672943824 0.6798696569247309 0.057457755134655494
10 90 0.7719236095547367 0 42.59466798074573 0.4010743471703813 0.028333977990842085 0.17006211867785456 -0.4669587897496351 -0.3045997807102478 0.8315449714539314 0.04291822461133291
10 90 0.5830817842566984 0 41.75104503967221 0.518718742622974 -0.0009378039810902863 0.11530559727380948 -0.49983249174997324 -0.31311314950263874 0.2731124510655044 0.06251581171623927
11 99 0.6708441713025556 0 41.80483148022626 0.39880810009141254 0.007872340198914099 0.1520478421407948 -0.5008125914876149 -0.30749802077749483 1.4248455004020055 0.05938075830644564
11 99 0.6022562461996291 0 41.778919525237214 0.5162475074718628 0.0077108719136624 0.1491754394678215 -0.49868820715765005 -0.3130258471537845 0.8029466225907892 0.04627125824492475
12 108 0.6325896439630784 0 41.78912469216118 0.4020668269392637 0.03480183914330005 0.16579116833008242 -0.5000992529027942 -0.309921628212508 0.7395924404584864 0.04309662151211658
12 108 0.5497167499466955 0 42.04424514447699 0.5101775074032153 0.006639547308274287 0.1244290301649738 -0.488375841695962 -0.3105601548344407 -0.04958598965255767 0.04694979737438855
13 117 0.5443196351985637 0 41.708357461313206 0.41272871213173945 0.018324041732276884 0.1479859710627988 -0.5014650306455714 -0.31357103732385944 0.7940307288299786 0.040971833240815686
13 117 0.5165098457047645 0 41.83891974547519 0.5172735879495866 0.017484509231537968 0.1349350766931305 -0.49729926532076896 -0.31090672091309546 0.9001365184198261 0.0430667518753887
14 126 0.489000977651431 0 42.02809175536264 0.400341266769914 0.0011219322448234384 0.19053547271833443 -0.4919614536945954 -0.3058615906028783 0.9970017423885109 0.05746854910760247
14 126 0.5384355499317525 0 42.37252392147393 0.5241131057038528 0.0031355076174002378 0.1295155299250269 -0.486576670222988 -0.3019757922875775 1.2198969669218602 0.029883547439712284
15 135 0.4522666976215444 0 41.80403868309545 0.4005072835540725 -0.00651359030925691 0.19489616019440853 -0.49845786536803843 -0.31162667134202876 1.2448830929104637 0.04627919154312715
15 135 0.5168455606296454 0 41.937473989166385 0.5366571639156994 -0.01028808333026627 0.08562760998025512 -0.5017870706688666 -0.29547223967303277 0.14284604541781742 0.038498725425407325
16 144 0.4043595488690901 0 41.72383127683169 0.40213220740285543 0.011352967959414362 0.21050378902358124 -0.501011801840899 -0.3132837261843513 1.5378025095230632 0.045948661479231684
16 144 0.4669687667089086 0 41.69726032467728 0.5431441087099201 0.028354867872498007 0.11676488404532691 -0.5025193137573473 -0.31256507431431296 0.34842713966245553 0.04976773963702898
17 153 0.39794102036000223 0 41.73422091256653 0.40232365346365717 -0.010738026699884022 0.15938149142264219 -0.5000256044323237 -0.3141031013244344 1.4487057819222409 0.05118947857406221
17 153 0.39794102036000223 0 41.73422091256653 0.40232365346365717 -0.010738026699884022 0.15938149142264219 -0.5000256044323237 -0.3141031013244344 1.4487057819222409 0.05118947857406221
17 153 0.4061089132982573 0 41.709123315827696 0.5070212462468733 0.019086435977298786 0.14469148752305977 -0.5026290108803348 -0.3115271891346116 0.43026385407340473 0.05637018046729096
17 153 0.4061089132982573 0 41.709123315827696 0.5070212462468733 0.019086435977298786 0.14469148752305977 -0.5026290108803348 -0.3115271891346116 0.43026385407340473 0.05637018046729096
