% # columns="iteration, evaluation, sigma, axis ratio, bestever, best, median, worst objective function value, interquartile range, 25%tile, current best feasible f-value, elapsed wallclock time [s], further/more values", seed=2567, Fri Aug 28 18:42:21 2026, <python>{}</python>
1 9 0.944972989972906 1.0000428580612375 2.025510645843508 2.0255106458435082e+00 43.13186149438929 52.99965931748466 36.9184944228385 15.208561058035292 nan 0.1   
1 9 0.9449729899729059 1.0000428580612375 2.0254074021965804 2.0254074021965804e+00 43.13169012636305 52.99268909742574 36.94642774011982 15.208514543393115 nan 0.1   
1 9 0.9449729899729059 1.0000428580612375 2.025426035448153 2.0254260354481528e+00 43.13171313771477 52.99271819641328 36.92810403589894 15.208519341862813 nan 0.1   
1 9 0.9449729899729059 1.0000428580612375 2.025197681227941 2.0251976812279411e+00 43.131540178955106 52.99354511746435 36.87771686775095 15.208549953335611 nan 0.1   
1 9 0.9449729899729059 1.0000428580612375 2.0252525736173737 2.0252525736173737e+00 43.131578365170505 53.01129869545188 36.929697568942025 15.208631670081592 nan 0.1   
1 9 0.944972989972906 1.0000428580612375 2.025378288748451 2.0253782887484508e+00 43.131682618435256 53.026124490892535 36.857997385109236 15.208556017179603 nan 0.1   
1 9 0.9449729899729059 1.0000428580612375 2.0253650081393335 2.0253650081393335e+00 43.1316483105565 52.993606652796075 36.89547355715979 15.208507688813972 nan 0.1   
1 9 0.944972989972906 1.0000428580612375 2.025416251613788 2.0254162516137879e+00 43.13181042966199 52.999603533743226 36.858407043545 15.208521754965876 nan 0.1   
2 18 0.9087555735421705 1.27248786444527 1.8118274876609146 1.8118274876609146e+00 43.44979831064414 49.88224353710571 41.64168375459355 6.896909376650638 nan 0.2   
2 18 0.908755573542171 1.2724878644452704 1.8116551226007114 1.8116551226007114e+00 43.44995585265978 49.882199954176095 41.641710323667574 6.896897224099966 nan 0.2   
2 18 0.9087555735421707 1.27248786444527 1.8116930702511045 1.8116930702511045e+00 43.44988531112519 49.88228049600123 41.64091105058188 6.897606228036086 nan 0.2   
2 18 0.9087555735421706 1.2724878644452702 1.8118155857676475 1.8118155857676475e+00 43.44981961668609 49.88222476308702 41.641596560674216 6.89702173341967 nan 0.2   
2 18 0.9087555735421707 1.2724878644452702 1.8117440078254219 1.8117440078254219e+00 43.44999609533724 49.882239977190686 41.6410165082046 6.897669641332218 nan 0.2   
2 18 0.9087555735421708 1.2724878644452702 1.8118288896723145 1.8118288896723145e+00 43.44980276182494 49.88223624620102 41.641688142009386 6.896912581087488 nan 0.2   
2 18 0.908755573542171 1.2724878644452697 1.811853070030815 1.8118530700308151e+00 43.449872672760804 49.88236289653767 41.64087501089097 6.897784652945385 nan 0.2   
2 18 0.908755573542171 1.2724878644452695 1.8117661027399081 1.8117661027399081e+00 43.44995036932538 49.882419909614796 41.640970888469326 6.897675473145819 nan 0.2   
3 27 0.8929064494700624 1.4334156399117406 1.7384600739318865 1.7384600739318865e+00 29.71544694842379 48.37473183570369 19.40011116112119 14.90257503832395 nan 0.3   
3 27 0.8929064494700621 1.4334156399117401 1.738491608699843 1.7384916086998430e+00 29.715692004038985 48.32675635548296 19.396440734886365 14.902532339633726 nan 0.3   
3 27 0.892906449470062 1.43341563991174 1.7384016834150475 1.7384016834150475e+00 29.715597315095668 48.32392015966219 19.39616564907353 14.902470782232536 nan 0.3   
3 27 0.8929064494700619 1.4334156399117401 1.7386073513808191 1.7386073513808191e+00 29.71546753813 48.32413401540018 19.396326400098545 14.902493506508149 nan 0.3   
3 27 0.8929064494700621 1.43341563991174 1.7386168414403993 1.7386168414403993e+00 29.715529739072565 48.32721414655209 19.396531357379338 14.902569114490824 nan 0.3   
3 27 0.892906449470062 1.4334156399117406 1.7384966060028246 1.7384966060028246e+00 29.71553142810829 48.32698408066376 19.396387951338273 14.902574565901528 nan 0.3   
3 27 0.892906449470062 1.4334156399117408 1.7386017327316934 1.7386017327316934e+00 29.71545767408138 48.32364904609035 19.39626649222241 14.902496458528622 nan 0.3   
3 27 0.8929064494700619 1.4334156399117404 1.7385901524107745 1.7385901524107745e+00 29.71545702294915 48.323642415407456 19.396250779289204 14.902497606968211 nan 0.3   
4 36 0.9107936243491097 1.460048983558882 0.0037473159833885396 3.7473159833885396e-03 2.0993983458900134 6.892033802147539 3.806606175158782 0.8283365313114526 nan 0.4   
4 36 0.9107936243491088 1.4600489835588817 0.0038536215458116604 3.8536215458116604e-03 2.0995418610934085 6.891914234382598 3.807428645620017 0.8275698973617811 nan 0.4   
4 36 0.9107936243491089 1.4600489835588815 0.0038523474833150576 3.8523474833150576e-03 2.0993917676991614 6.891894509888152 3.805073860096474 0.8298773554605966 nan 0.4   
4 36 0.910793624349109 1.4600489835588821 0.0037658390792326786 3.7658390792326786e-03 2.099300266159262 6.891860621617825 3.7934160600946463 0.8414686031596463 nan 0.4   
4 36 0.910793624349109 1.460048983558882 0.003844763992536356 3.8447639925363558e-03 2.099568937884067 6.891894598520901 3.8073155754300987 0.8276637113703643 nan 0.4   
4 36 0.910793624349109 1.4600489835588821 0.003854057129876469 3.8540571298764691e-03 2.0995127028328398 6.891926659082862 3.80743326047556 0.8275739041477745 nan 0.4   
4 36 0.9107936243491092 1.4600489835588812 0.0039031061345200808 3.9031061345200808e-03 2.0994888378411978 6.892038390069976 3.8067124361756743 0.8283644086079853 nan 0.4   
4 36 0.9107936243491092 1.4600489835588812 0.0038497569983278225 3.8497569983278225e-03 2.0993400685483152 6.892091063158231 3.806647943398863 0.828381899400392 nan 0.4   
5 45 0.9600110149980431 1.4722261197107165 0.002755594591724942 2.7555945917249421e-03 7.772555097584554 32.787612654472596 19.24635631059555 0.8542187278430986 nan 0.4   
5 45 0.9600110149980414 1.4722261197107167 0.0026145063385118184 2.6145063385118184e-03 7.772493341935908 32.62954982541812 19.246324406012594 0.8543346192595375 nan 0.4   
5 45 0.9600110149980415 1.4722261197107163 0.002719475151502537 2.7194751515025369e-03 7.772484881555662 32.63565009529728 19.247308999934116 0.8542807467558768 nan 0.4   
5 45 0.9600110149980416 1.4722261197107163 0.002693114162258609 2.6931141622586088e-03 7.7725646387342096 32.63437650520078 19.246326967139613 0.8544417949780505 nan 0.4   
5 45 0.9600110149980422 1.4722261197107163 0.002700028596961801 2.7000285969618009e-03 7.772489342385702 32.629802864445146 19.24623716607926 0.854311640294591 nan 0.4   
5 45 0.9600110149980422 1.4722261197107163 0.0027277557173281735 2.7277557173281735e-03 7.772482101980971 32.641705281713 19.24920140718186 0.8542678178977252 nan 0.4   
5 45 0.9600110149980419 1.4722261197107156 0.002706828605464143 2.7068286054641429e-03 7.772528107460432 32.63892343576695 19.24629461340884 0.8542735313998003 nan 0.4   
5 45 0.9600110149980419 1.4722261197107158 0.0027912768145892854 2.7912768145892854e-03 7.772534827878745 32.6349845655694 19.246280923603162 0.8542971031762261 nan 0.4   
6 54 1.0469016112629952 1.59213404778188 0.002755594591724942 1.7309500877895218e-01 2.297797728221601 14.956043013201198 2.8676340077285625 0.9081106111817807 nan 0.5   
6 54 1.0469016112629927 1.59213404778188 0.0026145063385118184 1.7287089595452726e-01 2.2977884544564025 14.956021219855407 2.8673821454715025 0.9083020124881536 nan 0.5   
6 54 1.0469016112629932 1.5921340477818795 0.002719475151502537 1.7297767453316618e-01 2.2977750927004137 14.955848339542195 2.867596224202912 0.9082072600771874 nan 0.5   
6 54 1.046901611262994 1.59213404778188 0.002700028596961801 1.7297198759999260e-01 2.2977884500703474 14.955896357319606 2.867555956528144 0.9082330208007318 nan 0.5   
6 54 1.0469016112629934 1.5921340477818793 0.002706828605464143 1.7285890532254319e-01 2.297778099086091 14.956089977341865 2.86759420156642 0.908230069782516 nan 0.5   
6 54 1.0469016112629934 1.5921340477818795 0.002693114162258609 1.7295260004509447e-01 2.297882076560874 14.956309923283005 2.867354864764666 0.908398680982751 nan 0.5   
6 54 1.046901611262994 1.59213404778188 0.0027277557173281735 1.7296949415704718e-01 2.2977675290016033 14.95584190160532 2.867612789420398 0.9081936052911636 nan 0.5   
6 54 1.0469016112629936 1.592134047781879 0.0027912768145892854 1.7293052004506668e-01 2.2978099190755725 14.956104800755917 2.86762768924115 0.9082301206627763 nan 0.5   
7 63 0.9808150963897807 1.7152660650392357 0.001092892541363427 1.0928925413634270e-03 1.6748313976945262 36.294368292700064 3.600077956939476 0.003665923444079097 nan 0.6   
7 63 0.9808150963897784 1.715266065039235 0.0010702725425955886 1.0702725425955886e-03 1.674770934126231 36.29387844521911 3.5981847312798316 0.003549352228521674 nan 0.6   
7 63 0.9808150963897786 1.7152660650392353 0.001096919250500763 1.0969192505007629e-03 1.6747618167449696 36.3033813525479 3.5977615965401766 0.003614642577199142 nan 0.6   
7 63 0.9808150963897787 1.7152660650392348 0.0011570396760108403 1.1570396760108403e-03 1.6748088879992948 36.297028917935286 3.648140656338346 0.0035030708414343385 nan 0.6   
7 63 0.9808150963897797 1.7152660650392357 0.0011014519715457421 1.1014519715457421e-03 1.6747734634245606 36.30409210411197 3.643189612653245 0.003607041990040253 nan 0.6   
7 63 0.9808150963897796 1.7152660650392362 0.001093009397641212 1.0930093976412121e-03 1.6747554428489824 36.29400264156599 3.625958243870938 0.003609436267394177 nan 0.6   
7 63 0.9808150963897792 1.7152660650392355 0.0010677748541930289 1.0677748541930289e-03 1.6748295852919772 36.29428969506558 3.600265009729881 0.0036365409065497907 nan 0.6   
7 63 0.9808150963897793 1.7152660650392348 0.0011329336572410199 1.1329336572410199e-03 1.674806818409378 36.29436806461259 3.6257494670781436 0.0035795406028241057 nan 0.6   
8 72 0.9439356079277108 1.784536494870045 0.0008409895652970013 8.4098956529700126e-04 0.3118842286876192 19.489262604281148 0.8892601567029682 0.0026971716964632876 nan 0.6   
8 72 0.9439356079277084 1.784536494870045 0.0008601871724184449 8.6018717241844486e-04 0.3115789133058996 19.487866335139426 0.8869573173693157 0.0025782175626473 nan 0.6   
8 72 0.9439356079277086 1.7845364948700455 0.0009596109018028883 9.5961090180288829e-04 0.3117690509794825 19.608227304631086 0.9672467312813853 0.002599018146906263 nan 0.7   
8 72 0.9439356079277088 1.784536494870044 0.0007914230846619761 7.9142308466197608e-04 0.311531901932976 19.488931594235098 0.8892045808647902 0.002507713513101986 nan 0.7   
8 72 0.9439356079277097 1.7845364948700453 0.0009865717491241645 9.8657174912416450e-04 0.31176227626935643 19.591608356109074 0.9918570012887027 0.002621640723631684 nan 0.7   
8 72 0.9439356079277094 1.7845364948700442 0.000904611667939535 9.0461166793953500e-04 0.31165193221826537 19.48883754669491 0.8889917378050375 0.0026049315393882953 nan 0.7   
8 72 0.9439356079277097 1.7845364948700444 0.0009484205803524737 9.4842058035247371e-04 0.311752102768232 19.526690850955376 0.986032615893248 0.002581605292307091 nan 0.7   
8 72 0.9439356079277096 1.784536494870045 0.0009674079129824432 9.6740791298244322e-04 0.31164657193548384 19.48911519593632 0.8953155212950218 0.0025329639568563178 nan 0.7   
9 81 0.8206293312726306 1.7290466496248884 0.0008409895652970013 1.6913908593987408e-03 3.4803547761868168 57.841757276671366 22.026906676182822 0.0894322740544079 nan 0.7   
9 81 0.8206293312726285 1.729046649624888 0.0008601871724184449 1.5942320446939366e-03 3.5153527510079576 57.8273309606935 22.016585686033647 0.09955568809804805 nan 0.7   
9 81 0.8513798812063996 1.743928454752806 0.0009596109018028883 1.0543171718465564e-03 1.092620169785291 33.82227107336268 8.855903250702442 0.09188031988523049 nan 0.7   
9 81 0.8206293312726284 1.7290466496248869 0.0007914230846619761 1.5608274899031537e-03 3.480845123021718 57.743225959734474 22.02625517932174 0.08984440975748899 nan 0.7   
9 81 0.8513798812064006 1.7439284547528058 0.0009865717491241645 1.0178258210990338e-03 1.0925406467255117 33.82342209459702 8.819726616556904 0.09190435155791948 nan 0.7   
9 81 0.8206293312726292 1.7290466496248864 0.0009674079129824432 1.5542430587295415e-03 3.489952654551174 57.743332838278064 22.026345603416413 0.08979681187335674 nan 0.7   
9 81 0.8513798812064005 1.7439284547528047 0.0009484205803524737 1.0777843603612944e-03 1.0926482052123863 33.82426320985325 8.838113789279053 0.0918506615495889 nan 0.7   
9 81 0.8206293312726293 1.7290466496248875 0.000904611667939535 1.6187945180549301e-03 3.505521298305174 57.844820442990766 22.026634826563715 0.08950455859255105 nan 0.7   
10 90 0.7289711996298535 1.714328263598712 0.0008409895652970013 1.3690064635114361e-03 0.09977915856317385 2.043760609499748 0.9288404635677808 0.002358130401842125 nan 0.7   
10 90 0.7289711996298514 1.7143282635987112 0.0008601871724184449 1.2465568112294424e-03 0.0995516680893194 2.043672697910009 0.9289229465277281 0.0023182376089218634 nan 0.8   
10 90 0.7289711996298512 1.7143282635987112 0.0007914230846619761 1.2947664980690451e-03 0.09956175812207 2.043749773395652 0.9288884816654389 0.0023110414137200814 nan 0.8   
10 90 0.8078747559212405 1.7252169924624063 0.0009596109018028883 1.2366994010625447e-03 0.42170269519540826 3.90310667714702 2.4198840446212517 0.0018033672361598124 nan 0.8   
10 90 0.8078747559212414 1.7252169924624055 0.0009865717491241645 1.2221341596436366e-03 0.4218081715833492 3.9008434797878664 2.4244910052339796 0.001807019950055527 nan 0.8   
10 90 0.728971199629852 1.7143282635987112 0.0009674079129824432 1.3280233105936138e-03 0.09958639680279475 2.043660016110634 0.9287508573068054 0.002332858777098959 nan 0.8   
10 90 0.8078747559212412 1.7252169924624063 0.0009484205803524737 1.2491068784277208e-03 0.42169804354450924 3.8888511774136836 2.3940372340921052 0.0018021051364205687 nan 0.8   
11 99 0.6581829545660899 1.773351082720455 0.0008409895652970013 1.2760848463484672e-03 0.14182701449105795 42.40582071594063 0.8391465228780337 0.0023787034426869754 nan 0.8   
10 90 0.7289711996298521 1.7143282635987125 0.000904611667939535 1.3202693677559433e-03 0.09961127004157293 2.043681957089696 0.928802867507625 0.0023949099873423222 nan 0.8   
11 99 0.6581829545660878 1.7733510827204544 0.0008601871724184449 1.2076832892103364e-03 0.14182388136391458 42.39493398813928 0.8389802256952457 0.0023034632697719994 nan 0.8   
11 99 0.6581829545660882 1.7733510827204544 0.0007914230846619761 1.3490444996972373e-03 0.141930307177819 42.53584118058791 0.8389338245066938 0.0023439796459063605 nan 0.8   
11 99 0.8331957561926431 1.8347419180118583 0.0009596109018028883 1.7995269429104052e-03 0.2611747502921425 46.50289223172384 10.189724210112796 0.04604275332427529 nan 0.8   
11 99 0.8331957561926439 1.8347419180118583 0.0009865717491241645 1.7791354887014812e-03 0.2615419488330732 46.50295626785764 10.189999862635762 0.04600678402088155 nan 0.8   
11 99 0.6581829545660889 1.773351082720454 0.0009674079129824432 1.2984278723947498e-03 0.1419213485853071 42.42547180391665 0.8389103209516572 0.002387392731792956 nan 0.8   
11 99 0.8331957561926441 1.834741918011859 0.0009484205803524737 1.8048805256107360e-03 0.2611999959551545 46.50290069407415 10.189715304057858 0.04605915682518911 nan 0.9   
11 99 0.6581829545660888 1.7733510827204553 0.000904611667939535 1.2893039893778957e-03 0.14188119330520155 42.42357427514047 0.8389068767933464 0.0023951547052772615 nan 0.9   
12 108 0.6545252902319152 1.7449627789016144 0.0008409895652970013 1.3859056467097539e-03 0.34731947454202394 2.3440869033532157 0.7753079397118974 0.11880363983318976 nan 0.9   
12 108 0.6545252902319131 1.7449627789016142 0.0008601871724184449 9.7749227403336170e-04 0.3431284632597341 2.341295485051593 0.7747678419636572 0.11860510919542011 nan 0.9   
12 108 0.6545252902319134 1.744962778901614 0.0007914230846619761 9.9428431512204175e-04 0.3544589468679972 2.3754067084460018 0.8399966413191029 0.1187019992145636 nan 0.9   
12 108 0.7805308994169247 1.8514869013976547 0.0009596109018028883 2.3547473455477657e-03 0.8780906161412654 26.858581676489646 4.080735095856422 0.33146201887364485 nan 0.9   
12 108 0.7805308994169257 1.8514869013976543 0.0009865717491241645 2.3808152775644412e-03 0.8779993908984675 26.85857028634944 4.080984806560445 0.33145365187782155 nan 0.9   
12 108 0.654525290231914 1.7449627789016127 0.0009674079129824432 1.1497833908643267e-03 0.34444083026700195 2.4092320743206708 0.7754670474158758 0.11871123441032336 nan 0.9   
12 108 0.7805308994169253 1.8514869013976554 0.0009484205803524737 2.3417259585251449e-03 0.8781388839435337 26.858562703266404 4.080735023577609 0.3314567778919084 nan 0.9   
13 117 0.6024223710435593 1.9952007653581796 0.0008409895652970013 1.4669679044171208e-03 2.1578406718782666 41.979649778968636 11.994847001983281 0.0019891299744033888 nan 0.9   
12 108 0.6545252902319141 1.7449627789016136 0.000904611667939535 1.0241873431047132e-03 0.34414277785826686 2.3440805208841597 0.7754646855077488 0.118669903760855 nan 0.9   
13 117 0.6024223710435574 1.9952007653581811 0.0008601871724184449 1.3077660274096465e-03 2.1541613162998776 41.97749225247664 11.975480260964105 0.0018292411969380157 nan 0.9   
13 117 0.7971761793313038 1.9736713977582758 0.0009596109018028883 1.7024613585706159e-03 0.0034737154568995994 2.2020945949697346 1.2856571667415992 0.0024688353514190978 nan 1.0   
13 117 0.6024223710435578 1.9952007653581785 0.0007914230846619761 1.4415101141519652e-03 2.1774410399294437 42.01037260124458 12.084988150548787 0.0019128370457241958 nan 1.0   
13 117 0.797176179331305 1.9736713977582763 0.0009865717491241645 1.6840934338001750e-03 0.00346101107535999 2.2021072964526436 1.2856779719782436 0.0024519492299300816 nan 1.0   
13 117 0.797176179331305 1.9736713977582756 0.0009484205803524737 1.7070306604017808e-03 0.003478021653679581 2.2020744209971963 1.2856536721254255 0.002472863684665568 nan 1.0   
13 117 0.6024223710435586 1.9952007653581778 0.0009674079129824432 1.4015547567188256e-03 2.307923639412012 42.00896559351569 12.088618171209594 0.001966376159936552 nan 1.0   
14 126 0.5854219039113728 1.9571228335982376 0.0008409895652970013 1.4797701721937634e-03 0.1430287146950208 2.2268555114774293 0.4298476494978967 0.02368348261239047 nan 1.0   
13 117 0.6024223710435584 1.995200765358181 0.000904611667939535 1.3515140798293255e-03 2.1605925907708974 41.97951678224175 11.986489070438816 0.001902689518329847 nan 1.0   
14 126 0.5854219039113708 1.9571228335982376 0.0008601871724184449 1.4126236263801170e-03 0.14744814238934342 2.2240354120134107 0.43033582553337785 0.023292457910355394 nan 1.0   
14 126 0.5854219039113712 1.9571228335982376 0.0007914230846619761 1.3660006436436130e-03 0.14286599249065854 2.4501794958591523 0.42982832113139635 0.02380271786996957 nan 1.0   
14 126 0.9398803603999754 2.0918535441454575 0.0009596109018028883 3.3876200521939554e-03 0.4898479683377373 10.366544398420656 2.374762790177659 0.0035783306647170798 nan 1.0   
14 126 0.9398803603999766 2.091853544145459 0.0009865717491241645 3.3871780973935804e-03 0.4897739905133599 10.366472802299747 2.3828833887023744 0.0035503113459758205 nan 1.0   
14 126 0.9398803603999768 2.091853544145459 0.0009484205803524737 3.3906067153793578e-03 0.489895672240759 10.366568370817422 2.3876028683103896 0.003584488389487577 nan 1.0   
14 126 0.585421903911372 1.9571228335982376 0.0009674079129824432 1.3177623569753114e-03 0.15871706191716198 2.2400897345435404 0.44432222574046404 0.023771223243615074 nan 1.0   
15 135 0.5978422546143448 2.024619725974082 0.0008409895652970013 1.0810236523123384e-03 0.0021222568025015282 0.004915621157539903 0.0018216199163281301 0.001534892053085621 nan 1.0   
14 126 0.5854219039113719 1.9571228335982382 0.000904611667939535 1.4403705372219256e-03 0.14284076668785942 2.226949000236687 0.429792188679042 0.023807640979447774 nan 1.0   
15 135 0.5797498023185449 2.0246197259740817 0.0008601871724184449 1.2023197478840052e-03 0.0020419861216752896 0.004695755259558521 0.0018901613060602848 0.0015317069631107928 nan 1.1   
15 135 0.5797498023185449 2.0246197259740812 0.0007914230846619761 1.0941064382509892e-03 0.002063567074796349 0.005010748535394313 0.0019134121836830464 0.0015326221628364817 nan 1.1   
15 135 0.8655317777034368 2.359166853132154 0.0009596109018028883 2.7045849887346453e-03 0.39193579338890333 35.19418290470833 7.414237353189709 0.0032894305589164464 nan 1.1   
15 135 0.8655317777034378 2.3591668531321526 0.0009865717491241645 2.7592354833701383e-03 0.3919440528783764 35.194162097614246 7.414253573034011 0.0032918063144435268 nan 1.1   
15 135 0.865531777703438 2.3591668531321552 0.0009484205803524737 2.6666579775138500e-03 0.3919306934062799 35.194184098642936 7.414225518716798 0.0032901570410713075 nan 1.1   
15 135 0.5978422546143438 2.0246197259740817 0.0009674079129824432 1.0835347102029845e-03 0.002143011342531057 0.0095028445553643 0.0018939501212064723 0.0015429917118642536 nan 1.1   
15 135 0.579749802318546 2.024619725974081 0.000904611667939535 1.3043140819550209e-03 0.0021230938949608324 0.004940801921189549 0.0018922142633446988 0.0015815507965775283 nan 1.1   
16 144 0.582575693916806 2.1015765850388104 0.0006017465807954054 6.0174658079540538e-04 0.0017283511749720073 0.8358290390330929 0.09062777586466102 0.0012000295692269811 nan 1.1   
16 144 0.626448452670874 2.092617668531009 0.0008080043710041318 8.0800437100413179e-04 0.0017488942679015297 0.46255660290690287 0.01590300238249025 0.0012211982676920128 nan 1.1   
16 144 0.5140866459178054 2.088730863569985 0.0007488478222011602 7.4884782220116020e-04 0.0020907931944131194 0.1203749508460162 0.024178940999898535 0.0013680364351557378 nan 1.1   
16 144 0.783847183450373 2.4328170582187236 0.0009596109018028883 2.7644709260216498e-03 0.3323764255227165 25.051945784342035 6.946595915680848 0.0030522074714722193 nan 1.2   
16 144 0.7710259698063462 2.4328170582187227 0.0009865717491241645 2.7863461630534599e-03 0.33243529035797353 25.051525147945863 6.949601867683583 0.003041950456690888 nan 1.2   
16 144 0.7838471834503737 2.4328170582187223 0.0009484205803524737 2.7323904235732159e-03 0.33234676028855126 25.057127510080406 6.9700721724869075 0.003059364581433054 nan 1.2   
16 144 0.5825756939168046 2.101576585038811 0.0004586379917603237 4.5863799176032368e-04 0.0016679256705112186 0.8257620386326092 0.09513957365139074 0.0011969011936748546 nan 1.2   
17 153 0.5417071414878829 2.228072939611367 0.0006017465807954054 6.3184400776184206e-04 0.018832582461547287 1.7626834465836194 0.12397003428586345 0.0014096003490473266 nan 1.2   
16 144 0.6264484526708751 2.092617668531009 0.000904611667939535 9.0859390397962658e-04 0.0018197593323577047 0.46498896311017573 0.01614110483578429 0.001263540204500321 nan 1.2   
17 153 0.6696284845836317 2.3162860638165554 0.0007550204968904074 7.5502049689040742e-04 0.008692127707312156 1.7631939591868206 0.2975451337718093 0.0016392434286389905 nan 1.2   
17 153 0.47412012052713537 2.2110357570401504 0.0007488478222011602 1.1765581353017055e-03 0.0021381767507127497 0.4286993846890985 0.14715517154081398 0.001436812304269225 nan 1.2   
17 153 0.784746966059137 2.5216362737092783 0.0009596109018028883 1.5070951979434838e-03 0.4188383964045486 28.091291651222758 2.752473285502175 0.003402968738470085 nan 1.2   
17 153 0.7220366342288944 2.504587229439146 0.0009865717491241645 1.5944260724950537e-03 0.003422157841980363 20.42598153151097 1.0822803540828843 0.0030940142414663837 nan 1.2   
17 153 0.7847469660591375 2.5216362737092806 0.0009484205803524737 1.4856281085584276e-03 0.4188158977078344 28.07681188738837 2.7524963401823648 0.0033813538311021595 nan 1.2   
17 153 0.5417071414878819 2.228072939611367 0.0004586379917603237 7.1279679707753117e-04 0.018905198616884743 1.8657848860656459 0.12391330507075016 0.0013399584598468065 nan 1.2   
18 162 0.5132494855279776 2.2201267830473523 0.0005838986129231798 5.8389861292317978e-04 0.0017826799839300983 0.5639539742841772 0.09819261751207012 0.0010598630512059183 nan 1.2   
17 153 0.6696284845836322 2.3162860638165568 0.000799134411587629 7.9913441158762895e-04 0.00896904240467977 1.7633149676766215 0.2951587338793348 0.0016968931805859478 nan 1.2   
18 162 0.686872375738984 2.4869798417602293 0.0007550204968904074 1.4825560400995733e-03 0.0969118157983674 1.2672461568673428 0.2588037532813996 0.001891240692051164 nan 1.2   
18 162 0.43954861527171774 2.3151097302576322 0.0007488478222011602 8.9710282650460672e-04 0.001455917891067792 0.39308045743648595 0.06113303278472471 0.0011845871033786925 nan 1.3   
18 162 0.8063271629143438 2.848632207667234 0.0009596109018028883 2.0136627987339642e-03 0.0029050585233579406 0.9497370395947194 0.5310818230237901 0.0022693238206202915 nan 1.3   
18 162 0.6976467045659195 2.7234263921756203 0.0009865717491241645 2.2249740210179927e-03 0.4521754083458211 1.4979918106865788 0.5421648755985741 0.002969486345450897 nan 1.3   
18 162 0.8063271629143443 2.8486322076672335 0.0009484205803524737 1.9795852813698058e-03 0.0028834859062928453 0.9497144413690591 0.5310902992798675 0.002247672037980208 nan 1.3   
18 162 0.5132494855279764 2.2201267830473492 0.0004586379917603237 6.2007220699476524e-04 0.0017610245860298136 0.5641363689807044 0.09834700682749976 0.0010239052989772712 nan 1.3   
19 171 0.4462517039881977 2.337666677374032 0.0005838986129231798 1.1007709333148562e-03 0.2852854136019433 1.0907064042501 0.968063457635757 0.048395912871134227 nan 1.3   
18 162 0.6868723757389841 2.486979841760231 0.000799134411587629 1.5251745681839799e-03 0.09788615450581119 1.2712221090380715 0.2597094206826423 0.0019818171295088154 nan 1.3   
19 171 0.6095942569692013 2.5510767162289762 0.0007550204968904074 1.4398039369863302e-03 0.0021355674947806116 1.2986473498966198 0.7288975469387465 0.001683538155698883 nan 1.3   
19 171 0.41719641308960514 2.5869425376735284 0.0006115590738972678 6.1155907389726777e-04 0.0012317862035455555 0.18613921433982114 0.01409831192713166 0.0009849776119231744 nan 1.3   
19 171 0.7562989328256247 2.83997988604004 0.0009596109018028883 2.0394962940498348e-03 0.003150661666514573 0.9246352832051098 0.09974666217466839 0.002463307565736925 nan 1.3   
19 171 0.6330660002572158 2.8579707280193305 0.0009865717491241645 1.9354230873985989e-03 0.003283407989508484 0.9036600612563664 0.10605793237145264 0.0024093696416502665 nan 1.3   
19 171 0.44625170398819647 2.3376666773740298 0.0004586379917603237 8.8072774800194834e-04 0.29333203014463893 1.121000379832141 0.9516782508471522 0.04052523966170955 nan 1.3   
19 171 0.756298932825625 2.8399798860400383 0.0009484205803524737 2.0264718616643633e-03 0.0031265081200278206 0.9246492195302125 0.09975988064622818 0.0024327832715542843 nan 1.3   
20 180 0.3979172266898888 2.2974456601730675 0.000564486239475121 5.6448623947512105e-04 0.0011798839655519809 0.046718466426324816 0.0006686389987153513 0.0007885654190869142 nan 1.4   
19 171 0.6095942569692018 2.551076716228976 0.000799134411587629 1.5197197793593300e-03 0.002203998005541996 1.298683504459213 0.7288920370430789 0.0017417979996139296 nan 1.4   
20 180 0.6288452047982597 2.5545675717802045 0.0007550204968904074 1.1074684098218352e-03 0.0027925047272770813 1.0524453007208598 0.43335875385230094 0.0012430950578020765 nan 1.4   
20 180 0.3680454636514148 2.6774494796163113 0.0006115590738972678 6.4966911676103570e-04 0.001206697847817332 0.8202985606850821 0.10602556602628772 0.0009425050056566967 nan 1.4   
20 180 0.719278034054585 2.7194983945314117 0.0009596109018028883 1.1415008992565125e-03 0.1862442332430663 18.724209383389113 1.0008130960675805 0.0019751988504224634 nan 1.4   
20 180 0.6254733855267889 2.7514395949894626 0.0009865717491241645 1.7205785161016982e-03 0.0025960423979938564 0.35106380003061904 0.031051380358491518 0.0020783806774711663 nan 1.4   
20 180 0.7192780340545852 2.719498394531412 0.0009484205803524737 1.1329789497809685e-03 0.1862149229256368 18.724188710761084 1.0008351923088707 0.0019625545921638106 nan 1.4   
20 180 0.38921686877204986 2.313173939013081 0.0004586379917603237 8.2875777392923543e-04 0.0012831095572780316 0.1984103837849197 0.02050392937955453 0.0011487912220657518 nan 1.4   
21 189 0.38222001066991446 2.442943234093179 0.000564486239475121 6.6752157311346881e-04 0.0011376576581756063 1.8007042141214045 0.3242083786965686 0.000868376203192747 nan 1.4   
20 180 0.6288452047982601 2.5545675717802085 0.000799134411587629 1.2092808324212858e-03 0.002873764723279352 1.0553786864943877 0.4333313568696089 0.001352327647505043 nan 1.4   
21 189 0.6161989629142487 2.751202561065023 0.0007550204968904074 8.7716317725079708e-04 0.2020532742301708 1.2713983922781098 0.8220732119891432 0.0012334658328003445 nan 1.4   
21 189 0.3555245325548519 2.6766113141863483 0.0006115590738972678 7.3865801641737061e-04 0.0009574909930958095 0.13223130244351747 0.011361424639848215 0.0008485730801927026 nan 1.5   
21 189 0.7096760411803864 2.893256195244904 0.0009596109018028883 1.3684608195498910e-03 0.0019570310098587914 1.7595286970505544 0.12187834873158078 0.0014818501523184333 nan 1.5   
21 189 0.6836512559374393 2.894576437272446 0.0009865717491241645 1.8549303510235946e-03 0.09749841937820983 1.9702937153366327 0.48471445527369555 0.0024029207986158976 nan 1.5   
21 189 0.33993371967360697 2.2671775877149245 0.0004586379917603237 7.9529472899486794e-04 0.0010780406293763162 0.4441134402361073 0.008240534565672874 0.0008958901920036639 nan 1.5   
21 189 0.6915969523407234 2.893256195244902 0.0009484205803524737 1.3610255908551307e-03 0.0019557424097486164 1.7595137976854054 0.12187887458780372 0.001469293201570939 nan 1.5   
22 198 0.38282214554960003 2.60617514796918 0.00045033625361991974 4.5033625361991974e-04 0.001100263630516708 0.21026621093459474 0.046290670832196575 0.0007269650742876322 nan 1.5   
21 189 0.6161989629142494 2.7512025610650244 0.000799134411587629 9.8155588358023443e-04 0.20212711136335582 1.2715038761025648 0.8225890881267615 0.0013565096253394541 nan 1.5   
22 198 0.5988831896124003 2.793265706107624 0.0006987288140833959 6.9872881408339588e-04 0.001255330657097099 1.6712955381604566 0.2841824632342074 0.0009875488354853248 nan 1.5   
22 198 0.6031375257301091 2.98710769350728 0.0009596109018028883 1.4075482574866488e-03 0.005227417736212847 1.8266092163828689 1.0023419054893516 0.0019363218436840154 nan 1.5   
22 198 0.33803213620056777 2.71933217016188 0.000522814830382271 5.2281483038227100e-04 0.0007526170860140419 1.0969919761987428 0.0003899430515979433 0.0006649756345710106 nan 1.5   
22 198 0.6842005050827218 3.0221710757441187 0.0009865717491241645 1.2661286350986575e-03 0.005632711788523992 19.80905812038962 1.8512348836533512 0.001910735501228468 nan 1.5   
22 198 0.32246420925546754 2.393430804096104 0.0004586379917603237 7.0454232686107527e-04 0.0009179475920225576 0.21411217658462106 0.010266125443562842 0.0008067725631856047 nan 1.5   
22 198 0.5844043387297414 2.9749953117074277 0.0009484205803524737 1.3488872796338287e-03 0.008571904058588906 1.6402198065137576 0.8003631681227255 0.0019062390652542162 nan 1.5   
22 198 0.5895345278805828 2.7932657061076256 0.000799134411587629 8.0188061343814928e-04 0.0013631157189784237 1.6713970634442379 0.2846215445160155 0.0010629540225609096 nan 1.5   
23 207 0.3447734299466368 2.600750548561191 0.00045033625361991974 4.7387192296993654e-04 0.0009525699702332743 0.010540943897841874 0.0016853138158625638 0.0005987443682989922 nan 1.5   
23 207 0.5574717398078183 2.9551232097159406 0.0005071039446077791 5.0710394460777911e-04 0.0010674218018415311 0.1906257066843116 0.0014936427006777186 0.0006443548795707248 nan 1.5   
23 207 0.5572388512417581 2.9379753531879884 0.0009596109018028883 1.3180874526399784e-03 0.010505685214790937 0.8246138426591095 0.5369537732482372 0.001537943827334413 nan 1.6   
23 207 0.3188821166243458 2.9635401633083402 0.000522814830382271 5.7966749220041049e-04 0.0010045970441942692 0.301885098044537 0.03286438246982399 0.0006681648124025447 nan 1.6   
23 207 0.6851377075581376 3.320862957959058 0.0009865717491241645 1.2680736843429124e-03 0.0023866280128165317 1.1149436929259735 0.3319736889040062 0.0014713753155011504 nan 1.6   
23 207 0.27431122172513583 2.5765023141287555 0.0004586379917603237 6.5814190191613466e-04 0.0011809981088115621 0.13089246213979822 0.02844128684917904 0.0010524280131042711 nan 1.6   
23 207 0.49362675508958326 2.935772542295003 0.0009484205803524737 1.1749823400811039e-03 0.016495898856417453 1.1251870016764502 0.9652013073877521 0.0018961836211179672 nan 1.6   
23 207 0.5466462535902735 2.9538543434826385 0.0005421611738957266 5.4216117389572658e-04 0.0008516369486929545 0.11241385623395213 0.0035194775963386365 0.000728709327523971 nan 1.6   
24 216 0.32919387341494655 2.5609454965532263 0.00045033625361991974 6.4773015000899211e-04 0.0010251897560626657 0.09673249951286629 0.043352775713023706 0.0007160738253884899 nan 1.6   
24 216 0.5236573443310291 3.0471426896883678 0.0005071039446077791 8.0107672818071046e-04 0.018202466400008097 0.4626990404144583 0.29414189399678226 0.0009107561633160096 nan 1.6   
24 216 0.4709612249993165 2.7754935081645504 0.0009596109018028883 1.2588625745361263e-03 0.02170812460338347 0.9388817653549861 0.19754358500917066 0.0015559318395287954 nan 1.7   
24 216 0.6338199568976929 3.5235698201952323 0.0009865717491241645 1.3380444793275135e-03 0.0017595601043906958 3.10210737790576 0.056690191258343674 0.0014734490686362568 nan 1.7   
24 216 0.27102561824488686 2.868377567195318 0.000522814830382271 6.4744612150432828e-04 0.00096280501054239 0.09375199149410829 0.014126334807904354 0.0007606230287558336 nan 1.7   
24 216 0.47994513527661137 2.878072934167779 0.0009484205803524737 1.0761707235477850e-03 0.0014171567651867314 0.5409982693037773 0.1199178324667616 0.0012807529550071211 nan 1.7   
24 216 0.26495743237044683 2.527534282417544 0.0004586379917603237 5.6000786551317183e-04 0.0008320595450633775 0.00933948613603263 0.00022013188440650824 0.0007214935528756662 nan 1.7   
24 216 0.5046364146568533 3.0387652749262335 0.0005421611738957266 5.5778418414673917e-04 0.0009745143907832932 0.7515717041573651 0.0023490304488720626 0.0006378917973008263 nan 1.7   
25 225 0.32619522000371504 2.838599318841725 0.00045033625361991974 5.8995853073622615e-04 0.0009133677935086618 0.010585611257834682 0.002375889438935062 0.0007657180159581117 nan 1.7   
25 225 0.49384394242071483 3.4306431547423384 0.0004558578628600474 4.5585786286004741e-04 0.0009286926037453063 0.49981083762985734 0.05354277149610974 0.000868541552182552 nan 1.7   
25 225 0.44801674861389923 2.716105188415173 0.0009596109018028883 1.1553164190166640e-03 0.0017315647004668437 0.1940426388633818 0.004911370400416367 0.0014135973649478206 nan 1.7   
25 225 0.24813128259340794 2.8375775955913567 0.000522814830382271 6.5819422967678938e-04 0.0007931178041282469 0.0011103492377625916 0.00018612167992600268 0.0007581489157427287 nan 1.7   
25 225 0.6197401559521882 3.482367806899836 0.0009865717491241645 1.0781745705606268e-03 0.0019153655671831525 1.3758222070476387 0.09317035774396518 0.00152309273335336 nan 1.7   
25 225 0.5066363952660123 3.011782312638047 0.0009396764188153142 9.3967641881531421e-04 0.017060328566505786 0.4532609081391213 0.23404462126912148 0.0014178871640523442 nan 1.7   
25 225 0.24990278067325622 2.877074887193939 0.0004586379917603237 5.3039865342128167e-04 0.0007216502246156127 0.15107932188652473 0.00017321268744752833 0.0006255025203063628 nan 1.7   
26 234 0.28320329774245373 3.11725298206688 0.00045033625361991974 6.7016649693103097e-04 0.0008308648912267729 0.07104721350023631 0.011349644512413866 0.0007234000475443008 nan 1.7   
25 225 0.5038423143849456 2.9783985969838827 0.0005421611738957266 6.2463306544729275e-04 0.04039606801081878 1.1637128223373332 0.1597075893878414 0.0007660501125441696 nan 1.7   
26 234 0.438088259196994 3.3944487683608795 0.0004558578628600474 7.4418402746926249e-04 0.0010123054357006887 0.02095363403355944 0.005967695524749737 0.0008506735505507177 nan 1.7   
26 234 0.45527411809042706 2.6796195060641113 0.0009596109018028883 1.0634392347784890e-03 0.0014352887554202809 0.23109350353108427 0.024995035697482296 0.00130894270588977 nan 1.8   
26 234 0.6267260396714872 3.540494967901402 0.0009865717491241645 1.1897459987915179e-03 0.001971639454954216 7.423379977197161 0.05588978560119093 0.001530228721086131 nan 1.8   
26 234 0.2232248817147912 2.796567287836388 0.000522814830382271 7.0450643628992187e-04 0.0008714615052327356 0.013836082710533463 0.001668451832813489 0.0008080714233382042 nan 1.8   
26 234 0.5158631303934571 3.038923027727725 0.0009396764188153142 1.0397657380793594e-03 0.025733426212281727 0.2956447105215273 0.06469843323097416 0.0012008050929521454 nan 1.8   
26 234 0.24973258331031908 2.8979056720654106 0.0004586379917603237 5.6702734593234549e-04 0.003919142846761697 0.22650206156945796 0.06368135220476089 0.0016544215234565423 nan 1.8   
27 243 0.2672885060561147 3.175904513753618 0.00045033625361991974 7.5042128031451967e-04 0.0008879234130915493 0.0021098320721417837 0.00019720296153417287 0.0008127522892749548 nan 1.8   
26 234 0.4763217799338399 3.067136956736978 0.0004625181662784751 4.6251816627847513e-04 0.00912440096271423 0.27503205971136885 0.116282111971354 0.0007361562583506498 nan 1.8   
27 243 0.39960224307644204 3.5486252742707247 0.0004558578628600474 5.8144098555620838e-04 0.0008879590970777075 0.08331914431962335 0.011549429783760213 0.0007714248988731242 nan 1.8   
27 243 0.45440920381878985 2.9179876034910386 0.0009596109018028883 1.0230870874933381e-03 0.013718545957935337 0.8448101475526524 0.2078844192074119 0.0011451682779626327 nan 1.8   
27 243 0.620992784450283 3.417901817361006 0.0009865717491241645 1.2033243189905546e-03 0.001993181400196797 1.9343251417399059 0.019225321789846032 0.0015320791920960502 nan 1.8   
27 243 0.21908011855790563 2.939202399776201 0.000522814830382271 6.1051014731579919e-04 0.0007234812168618896 0.0024784105351797966 0.00013186449481882565 0.0006919441276796286 nan 1.8   
27 243 0.463660142349273 3.2272300731473007 0.0009396764188153142 1.1124899964224738e-03 0.0015633258899670622 0.5786446305362989 0.09608483331116381 0.0012654143688075362 nan 1.8   
27 243 0.2205812741947951 3.0381316593569516 0.0004586379917603237 6.3763581939518766e-04 0.0012789371829171371 0.12199896098341943 0.02824606551080086 0.0006759615340912919 nan 1.8   
28 252 0.2603017449600084 3.130596527335203 0.00045033625361991974 5.3050748242561025e-04 0.0007172478890956617 0.0444222350529805 0.000458461398193166 0.0006667065942322769 nan 1.9   
27 243 0.4255622991382819 3.189104641038861 0.0004625181662784751 5.6471401445082683e-04 0.0007161308121887877 0.4865980430383711 0.239608195460745 0.0006417550940255646 nan 1.9   
28 252 0.4311127387886669 3.5488479788682477 0.0004558578628600474 6.1344635962226764e-04 0.0010781289250838917 0.36093572757998865 0.0016100523975424422 0.0009448490911619643 nan 1.9   
28 252 0.39673312916487447 2.949078945677456 0.0009596109018028883 1.1602133774600537e-03 0.0014844031618585854 0.31320613399505887 0.020566655185898817 0.00136164125155407 nan 1.9   
28 252 0.6400992629908214 3.377468034665792 0.0009865717491241645 1.2863994524283987e-03 0.00202835530188949 0.2775214477377431 0.12443334086277485 0.0015751560165498423 nan 1.9   
28 252 0.22156257322741485 2.971366925896708 0.000522814830382271 5.2876381958777993e-04 0.0008432692767859256 0.044942149004069495 0.014062467189696662 0.0006254684636712607 nan 1.9   
28 252 0.23869834950781102 3.068521225684988 0.0004586379917603237 5.5029042632513052e-04 0.0008066798542577186 0.039392938551466264 0.018859316434303195 0.0005872980638953107 nan 1.9   
28 252 0.4452980960560813 3.3566313319405796 0.0009396764188153142 1.1635771743315115e-03 0.0012619322928914402 0.002184119371824207 0.00034786194139135407 0.0011931385300907168 nan 1.9   
29 261 0.441153506023459 3.651929538586528 0.0004558578628600474 6.7415000318414282e-04 0.0009716146885276973 0.07976017809406377 0.0004480094674262448 0.0008063438799652654 nan 1.9   
28 252 0.37174961990110456 3.2179427990408334 0.0004625181662784751 5.9748336458577747e-04 0.004067669826332916 0.3231488412478767 0.16186752701875817 0.0008787463049789764 nan 1.9   
29 261 0.25014173840880505 3.1862822102310058 0.00045033625361991974 4.6451972570562633e-04 0.0008005441835746462 0.1433991315974183 0.008124686374749198 0.000623129039883158 nan 1.9   
29 261 0.37419049655804565 3.054749779881409 0.0009596109018028883 1.0972348633874133e-03 0.001249472804486146 0.0016057399935843287 0.00018773478266510281 0.0012155763256098393 nan 2.0   
29 261 0.615025332368313 3.643012858510782 0.0009865717491241645 1.2584901440582318e-03 0.0016695922149960315 0.016419402860640114 0.0005247266534287047 0.001479858913669371 nan 2.0   
29 261 0.23036715720082745 3.407179461644415 0.00046886123604046375 4.6886123604046375e-04 0.0005879691735733732 0.0028197084827369674 0.00010872348606049461 0.000555677364161953 nan 2.0   
29 261 0.24497009196025063 3.2571800783603497 0.0004586379917603237 4.9535670541307362e-04 0.0005975231179793797 0.03100749968919488 0.00010600302952254968 0.0005224100352202487 nan 2.0   
29 261 0.4279167109362768 3.414444320831742 0.0009396764188153142 1.0624494977525675e-03 0.0013595330785636972 0.1368537389231654 0.007580490567553063 0.0011806807495825375 nan 2.0   
30 270 0.45268932781974924 3.8057116149501513 0.0004558578628600474 4.8254281724593063e-04 0.0012108007983488856 0.13832951794952839 0.008670441054208305 0.0007660294152807495 nan 2.0   
29 261 0.3684504416227477 3.3356128190889924 0.0004625181662784751 6.0797654032677972e-04 0.0008919811802066309 0.06846297792486956 0.0003573065434831692 0.0007680361193999172 nan 2.0   
30 270 0.22074787364526718 3.247836865628423 0.00045033625361991974 5.0273907103303621e-04 0.0007355185811228194 0.039176045526404135 0.0087190048792889 0.0006690424970385323 nan 2.0   
30 270 0.385758209836886 3.0386886869189085 0.0009492478736133891 9.4924787361338905e-04 0.001266626632530287 0.17964392577929328 0.0065396721252050875 0.001083704468555425 nan 2.0   
30 270 0.6353919948504061 3.6640139864668346 0.0009865717491241645 1.0016492442731953e-03 0.0013847894352846677 0.3816537263264287 0.06352860477284872 0.001241152262803451 nan 2.0   
30 270 0.21964894768306517 3.5513242544041552 0.000461814110074074 4.6181411007407399e-04 0.0008303770535123833 0.07085703206933423 0.03721194346762177 0.0005709021339763205 nan 2.0   
30 270 0.22941348616364074 3.3475612697874135 0.0004586379917603237 4.6133395185117380e-04 0.0006229046884461633 0.0660854057365728 0.00024052660141749764 0.0005855651707862878 nan 2.0   
30 270 0.43595199204884993 3.5386067646500217 0.0007493494999945506 7.4934949999455060e-04 0.0012771997983311073 0.07232156285140319 0.009677109983154186 0.001045303302088873 nan 2.0   
30 270 0.34009288132681387 3.3802973064671042 0.0004625181662784751 4.6540260862938242e-04 0.0009003194310307524 0.43674761644335464 0.0033647326291611694 0.0005232123956202735 nan 2.1   
31 279 0.2072500775232561 3.363258753340751 0.00045033625361991974 4.9926951576788445e-04 0.0006443203280162073 0.026073631976089997 0.00020350846169542368 0.0006303505927861418 nan 2.1   
31 279 0.45551842957049044 4.046682173440644 0.0004558578628600474 7.1299085960571770e-04 0.0010943075841679274 0.02456595135377113 0.004739883962500041 0.0009195305617823122 nan 2.1   
31 279 0.4016499724788928 3.251548335504683 0.0008149262137795956 8.1492621377959559e-04 0.001140478307741449 0.20596809692505372 0.024634289184109256 0.0009814318340841163 nan 2.1   
31 279 0.7063323150772117 3.485712892489705 0.0009865717491241645 1.1644349857405838e-03 0.061331009362238384 1.1107075849987715 0.477733324381814 0.0013098936284927298 nan 2.1   
31 279 0.22027079938108493 3.875972242126014 0.000461814110074074 5.6732319133253370e-04 0.0006738422127285311 0.06587188449495916 0.0008105621669875229 0.0006000492180591101 nan 2.1   
31 279 0.2365457127969127 3.6194064369726435 0.0004586379917603237 5.0249486794821702e-04 0.000691177826734947 0.006096535234985405 0.0012425896289170585 0.0005651270763242786 nan 2.1   
31 279 0.40465614061031846 3.769002918087859 0.0007493494999945506 1.0382457081014864e-03 0.010873520786548884 0.7358599374697187 0.08797971483898856 0.0013725153274689668 nan 2.1   
32 288 0.45927669384295833 4.448578656489298 0.0004558578628600474 6.2516462562937718e-04 0.0008828258073796156 0.0765939509698937 0.0028364288453038232 0.0006888849253848939 nan 2.1   
32 288 0.1885682083989642 3.4836483120543837 0.00045033625361991974 5.0610533417207615e-04 0.000604001024458209 0.029752357292564972 0.0016970608730529004 0.0005361861288974742 nan 2.1   
31 279 0.320613583244005 3.4768776699481374 0.0004625181662784751 6.3550413293754244e-04 0.003450478889497521 0.8087257011650257 0.09403379876264745 0.0009094717021889088 nan 2.1   
32 288 0.4177153227650302 3.5911035648909944 0.0008149262137795956 8.4302736395941609e-04 0.001201522706361583 0.03863035887217238 0.02203843205756103 0.0009804398377869278 nan 2.1   
32 288 0.8397824168007227 3.690991760932654 0.0009865717491241645 1.1399271185608803e-03 0.001574620759128496 0.949752029249123 0.04244612982428531 0.001356110805491758 nan 2.2   
32 288 0.2362797640218755 4.277828307518843 0.0004586379917603237 4.7253960466606056e-04 0.0006692442211177173 0.08058834675742194 0.009728143843105868 0.000537750640747433 nan 2.2   
32 288 0.2154524976745076 3.935912060248948 0.000461814110074074 6.1790540604806190e-04 0.0006987926693324707 0.013390098034159135 0.0009032674567213126 0.0006544952188547988 nan 2.2   
32 288 0.3902725885067567 3.8679413575416928 0.0007493494999945506 9.8659132279540411e-04 0.001302979313044456 0.25697133154712537 0.017994394200809373 0.0011040630980886199 nan 2.2   
33 297 0.44029992281975916 4.582406879121734 0.0004558578628600474 5.7041333176635959e-04 0.0009395561489853241 0.5148269569224284 0.13720979867104616 0.0006993009491277739 nan 2.2   
33 297 0.17540241065102055 3.2996706689827624 0.00045033625361991974 4.8321584116240785e-04 0.0006317350510620031 0.002377313835247963 0.00012996019342983143 0.0005955786815143372 nan 2.2   
32 288 0.29226699068871326 3.5789871943926364 0.0004625181662784751 5.2939872745823692e-04 0.0006709878173674927 0.000936659319758746 0.0003882483148729323 0.0005403967350406125 nan 2.2   
33 297 0.48438729505936695 3.899949339842231 0.0006093696832574838 6.0936968325748381e-04 0.0009338039129743625 0.4804486232632066 0.002881445122135848 0.0007773691471480888 nan 2.2   
33 297 0.8022802346373694 3.745775288369597 0.0009865717491241645 1.0215992716922726e-03 0.0022892726606762114 1.5485649999358386 0.3582096184956825 0.0012414128442638775 nan 2.2   
33 297 0.22895248427510562 4.5794439352774745 0.0004586379917603237 4.6163384888145409e-04 0.0007131817048225325 0.03285183370315203 0.0017276351755895303 0.0005914788014171453 nan 2.2   
33 297 0.3665342937598196 3.865779238884177 0.0007493494999945506 9.4249286578090483e-04 0.0014252080240303524 0.019516356092467987 0.000736287215530113 0.0011050516710160957 nan 2.2   
33 297 0.22070240832667987 4.111130249925202 0.00041842962448647637 4.1842962448647637e-04 0.0006186422223530907 0.047212054276881105 0.0068564006745149815 0.0005472337488512085 nan 2.2   
34 306 0.4113824079146688 4.9543966569708155 0.0004558578628600474 5.7532153532779918e-04 0.0008863570120847363 0.05995978574514633 0.014531604141244624 0.0007735814488977221 nan 2.2   
34 306 0.14582456296377785 3.4856286142252433 0.00045033625361991974 5.4446699159771742e-04 0.0006313773991215283 0.06424335308087337 0.010134055426144026 0.0005472458359342025 nan 2.2   
33 297 0.2799285243193432 3.7627221034740503 0.0004625181662784751 4.9361924015249050e-04 0.0010184356691197755 0.05288234862393924 0.0019499728050884134 0.0005629642594803533 nan 2.2   
34 306 0.4854832377296064 3.968631773369978 0.0006093696832574838 6.5686320711581120e-04 0.21641307779741653 1.0843551704529881 0.4094033437263371 0.028222137202498197 nan 2.3   
34 306 0.7714063325123884 3.958974716784265 0.0009865717491241645 1.0363489742555177e-03 0.3726945186466761 4.4140296044571565 1.5232488094331051 0.0012791208548365862 nan 2.3   
34 306 0.23268155948115501 4.652892666770116 0.0004574974952934223 4.5749749529342228e-04 0.0006772959696940412 0.05262471783278979 0.014034286147134126 0.0005120207310431891 nan 2.3   
34 306 0.3482302558082319 4.071414349745815 0.0007493494999945506 1.0026438545455345e-03 0.009393429512720885 0.22124188852865712 0.07245069303610256 0.0010448528745782362 nan 2.3   
34 306 0.21668248475195337 4.342837816351224 0.00041842962448647637 4.6695501599995333e-04 0.0005506251183320511 0.2208662548297967 0.10046128879384031 0.000498908317417728 nan 2.3   
35 315 0.3588199942742379 5.278331749743386 0.0004558578628600474 5.2086328743893896e-04 0.005705437128742395 0.2944299427278871 0.061715962008035335 0.0005878304427514993 nan 2.3   
35 315 0.13465423760524847 3.664741616655637 0.00045033625361991974 4.9848345095586703e-04 0.0005845589220236266 0.003992042645410595 0.0011681007480926894 0.000512656010687886 nan 2.3   
34 306 0.25154989312916465 3.9284016710189595 0.0004625181662784751 4.9637425000891369e-04 0.0009501215649822224 0.1949646513506257 0.04904394703714637 0.000625551744227843 nan 2.3   
35 315 0.4177268897839947 4.159344537423377 0.0006093696832574838 8.9323029135221445e-04 0.0010556866552288078 0.6865113774477866 0.08390313278498521 0.000930837091418728 nan 2.3   
35 315 0.7546477762428973 4.251427949254055 0.0009433525494242723 9.4335254942427230e-04 0.0012037588201567456 1.033302183134001 0.10294412404343084 0.0010451311647661373 nan 2.3   
35 315 0.21456186766298277 4.878514317478445 0.00042348027002692053 4.2348027002692053e-04 0.0004886769781850002 0.02442678389613686 0.0011560561799150756 0.0004732394367032485 nan 2.4   
35 315 0.30300203613131094 4.278933803274336 0.0007493494999945506 9.9303688353358341e-04 0.0011542453242584173 0.010018169073746813 0.00016827467860824354 0.001065279993428988 nan 2.4   
35 315 0.18429313501075484 4.536376299418123 0.00041842962448647637 4.8824436438201868e-04 0.0005885232629962099 0.01584668563230048 0.00011206904389259205 0.0005286187087540146 nan 2.4   
36 324 0.3339176222005703 5.410027724876174 0.00044249866286860174 4.4249866286860174e-04 0.0006987943555650017 0.14608094761727866 0.01289908822199046 0.0006112325562561286 nan 2.4   
35 315 0.2504724205345941 4.156719650102872 0.0004625181662784751 5.2539969908155400e-04 0.0006424630753870058 0.047204999046219956 0.00024818325694597515 0.000546362158965467 nan 2.4   
36 324 0.11987797728220509 3.703506185583671 0.00045033625361991974 5.4272948636052156e-04 0.0005864199032441423 0.01900038717056146 0.0009071393916204926 0.0005486222064353153 nan 2.4   
36 324 0.41601672063607353 4.3084793997099515 0.0006093696832574838 9.8517652702151317e-04 0.0013753278072278006 0.2941621742179087 0.05453267594543528 0.0011263305177506063 nan 2.4   
36 324 0.7069744574492058 4.352952692750316 0.0009433525494242723 1.0811775826826675e-03 0.049067525025214 7.970111001108855 1.0009040856717106 0.02822120358971852 nan 2.4   
36 324 0.28099969472635816 4.2406975016348065 0.0007493494999945506 9.2741232914803594e-04 0.0010359167488963633 0.0012789417147952681 0.0001908047987137563 0.0009630958862060295 nan 2.4   
36 324 0.2158057382615396 4.948446621403887 0.00042348027002692053 4.6196653099586594e-04 0.0018177130073151818 0.007632848923918847 0.00246590480464478 0.0005340027534914875 nan 2.4   
36 324 0.19756472716680282 4.481309165262861 0.0004079178588658086 4.0791785886580860e-04 0.0005298236100970882 0.0006824394083642182 0.00015363405786499897 0.00045029780217469787 nan 2.4   
37 333 0.30540774318157077 5.310091226168361 0.00044249866286860174 5.0291134578855988e-04 0.0006316397770609371 0.001418103616819169 0.00032585566402097645 0.0005467138722131546 nan 2.4   
36 324 0.2591080287126435 4.147424337938757 0.0004625181662784751 4.7987774133298271e-04 0.0006174272823318769 0.3062660752692326 0.0004073411552396182 0.000562503715139091 nan 2.4   
37 333 0.11893058779845514 3.727241718313373 0.00045033625361991974 5.0636725193540491e-04 0.0006034711329437641 0.002961024362072308 0.0016750528554834879 0.0005359246465049493 nan 2.4   
37 333 0.40223332138536083 4.145346032207939 0.0006093696832574838 8.8497894103156574e-04 0.0011167897706687274 0.2838722810113332 0.024052128484021176 0.0009112986178996544 nan 2.5   
37 333 0.7279731953366235 4.431050717858412 0.0009433525494242723 1.0015184919762168e-03 0.0018049387884097464 0.4727611728029236 0.11167582637685824 0.0011802166134621274 nan 2.5   
37 333 0.26799188857763306 4.424092877841101 0.0007493494999945506 9.2742868824940896e-04 0.0009577921244624577 0.001104151526449151 6.987066451873982e-05 0.0009445930486162569 nan 2.5   
37 333 0.211704082385 5.380881783832308 0.00042348027002692053 4.3306128548954736e-04 0.0005717989155466436 0.021838082806534462 0.0003567987542441993 0.000496985913175239 nan 2.5   
37 333 0.18871796247286557 4.373640420354573 0.0004079178588658086 4.1204679277806933e-04 0.0005288949774433808 0.02609082659714275 0.0071024843478470785 0.0004985322444609979 nan 2.5   
37 333 0.2544820756396796 4.166657903868384 0.00045035209267277977 4.5035209267277977e-04 0.0005815781215355564 0.004309651908048445 0.0004349151773960382 0.0004993578930992408 nan 2.5   
38 342 0.3278776118909722 5.515034943554952 0.00043705746015510757 4.3705746015510757e-04 0.0005222036542865334 0.019941568304718063 0.0012394387619071565 0.000455798866316459 nan 2.5   
38 342 0.12090711544901964 3.8877242540241648 0.0004416170982968457 4.4161709829684570e-04 0.0005476448644475196 0.0034936295607185864 0.0005599787762463817 0.0005012335976397229 nan 2.5   
38 342 0.3779096736774329 4.105101424947417 0.0006093696832574838 7.5027545924690148e-04 0.000989367512045055 0.0013632289860157482 0.0003614221515459375 0.0008817546634218757 nan 2.5   
38 342 0.675356583986058 4.940458842951474 0.0009433525494242723 9.6590545962854733e-04 0.038717561520159545 0.5284866694519407 0.2730483915953077 0.0011903599042359734 nan 2.5   
38 342 0.20166177246097833 5.527149744669924 0.00042348027002692053 4.6672424006803464e-04 0.002054347053687787 0.022300730502141746 0.0028522931241898265 0.0005235959942293238 nan 2.6   
38 342 0.2669060337957408 4.525436404544579 0.0007493494999945506 8.7020748024085426e-04 0.0009227358625029014 0.0010536588799803055 8.778695152660183e-05 0.0008993719407139686 nan 2.6   
38 342 0.20410211823316632 4.7217439070765375 0.0004079178588658086 4.1754249941514950e-04 0.0005003263378163896 0.025322286886089722 0.0008422957308352828 0.0004748069795629732 nan 2.6   
38 342 0.2289372615165211 4.636364683314319 0.00044605707360929225 4.4605707360929225e-04 0.0005640246001198577 0.010281422634014143 8.506495442350728e-05 0.0004931405390607936 nan 2.6   
39 351 0.3129304696913196 5.508481110367537 0.00043705746015510757 4.4173771173705399e-04 0.07368849041821265 0.2156616167731497 0.15386706949263343 0.0009344004369833572 nan 2.6   
39 351 0.350069095688227 4.359281612314345 0.0006093696832574838 7.3862941469713067e-04 0.032116337760375833 0.22639514630793584 0.11869080064354942 0.0009511989513509007 nan 2.6   
39 351 0.10805415872049921 3.7691873592673577 0.0004416170982968457 4.5715333541138277e-04 0.006126185228695159 0.03980600102247552 0.023432631045065707 0.0008990449551711275 nan 2.6   
39 351 0.6268891392713509 5.19564536576087 0.0009433525494242723 9.8480848590133847e-04 0.0015396468565246437 0.4657570199003276 0.014994314196296724 0.0012297824924966596 nan 2.6   
39 351 0.1936158294523022 5.89495762205117 0.00042348027002692053 4.9254436547650662e-04 0.0005883740075757298 0.0006274218006355313 5.275561697941052e-05 0.000572635093836107 nan 2.6   
39 351 0.262082288768203 4.824884990306054 0.0007493494999945506 8.7451493300847729e-04 0.0010180179327893108 0.022567229682397154 0.01281537177199147 0.000946386895357941 nan 2.6   
39 351 0.21644510920537827 5.074011535301774 0.0004079178588658086 4.6016024597232626e-04 0.0005461930091605141 0.08672417598499421 0.0630387115259149 0.0004941703189507443 nan 2.6   
39 351 0.20365376974315172 5.106913541458069 0.00044417856559949984 4.4417856559949984e-04 0.0004933142410516409 0.0006857714760338767 0.00018564535154449866 0.0004817533703825098 nan 2.6   
40 360 0.28667480010537655 6.0376489057809035 0.00043705746015510757 4.5014799201884665e-04 0.000619855977978758 0.004611892746516525 0.00041811320685204473 0.0005636636178525751 nan 2.6   
40 360 0.31535171411885315 5.007510856841392 0.0006093696832574838 6.7784142553012859e-04 0.0010158091467160955 0.2829791407328527 0.003205168042344552 0.0008078224116261164 nan 2.6   
40 360 0.11218131436965662 4.290713109589259 0.0004416170982968457 4.5898718125822322e-04 0.00051054161121773 0.008117647871884652 0.002981192033672045 0.0004850990432110566 nan 2.6   
40 360 0.6208304885434341 5.429275873034607 0.0009006302664345825 9.0063026643458254e-04 0.03276687035578074 0.5535986719255357 0.234169855343534 0.0010962997138019696 nan 2.6   
40 360 0.17128899948473703 6.926507123626985 0.00042348027002692053 4.8131802476187170e-04 0.000571243628919468 0.0012337208500435247 0.00014765938783612342 0.0005521722310998632 nan 2.7   
40 360 0.2631950842527308 5.585836803100797 0.0007358142260556533 7.3581422605565325e-04 0.0010341881006065566 0.040545204814014 0.005313076522657192 0.0008390925245391899 nan 2.7   
40 360 0.2026761186907502 6.14158673150519 0.0004079178588658086 4.7706847770682395e-04 0.0005876447535822357 0.0090789646957507 0.00036266591306059943 0.0005076877454855194 nan 2.7   
40 360 0.18074549004529436 5.873805148042044 0.00043185987504139024 4.3185987504139024e-04 0.009147247822721086 0.060689601207469454 0.013968140185331858 0.0034100546827757756 nan 2.7   
41 369 0.254775824384319 6.08729464460473 0.00043705746015510757 4.6881533197521211e-04 0.000720465636766491 0.04105566238802334 0.003071498801988466 0.0005395926659868013 nan 2.7   
41 369 0.6047513579635676 5.433667746487771 0.0009006302664345825 9.7415569979206814e-04 0.00197847356357842 0.03768067461401696 0.011494224121384448 0.0011230631055636684 nan 2.7   
41 369 0.107154589851023 4.173519370926657 0.0004416170982968457 4.5809059505933061e-04 0.0005148813409157895 0.0018153629447858648 0.001206058177430316 0.0004966257271396666 nan 2.7   
41 369 0.2749157924346308 5.154384489505635 0.0006093696832574838 7.2706227944731956e-04 0.0008323495871488433 0.7662161531859194 0.00013843369753319937 0.0008072212639626006 nan 2.7   
41 369 0.16666112957575385 7.03832063271801 0.00042348027002692053 4.5500644275906432e-04 0.0004982140915539951 0.001552932071699706 7.806530614799996e-05 0.00046644274830620624 nan 2.8   
41 369 0.18795144965130203 6.181764227766003 0.0004079178588658086 4.7131914145595165e-04 0.0005455599579041962 0.0007786122512570002 0.00010914140058518112 0.0005145184653155233 nan 2.8   
41 369 0.3388038931114131 5.415252083743136 0.0005948873542568743 5.9488735425687427e-04 0.0008415734426726398 0.015387332936323713 0.006422107925987646 0.0007398280738714514 nan 2.8   
41 369 0.17681427785998768 5.920620098000192 0.00043185987504139024 4.5313620804112500e-04 0.0004706725256649141 0.009413904383738146 4.275601306908696e-05 0.00046074015528222985 nan 2.8   
42 378 0.23189314676511405 6.237934514526425 0.000433748774344815 4.3374877434481502e-04 0.000532143732688257 0.0147020925940216 0.00014373195285989572 0.00046733304622762286 nan 2.8   
42 378 0.26080939438045153 5.2457153348781 0.0006093696832574838 7.1258303115133924e-04 0.0007969248581327722 0.001043331306626818 0.00010250877602790303 0.0007396916017510218 nan 2.8   
42 378 0.10023352731211595 4.177654462617241 0.0004416170982968457 4.5940701848212994e-04 0.0005014401434212302 0.004357431679527472 0.002061181803854892 0.000471209921563109 nan 2.8   
42 378 0.5348819974620986 5.326779272248684 0.0009006302664345825 9.0283169591300809e-04 0.0012905604427670306 0.6086937850541543 0.17549265443987086 0.0010616510169424685 nan 2.8   
42 378 0.16832833583852472 6.963804892509992 0.00041014482986407935 4.1014482986407935e-04 0.0004508767303094845 0.002944801526428283 6.641497243195917e-05 0.0004259004567853783 nan 2.8   
42 378 0.17950889874638223 6.265794385193675 0.0004079178588658086 4.8197795867113973e-04 0.0004997517128890425 0.0006225879633336138 9.565516817042978e-05 0.0004925179475248914 nan 2.8   
42 378 0.3588393683558147 5.366451123955887 0.0005948873542568743 6.4381584569034062e-04 0.004693468883296241 0.07454789493917324 0.006913808185086578 0.0007300889879794518 nan 2.8   
42 378 0.15894002365690382 5.857151190675261 0.00043185987504139024 4.4995904575917422e-04 0.00047555708993972075 0.003208220159198267 4.801613065957453e-05 0.000464828897493349 nan 2.8   
43 387 0.22227498410080757 6.7992795438581375 0.0004314576434904092 4.3145764349040918e-04 0.0005177300367285751 0.002840122412707229 0.00017265165982925667 0.0005017579028763732 nan 2.8   
43 387 0.28482877932722506 5.472288181546393 0.0005417993816913874 5.4179938169138741e-04 0.0008296976356373928 0.009567542751648539 0.00020114035088790287 0.0007003551030022524 nan 2.8   
43 387 0.5117793463016975 5.509874228811858 0.0009006302664345825 9.4877012016376147e-04 0.0012566865741007933 0.46700103329286174 0.35409864505365246 0.0011104037541994093 nan 2.8   
43 387 0.10831026313487714 4.4540402087446616 0.0004127087257464674 4.1270872574646739e-04 0.000471872701745766 0.0011833404301496817 0.00010122907621679735 0.0004310888244193432 nan 2.8   
43 387 0.18157262660909843 7.005419639219974 0.00040740581986862287 4.0740581986862287e-04 0.0006538412596398379 0.0035665584877989233 0.001606143629840639 0.00046320668674709807 nan 2.9   
43 387 0.19188196396259052 6.604815016121008 0.0004079178588658086 4.2297820922005026e-04 0.0005629920790242152 0.001550292679689726 0.00015272359125315907 0.0004984652741583239 nan 2.9   
43 387 0.3596367571710206 5.378418969133892 0.0005948873542568743 7.7379614921190140e-04 0.009474421431630778 0.07888765020167582 0.022978939194847958 0.0008232505124367408 nan 2.9   
43 387 0.13894911559023485 6.073394297348936 0.00043185987504139024 4.4030572552215716e-04 0.000523454077759096 0.0028785503434593396 0.00030715639624504974 0.0004785555656642191 nan 2.9   
44 396 0.2059107849619244 7.263270629411952 0.00042650000811632116 4.2650000811632116e-04 0.0005340300264131514 0.005056864406080263 0.0015542057556841317 0.0004336536049073301 nan 2.9   
44 396 0.29747873255970975 6.156784085976087 0.0005400455983526708 5.4004559835267075e-04 0.0006501397365242322 0.0007261139711048809 0.00010352347293817712 0.0005978898657771056 nan 2.9   
44 396 0.10602992997727992 4.74292796469725 0.0004127087257464674 4.1745604911375676e-04 0.0012539229944645003 0.0064205146018340865 0.0021525814824008968 0.00042663145660120055 nan 2.9   
44 396 0.4634535536693482 5.660487928377656 0.0009006302664345825 9.4621737815422588e-04 0.0010554875727903376 0.1151656428027921 0.0003203148620882498 0.0009653035420195524 nan 2.9   
44 396 0.18814857271854038 7.6164563085493375 0.00040740581986862287 4.1407578467099210e-04 0.00042856404256485966 0.01168504988924063 0.0011925896720237264 0.00042385829628502065 nan 2.9   
44 396 0.1898289534859569 7.13232129315424 0.0004079178588658086 4.1958312021155388e-04 0.0004886796996162763 0.006458441845320842 0.00010116213286717464 0.0004577574669428579 nan 2.9   
44 396 0.13147448814262003 6.502990793901725 0.00043185987504139024 4.5354012406169028e-04 0.0005039887281180561 0.004525764183114074 0.0013606997924446667 0.0004815390638656951 nan 2.9   
44 396 0.32708732431883664 5.386292485635936 0.0005948873542568743 7.4354267536714982e-04 0.0009210276351531062 0.025964375955011106 0.007068952058290926 0.0008636168667596116 nan 3.0   
45 405 0.17969171421325614 7.42233113845974 0.0004045300608159431 4.0453006081594311e-04 0.0005297293836734328 0.004228104237251941 8.23147914334767e-05 0.0004821367014817495 nan 3.0   
45 405 0.31127625386147756 6.255546216514584 0.0005400455983526708 5.7906811032960284e-04 0.0006798076888448471 0.05141018505880799 0.000619553005634796 0.0006505356643089411 nan 3.0   
45 405 0.11300123890521097 4.941778156652676 0.0004127087257464674 4.2599899081939108e-04 0.002642504685633011 0.013813147390532313 0.007353500767410776 0.0004362351537822201 nan 3.0   
45 405 0.500059064611673 5.9989367248021805 0.0009006302664345825 9.2106136104039456e-04 0.001034207274458909 0.19199850113116998 0.0001071228379852917 0.0009759799921180198 nan 3.0   
45 405 0.1949783287297865 8.065665905981055 0.00040740581986862287 4.1783631092521221e-04 0.00095758335544563 0.005333457630799873 0.00353504739543956 0.00045006707957270526 nan 3.0   
45 405 0.1405776270258902 6.8953466060689275 0.00042135357752130293 4.2135357752130293e-04 0.0004796989300809917 0.0005150035170393936 5.0939926525814196e-05 0.00044195005480850846 nan 3.0   
45 405 0.19734919970230075 7.918563235066593 0.0004079178588658086 4.2953073857698610e-04 0.0004882673472666803 0.009178635401152008 0.0015570559093550128 0.0004714607215661268 nan 3.0   
46 414 0.16252009215162455 7.6697262834656215 0.0004045300608159431 4.3869706918922633e-04 0.0004700936498100179 0.0006532076227022677 6.642502542470759e-05 0.00045809395127420445 nan 3.0   
45 405 0.3361994901007315 5.669756477254076 0.0005948873542568743 7.2178250044615242e-04 0.0008593192354168231 0.0015727250805416286 0.00029160599400810956 0.0007710535415946406 nan 3.0   
46 414 0.11576151993559565 5.8189995731194 0.0003978757967512931 3.9787579675129310e-04 0.00062143457319301 0.010557416677709505 0.0038449437079643278 0.0004560029882516457 nan 3.0   
46 414 0.30880745823080563 6.5676896399059705 0.0005400455983526708 5.5381308075847955e-04 0.0007124748135598104 0.23406225203160358 0.0004358870236238129 0.0005691170107028374 nan 3.0   
46 414 0.5462033980861267 6.135304819659048 0.0008031908068942774 8.0319080689427737e-04 0.0010578398488459925 0.0012056499896927193 8.972577803226158e-05 0.001005208698723191 nan 3.0   
46 414 0.20362550720122166 9.357934697297852 0.00040740581986862287 4.3475683734566872e-04 0.0004655488441245051 0.0014249496217372424 6.622516329000386e-05 0.00045125458326691827 nan 3.1   
46 414 0.14908380771628552 6.363887169393728 0.00042135357752130293 4.8273709796525826e-04 0.0007358947701201305 0.002637882860480877 0.001154053085322603 0.0004895138768268984 nan 3.1   
46 414 0.18167588461307102 8.985774458527468 0.0004049734207552313 4.0497342075523132e-04 0.0007341953501493796 0.011407229228466507 0.001459573171908385 0.0004459578959526064 nan 3.1   
46 414 0.3552639887799183 5.348702965848308 0.0005948873542568743 7.2792813573151509e-04 0.0008563018758661516 0.0009663447442197721 0.00010952602339508858 0.0008029403116012229 nan 3.1   
47 423 0.1583416604309495 7.879581014186741 0.0003730066887155541 3.7300668871555410e-04 0.0004458399399783555 0.0009966252229452622 3.7243752992119404e-05 0.00043602075032096965 nan 3.1   
47 423 0.11711402720001889 5.92243624149957 0.0003978757967512931 3.9839746802300044e-04 0.0007135403170729124 0.009833874987179773 0.0013941627071238048 0.00042222276155146884 nan 3.1   
47 423 0.2846282045483481 6.5962537802432895 0.0005319474157727394 5.3194741577273943e-04 0.0006630413147773899 0.0044750179770802695 0.000801160446447597 0.0005840311329343535 nan 3.1   
47 423 0.5449870421768269 6.591311360011676 0.0007632992495271385 7.6329924952713848e-04 0.001052853634212325 0.008745926335540758 0.00023758871661030024 0.0008298082916116828 nan 3.1   
47 423 0.21260568734692223 9.672524324567533 0.00040740581986862287 4.4596119244520607e-04 0.00055259330381111 0.0021706313744171324 0.0004586261270392149 0.0004625564284942865 nan 3.1   
47 423 0.1420845938502467 6.84293481390858 0.00042135357752130293 4.4914480365215893e-04 0.0005200593126856807 0.0010245707128555708 0.00010082863840427602 0.0004709466844173294 nan 3.1   
47 423 0.15463750703756624 9.309331572866423 0.0004049734207552313 4.1427896911802939e-04 0.0004654938264745746 0.002473297990181375 0.0002412205438745789 0.0004410613243962006 nan 3.1   
47 423 0.34809295705175886 5.40531288379675 0.0005948873542568743 6.3949992741745682e-04 0.0007946914548701689 0.001034518915137259 0.0002193510312644486 0.0006620071874810853 nan 3.1   
48 432 0.15225702603104202 7.427515189953554 0.0003730066887155541 3.7840920706831775e-04 0.0004332764297400002 0.0023560375353016607 7.377002279474544e-05 0.0004072096440174882 nan 3.1   
48 432 0.1046650625493864 6.5518712764979155 0.0003978757967512931 4.2745219855236301e-04 0.0017738507464067263 0.009287347462309373 0.003478492007298362 0.0006338829051723498 nan 3.2   
48 432 0.31489093515911065 6.865959033714078 0.0004504028792120963 4.5040287921209628e-04 0.000627249260482264 0.4405770409302574 0.0434685002807964 0.0005475361453523369 nan 3.2   
48 432 0.6372317645205696 6.553290937989222 0.0007632992495271385 9.3353074027269450e-04 0.002667440985750976 0.4066210660812767 0.04901216938284386 0.0009796837706104915 nan 3.2   
48 432 0.2069955981862098 10.566951975658522 0.00040740581986862287 4.2788039502907445e-04 0.0005202943728304494 0.012193957142050309 0.0004847642100785131 0.00046219240998853265 nan 3.2   
48 432 0.14357436493816664 6.861186287991617 0.00042135357752130293 4.5204161475097092e-04 0.0004895253189109576 0.011462511728153152 0.0003322614179921071 0.00047891801420662475 nan 3.2   
48 432 0.14097764235293236 9.098128538682618 0.0004049734207552313 4.1032699378529183e-04 0.00045447809777060457 0.0011450424003386403 6.321328187240167e-05 0.0004235421438079368 nan 3.2   
48 432 0.3738323388472755 5.734796341180074 0.0005948873542568743 6.4368436306660743e-04 0.0008665492735442884 0.005379787888874088 0.0008904758682494078 0.0006811848588092047 nan 3.2   
49 441 0.13163196819739925 7.106381713192539 0.0003730066887155541 3.8736642119016623e-04 0.00047780457587634923 0.0030695056719857432 0.001272674266777946 0.00044623762480777474 nan 3.2   
49 441 0.08714955290754643 6.558323610141491 0.0003978757967512931 4.1477696423036043e-04 0.0004561861712780366 0.004991790013818516 0.0003878589851669343 0.0004389971809564591 nan 3.2   
49 441 0.6408540900308342 6.9769429381142265 0.0007632992495271385 8.8108187706988539e-04 0.0017349770106359211 0.48613809158863797 0.17514948418531145 0.0009324723949704051 nan 3.2   
49 441 0.2988016976216145 7.960986410931159 0.0004504028792120963 7.1058193431041317e-04 0.008024954848053144 0.3898284939443788 0.10300260850765079 0.001733013321548055 nan 3.2   
49 441 0.1978169912478152 11.520107196157365 0.00040740581986862287 4.3134176424769666e-04 0.0005086918584597819 0.006654044011642416 0.0009241424618512143 0.0004610781663195168 nan 3.3   
49 441 0.12432757453814984 7.26252392853162 0.00042135357752130293 4.3941607295719138e-04 0.00046647255275606857 0.0009250623612611863 0.00013321768440083118 0.00045574059872429654 nan 3.3   
49 441 0.1291289784930691 9.214723777770988 0.00040087473471716554 4.0087473471716554e-04 0.00046208999917721606 0.0033102041079954413 0.0016307547172609226 0.0004364445847262956 nan 3.3   
49 441 0.3510912788821316 5.826670851037724 0.0005948873542568743 5.9664846245532726e-04 0.0008482072038251334 0.015171808610758827 0.007109474098428696 0.0007226401221236297 nan 3.3   
50 450 0.1298498162647516 7.27023317349958 0.0003730066887155541 3.8025491218964083e-04 0.000430733758808192 0.003616357841607111 4.33766206487973e-05 0.0003991225677006695 nan 3.3   
50 450 0.08463687283966168 7.090250243314699 0.0003978757967512931 4.1126088869923057e-04 0.0004257882351151427 0.0015635786746732686 4.081667533684092e-05 0.0004152095182481507 nan 3.3   
50 450 0.6397328087632603 7.449415375852521 0.0007393485292474189 7.3934852924741892e-04 0.001040256183411457 0.07379634419891042 0.011216114423249398 0.0008332456616247221 nan 3.3   
50 450 0.28010635271710455 7.901590517132468 0.0004504028792120963 4.9933216739478695e-04 0.0006563631590174779 0.09672687365801477 7.860454287250598e-05 0.0006083728592338384 nan 3.3   
50 450 0.18235005195880646 12.331003672190404 0.00040740581986862287 4.2305653315670975e-04 0.00047941578352730073 0.0010023596262854761 0.0001819614281365959 0.0004588958384222376 nan 3.3   
50 450 0.11518418894412928 8.333168602380713 0.00042135357752130293 4.3899591890224181e-04 0.00047265682796249637 0.001244294152304814 0.00020547812590465675 0.00045481110943287753 nan 3.3   
50 450 0.12451380998406732 9.798344921836502 0.0004002133125853073 4.0021331258530731e-04 0.00045515225194307774 0.0024658773718069975 0.00023833468716848334 0.0004305686190722919 nan 3.3   
50 450 0.3208290801610513 6.341982447697286 0.0005948873542568743 7.2075772541961602e-04 0.0008700914404833661 0.009059158831479076 0.006800372354265767 0.0007585631111399918 nan 3.3   
51 459 0.12335141410057616 7.328697873680027 0.0003730066887155541 3.9172883166054120e-04 0.000436674962891878 0.0020140973743302186 0.0008691035029475519 0.0004024593820251766 nan 3.3   
51 459 0.5912978439417628 7.37711662142431 0.0007140680758137559 7.1406807581375588e-04 0.0009101184527216101 0.14358690942705482 0.00029510401136482436 0.0007611652953108656 nan 3.4   
51 459 0.08337491937810486 6.997191057593257 0.00038404035890530683 3.8404035890530683e-04 0.00043355596456027634 0.0024238439394100248 0.001071235985766917 0.00041566444880339917 nan 3.4   
51 459 0.3060273869920716 7.883050185849131 0.0004504028792120963 4.6174784094621212e-04 0.0005915697723114506 0.0027853638246307594 9.299428980421567e-05 0.0005373306385759167 nan 3.4   
51 459 0.19452855343099867 12.489500395694588 0.00039551493608723547 3.9551493608723547e-04 0.00043219798491541127 0.0004704478812597093 3.099800931562029e-05 0.0004235647281031435 nan 3.4   
51 459 0.12359423058213671 8.700397469864674 0.00042135357752130293 4.2334370417746912e-04 0.0004535762923811721 0.0026938562307455166 3.678030570288953e-05 0.0004371187808353045 nan 3.4   
51 459 0.11630100470112577 9.795635216899075 0.0004002133125853073 4.0143977089928675e-04 0.0010243209261966606 0.0036364225427279887 0.0020251400385381253 0.00041329458381503405 nan 3.4   
51 459 0.3120138969633942 6.449192633346288 0.0005948873542568743 6.5881962268192777e-04 0.002637106391617969 0.006562248902115198 0.004288385130111392 0.0006929321958262806 nan 3.4   
52 468 0.11123735369693434 7.678809392765796 0.0003730066887155541 3.8171388329682175e-04 0.00042666795336064026 0.0039048963065304123 0.0011652961040497743 0.00039824170609288075 nan 3.4   
52 468 0.5970789263453092 7.762371617024326 0.0006211476461747018 6.2114764617470181e-04 0.0008036553444951089 0.27564157061870076 0.05651363590447361 0.000747707728318423 nan 3.4   
52 468 0.07724358347200017 7.150299943413943 0.00038404035890530683 4.1246113833894656e-04 0.0004252579536515006 0.0053688353001997684 0.00053495660467945 0.0004196632399737905 nan 3.4   
52 468 0.3256779892913839 7.806873240246452 0.0004504028792120963 4.9246398420466780e-04 0.000611700585375594 0.12359148854897693 0.0019474720635839055 0.0005771802144589104 nan 3.4   
52 468 0.19206723387861224 12.677173642233134 0.00039551493608723547 4.0962995830143696e-04 0.0004518476500633944 0.01004862583085646 0.00032948015867555446 0.0004326260121050904 nan 3.4   
52 468 0.12684508723576923 8.94895449852865 0.00041428301089883245 4.1428301089883245e-04 0.0004611186523836537 0.007975231425501274 0.0007688332918703799 0.0004233063583977954 nan 3.5   
52 468 0.10758522240165369 9.851982127369006 0.0004002133125853073 4.0342754972132216e-04 0.0004364681869534107 0.002545377500150832 0.0005320695083750183 0.00041779715212255985 nan 3.5   
52 468 0.3224406331518774 6.5996686218695615 0.0004955479054640601 4.9554790546406011e-04 0.0006234303589221651 0.007742537382696216 0.00019405124657159516 0.0005932964604841778 nan 3.5   
53 477 0.10098459087241739 7.583987178347678 0.0003714379983298141 3.7143799832981412e-04 0.00039774147230464636 0.003999439218991554 0.0004340348240450307 0.00038700807271540314 nan 3.5   
53 477 0.6762445968119076 8.026333117514577 0.0005093019350257005 5.0930193502570051e-04 0.0008613589442618166 0.15361194703308026 0.031346693107390695 0.0006412935906287036 nan 3.5   
53 477 0.07372554426174804 7.305292896034849 0.00038404035890530683 3.8709776465903074e-04 0.00040190498564674973 0.001968441930248796 2.450708132551463e-05 0.0003959827683892708 nan 3.5   
53 477 0.3139820423288907 8.366512615967526 0.0004504028792120963 4.8033183352218846e-04 0.0026570233124780184 0.1042280607384431 0.025878623811856023 0.0005245667144366562 nan 3.5   
53 477 0.17802804359969276 12.907638846198259 0.00039551493608723547 4.2219794699320556e-04 0.0005160528354083592 0.0071313567797048295 0.00025421452292111857 0.00043784996164032615 nan 3.5   
53 477 0.12266603150831273 9.117603770326493 0.00041428301089883245 4.1603133401260769e-04 0.00045508828743295627 0.0008919561500276433 0.00024708734418723573 0.0004213168185453828 nan 3.5   
53 477 0.09983552858292669 9.756566829938574 0.00039745677802807916 3.9745677802807916e-04 0.0004276938841730991 0.0009242021535704459 2.2397922515116444e-05 0.0004104969781937299 nan 3.5   
53 477 0.3186842309120846 6.571835220199052 0.0004955479054640601 5.0292744247096559e-04 0.0006651365827488459 0.04533801599217607 0.0056725537037349205 0.0005727707803601761 nan 3.5   
54 486 0.1028539549835345 7.71237131697533 0.0003714379983298141 3.7736854533171256e-04 0.0006202198390431904 0.0016030264422349375 0.0009053619213841334 0.0003922901814788983 nan 3.5   
54 486 0.6391786613648973 8.576289557322177 0.0005093019350257005 7.7407132262468303e-04 0.030481722412197133 0.4457009017633118 0.11771338959101879 0.0010464339644108433 nan 3.5   
54 486 0.07660617931956097 7.390886068198234 0.00038404035890530683 3.9941201357181200e-04 0.0004252113669888832 0.002908325740725539 0.0004188727018806074 0.0004102268973577688 nan 3.5   
54 486 0.3035449130224655 8.364467928330276 0.00041372963654754985 4.1372963654754985e-04 0.0005684056294460253 0.0035299443659626366 0.0003293566828748844 0.0005380388124313578 nan 3.6   
54 486 0.16836608714984128 13.34291368528837 0.000380003545317446 3.8000354531744600e-04 0.00045983869615487925 0.0018560274510930268 5.118430444212539e-05 0.0004313252207021291 nan 3.6   
54 486 0.12477767686221562 8.798002070451645 0.00041428301089883245 4.1619885082776117e-04 0.0006065624830156615 0.005820053545164119 0.0008456981640618138 0.00042690567937666044 nan 3.6   
54 486 0.10819659941553722 9.867093242314413 0.00039745677802807916 3.9841445025062594e-04 0.00046310795145652537 0.0011555272849703767 0.00017610611187379672 0.00040461134309462365 nan 3.6   
54 486 0.34255922056318683 6.287333199055398 0.0004955479054640601 5.3438723257726950e-04 0.0007734214108817447 0.08272611642310161 0.01673623389688429 0.0006176624873713499 nan 3.6   
55 495 0.09673479827249279 7.881048876970862 0.0003714379983298141 3.7343941774599035e-04 0.00039111715109501363 0.0025720500568065328 0.0001910772249833642 0.0003850814935577318 nan 3.6   
55 495 0.6749369249523831 8.572998924593893 0.0005093019350257005 9.2104547267232544e-04 0.2097813146697896 0.9804035040083771 0.35186175550376786 0.023400832007060692 nan 3.6   
55 495 0.07928875063560126 7.937515053568089 0.00038404035890530683 3.9334364742364978e-04 0.00041658144325302143 0.0026645459635734696 5.848672735676451e-05 0.0004090251509603714 nan 3.6   
55 495 0.2864905383488567 8.63169999939175 0.00041372963654754985 4.9740629458116799e-04 0.0010212170738490777 0.6327288390671157 0.00818249792499101 0.0005311939955066575 nan 3.6   
55 495 0.16073011383500674 13.50545816287329 0.000380003545317446 3.9040561253674244e-04 0.0004537083968197981 0.0072375470351922966 0.00023687650462487917 0.0004068147267001527 nan 3.6   
55 495 0.13849509767805965 8.711090198160488 0.00041428301089883245 4.2432502770372508e-04 0.0004634023972322732 0.002233795757717063 5.361982641318558e-05 0.0004330689709127551 nan 3.6   
55 495 0.1044776146306545 10.161835811417646 0.0003846895967753625 3.8468959677536249e-04 0.00041886146229740183 0.0016858683192016242 0.000299831690069629 0.00039744474033009795 nan 3.6   
55 495 0.32801599081796107 6.717264053691741 0.0004955479054640601 5.4546356876203361e-04 0.0007866416372215058 0.24309867091718376 0.0064703962538809655 0.0006670824733250429 nan 3.7   
56 504 0.08993237400807391 7.938301093876618 0.00037123843841703594 3.7123843841703594e-04 0.0005851254038068285 0.002540507477893505 0.000481185504170039 0.00040792845309621333 nan 3.7   
56 504 0.6424132214547142 8.926082982828586 0.0005093019350257005 7.2732734705487274e-04 0.11711909612732527 0.6539662417836117 0.49342948468087094 0.000931924100104432 nan 3.7   
56 504 0.07547154749765027 7.991613211245427 0.0003762875687099153 3.7628756870991531e-04 0.00041636818497172253 0.003053745142085837 0.0007210812907917738 0.00040354078193034385 nan 3.7   
56 504 0.2665069929395167 8.5516289654685 0.00041372963654754985 4.7796262886015158e-04 0.0005555685904028607 0.012816545217900033 3.8483540888906e-05 0.0005434380601984431 nan 3.7   
56 504 0.16252321832125463 13.389309251036394 0.000380003545317446 3.8869533405174047e-04 0.0004520776442252831 0.002186942346201524 0.00026102274670671796 0.0003960024037340432 nan 3.7   
56 504 0.14695324403804935 9.051012527146401 0.0004035404609906638 4.0354046099066380e-04 0.00043300507375731116 0.0006138348200271047 6.589926680004437e-05 0.00041010308335997077 nan 3.7   
56 504 0.0987494551013173 10.112267328197575 0.0003846895967753625 3.9943987742149372e-04 0.0004434693984043355 0.0018193635272429115 0.0002101832744950658 0.00042827814592062767 nan 3.7   
56 504 0.34527582922119393 6.929609059953456 0.0004955479054640601 5.7336790680653804e-04 0.00069518794452626 0.15738371681999055 0.023147771693434252 0.0006543063642388467 nan 3.7   
57 513 0.07818268583532806 7.859769763163332 0.0003660864799433393 3.6608647994333931e-04 0.0003931401738219029 0.0025341682688817787 0.000267879975317643 0.00037880640739433634 nan 3.7   
57 513 0.5989020803666354 9.008037900581611 0.0005093019350257005 5.4256531149644903e-04 0.14756616700803327 0.45074160836180327 0.3013851320362164 0.0008252558186410819 nan 3.7   
57 513 0.06747476670188979 8.247030782350842 0.0003762875687099153 3.9216495063315273e-04 0.0004038194523999867 0.003178985526661832 0.001833680568905602 0.0003957051315689614 nan 3.7   
57 513 0.26080411124423647 8.993835126658942 0.00041372963654754985 4.8218653429574784e-04 0.0006348555303506591 0.004956617709028611 0.001568385519632713 0.0005351632826309689 nan 3.7   
57 513 0.1504466052163574 14.167199146510592 0.000380003545317446 3.9292716362636138e-04 0.0009650291888652741 0.008072996672420082 0.0012865566695085028 0.0004415226280587821 nan 3.7   
57 513 0.1332344409216864 9.007726622993143 0.0004035404609906638 4.2472989183331737e-04 0.0011299478440519007 0.005615030571556425 0.0010371199994229972 0.0004750998199380242 nan 3.8   
57 513 0.08144610311693706 10.659034591762692 0.0003846895967753625 3.8961071009465531e-04 0.00041450023756043036 0.0013890740632974193 3.257630923118204e-05 0.00041029427553186014 nan 3.8   
57 513 0.3746815489431236 6.948275896336979 0.0004955479054640601 5.7040982014416831e-04 0.0007177872673740954 0.016508946235400102 0.005294046926944053 0.0006355174391902475 nan 3.8   
58 522 0.07041560853251017 7.7455234999788285 0.0003660864799433393 3.7483355851877087e-04 0.0003874035746898158 0.0021345036491044224 0.0010879474560524958 0.00038367402488973505 nan 3.8   
58 522 0.5663762269491898 9.267024104913755 0.0005093019350257005 5.6581520087494353e-04 0.0009084604677467343 0.08405045564660801 0.002824976601844565 0.0006950115898731535 nan 3.8   
58 522 0.06006062477956807 8.27287316377541 0.0003762875687099153 3.8967186305770480e-04 0.0003977864540708495 0.0026742994637317325 1.0325315303257672e-05 0.0003944977568994856 nan 3.8   
58 522 0.22382977155110365 8.470750425833396 0.00041372963654754985 4.8334224564238506e-04 0.0005557648109432936 0.0069147751197806764 0.003169539858440637 0.0005286871970457483 nan 3.8   
58 522 0.1442872068786544 14.914107890047987 0.000380003545317446 3.9235597063953505e-04 0.00042809392840216206 0.0018164000900916472 0.0002632568541024932 0.0003996461704227583 nan 3.8   
58 522 0.12259711127215392 8.982150096342119 0.0004035404609906638 4.0477095904708967e-04 0.00043568982637787857 0.0008913235841671865 3.9691844923545906e-05 0.0004150336983000863 nan 3.8   
58 522 0.07156779775189254 11.3052242436204 0.0003846895967753625 3.9467885379552254e-04 0.000408459844476502 0.0010973833888073973 3.485992878937683e-05 0.000400314531172571 nan 3.8   
58 522 0.3824530826454343 6.836150096436058 0.00044168885459990774 4.4168885459990774e-04 0.0006358630930732881 0.07417711307947387 0.0031472409830989316 0.0005634103683680837 nan 3.8   
59 531 0.06500697444307763 7.783535354846919 0.00035871266263831685 3.5871266263831685e-04 0.00037288333637396076 0.0025864755200523067 0.0003828307507555931 0.0003671235597163106 nan 3.8   
59 531 0.5202423566031836 9.540149649993978 0.0005093019350257005 5.9421242146057553e-04 0.0007448188404108398 0.019520610029305118 0.0027222618981310944 0.0006461464244529075 nan 3.9   
59 531 0.05886984867697362 8.778317931245471 0.0003762875687099153 3.8595809971974640e-04 0.00039667155240504523 0.0021343885139451955 1.44125689936205e-05 0.0003893012252699466 nan 3.9   
59 531 0.20589279305449656 8.88736617019564 0.00041372963654754985 4.5233654660179336e-04 0.0005058717293072094 0.0024274651759064246 0.0004126392726683174 0.0004680066121759993 nan 3.9   
59 531 0.13093074705163432 14.591684350899842 0.000380003545317446 3.8553702792783732e-04 0.00040935084512366284 0.0010627431967437308 2.7665292433021605e-05 0.00039027481111898776 nan 3.9   
59 531 0.11991289176615517 9.680487650244103 0.00040160925333723073 4.0160925333723073e-04 0.00042401706661728764 0.0006178891128768029 4.869239288533139e-05 0.0004075173223809228 nan 3.9   
59 531 0.06370681631283899 12.052785910299207 0.0003846895967753625 3.9233625654226770e-04 0.00040601776175797544 0.001382936565450566 1.858097898204162e-05 0.0003968403078954381 nan 3.9   
59 531 0.3657352674722873 7.4722775113136235 0.0004035355764077875 4.0353557640778750e-04 0.0007968892773009286 0.007201768755893411 0.0026582961879525907 0.0005596796028211974 nan 3.9   
60 540 0.06957065248122234 7.5803696993752645 0.00035871266263831685 3.6342539883233447e-04 0.0004655070596914073 0.0017535497683853897 0.0005866399251392403 0.0003936535066509177 nan 3.9   
60 540 0.49031280705273533 9.952498522405135 0.0005093019350257005 5.5770910347092322e-04 0.0007565124213008337 0.00876624744900251 0.00038724088829800597 0.0006123661310640086 nan 3.9   
60 540 0.057515381675310895 8.824870590671198 0.0003762875687099153 3.8320379653783752e-04 0.0003924877096542439 0.0022943091686838126 3.115964945685825e-05 0.000385189571618487 nan 3.9   
60 540 0.20045948867900576 8.8727037366284 0.00041372963654754985 4.3565064189913773e-04 0.0005258317125628851 0.0005999054836417485 0.00011178774181884075 0.0004816814125030662 nan 3.9   
60 540 0.12342498161155782 14.032903304753416 0.000380003545317446 3.9729583023617016e-04 0.0004287957974868923 0.00890678814465888 0.0007459876014085681 0.0004078573605682507 nan 3.9   
60 540 0.12092389573653811 10.616488627143072 0.00040160925333723073 4.0780550497498551e-04 0.00043061332472981047 0.0005873135588437427 4.701899957419036e-05 0.000422949202426773 nan 4.0   
60 540 0.05792042318636209 11.611862103926672 0.0003846895967753625 3.9086186771984606e-04 0.00040808969286776483 0.001511491511547494 0.000927136806886467 0.00039844915215337946 nan 4.0   
60 540 0.3534082443714085 7.135292907657096 0.0004035355764077875 4.7062995070499441e-04 0.000667433010262271 0.3612756197371978 0.0007958646575969221 0.0005566353212508857 nan 4.0   
61 549 0.06832515161295528 8.078550368028043 0.00035617843763858197 3.5617843763858197e-04 0.000379926256002835 0.0017497830512612624 0.00016333495054896761 0.0003680195272927792 nan 4.0   
61 549 0.4584561501519065 10.358554778405647 0.0004689760821823022 4.6897608218230221e-04 0.0006476439144720364 0.30810388966992447 0.13702803972492128 0.000550337079951685 nan 4.0   
61 549 0.05821987549322397 9.036306102751439 0.0003762875687099153 3.7735794244742092e-04 0.0003939520658537073 0.004375676267640924 0.0003814281584242649 0.0003852305578977635 nan 4.0   
61 549 0.24417808945774858 9.362684797281428 0.00041372963654754985 4.3913088599873248e-04 0.0005133706924656663 0.005696219280000374 0.0022905336221135933 0.00048320975879225024 nan 4.0   
61 549 0.1203628066677765 15.223195217971588 0.000380003545317446 3.9710502310648453e-04 0.00041570223180409735 0.00102958358356578 8.997283920716232e-05 0.0004101807560974056 nan 4.0   
61 549 0.059565610561447775 12.127483355686019 0.0003846895967753625 3.8664114374988430e-04 0.0003990318092930314 0.00042928260106952766 2.6854057860936024e-05 0.00039403946311716647 nan 4.0   
61 549 0.1123798152001094 10.656061225527868 0.00040160925333723073 4.1350974251475910e-04 0.00044857054566959064 0.0012825311588080199 9.436253805904243e-05 0.0004335359448199287 nan 4.0   
62 558 0.07382063860458642 8.464990605468786 0.00035617843763858197 3.6397808171152702e-04 0.000386099187180995 0.001961861004135145 0.0010052130403555406 0.0003739849679340563 nan 4.0   
61 549 0.33709726292354164 6.874585679185416 0.0004035355764077875 5.3169692205901455e-04 0.01909523532998278 0.5993760369017437 0.11789308472296203 0.00848052469786956 nan 4.0   
62 558 0.4653958103186272 9.921795186330565 0.0004479975457915117 4.4799754579151170e-04 0.0006168762674370217 0.22216354650581902 0.00040351889149676623 0.0005995320204048294 nan 4.0   
62 558 0.06220286241167842 8.894476268697774 0.0003762875687099153 3.8388147878230496e-04 0.00044893821074758634 0.0037153015276905356 0.0002869871378267901 0.0003878893534873283 nan 4.0   
62 558 0.2428961425764141 9.572360515549986 0.00041372963654754985 4.5201709928355293e-04 0.0005388707700652137 0.3402753390943608 0.030835951708875146 0.0005175621561703733 nan 4.1   
62 558 0.11573210533631116 16.789463468264987 0.000380003545317446 4.0440713917053921e-04 0.0004213940302231305 0.0006750868528791062 9.42621182263764e-05 0.00041211795173980994 nan 4.1   
62 558 0.11429216933033991 10.708266308393007 0.00040160925333723073 4.0210117279435855e-04 0.00043961651850451497 0.0016871065438166474 2.925220082053957e-05 0.0004217384614776204 nan 4.1   
62 558 0.058933382068624855 12.121984110324673 0.0003846895967753625 3.8968376787520384e-04 0.0003989566919762539 0.0006836584504340921 7.874646519871167e-06 0.0003980266379354587 nan 4.1   
63 567 0.07352948114155101 9.01963399055962 0.00035617843763858197 3.5964698403199465e-04 0.0003765460424908999 0.003440749320198889 0.00047114746918852657 0.00036672251554248456 nan 4.1   
62 558 0.2944782450646709 7.146943904133455 0.0004035355764077875 5.1006461219545347e-04 0.0006519014295605938 0.1327091873615644 0.04197577126390868 0.0006022474768988602 nan 4.1   
63 567 0.42230759318235656 10.615202484111583 0.0004479975457915117 4.9265385847857221e-04 0.0005676650328633441 0.06117244105704333 0.0006975880822521241 0.0005106579835799223 nan 4.1   
63 567 0.06702972153950797 10.653076105792726 0.0003762875687099153 3.7776970461134959e-04 0.00038795096903669114 0.0032555249441806435 0.00018090383110610679 0.00038332599286722437 nan 4.1   
63 567 0.09836217248842885 16.90812055301966 0.000380003545317446 3.8824139609559203e-04 0.00042417616337435583 0.00152786165815286 7.044895751916528e-05 0.00040390531811206314 nan 4.1   
63 567 0.2576641114709838 9.375664958180561 0.00041372963654754985 4.5191657855839061e-04 0.0023797362830560876 0.16039499366295315 0.05514529274772206 0.0004842082512323614 nan 4.1   
63 567 0.11014424197391236 11.6818901801364 0.0004003588830166864 4.0035888301668643e-04 0.0006268368938876758 0.0018739775770990124 0.0005134268580018823 0.00040754458180611644 nan 4.1   
63 567 0.05823748535980291 12.517727689372832 0.0003846895967753625 3.8802977623016258e-04 0.0004034420730730356 0.0022041232415157697 0.00047366797536649134 0.00039660241570762525 nan 4.1   
64 576 0.07448575514706185 9.90273494190425 0.00035617843763858197 3.6375023466947296e-04 0.00039006295182245364 0.001499354438900025 0.0003040686447679446 0.00037051910176189696 nan 4.2   
63 567 0.2896701007141807 7.487591487882028 0.0004035355764077875 4.8495035121677544e-04 0.0005595700135358938 0.12711515310894342 0.024228336330992358 0.000531465799139121 nan 4.2   
64 576 0.3905995776094434 11.090280165794205 0.0004479975457915117 4.7174239637242445e-04 0.0006365116126696274 0.304999999034051 0.0005570486733496884 0.0005848326199695633 nan 4.2   
64 576 0.06744070831169538 10.675891700506854 0.0003762875687099153 3.8697662575044671e-04 0.0004401931389650629 0.001978999793299074 0.0009332156441693923 0.0003945039229349993 nan 4.2   
64 576 0.08722946577427959 16.996271192295335 0.000380003545317446 3.9967297485293883e-04 0.001289727455666173 0.003067802646796968 0.001562289889897124 0.00040632004235771754 nan 4.2   
64 576 0.2735573894812855 9.142314285407778 0.00041372963654754985 4.4307842397451404e-04 0.0019289810129085616 0.13697284573146626 0.00860612617872468 0.0005082070920793797 nan 4.2   
64 576 0.10511983818559503 12.467836204189354 0.0004003588830166864 4.0068178398540216e-04 0.0004227624060124003 0.00044101597449020024 2.4083280769844433e-05 0.00040978567884681944 nan 4.2   
64 576 0.058564623836059704 13.479661527746334 0.0003846895967753625 3.9302204524615088e-04 0.00040305185272363625 0.00503244666266467 0.0007313090368146633 0.0003976369765024754 nan 4.2   
64 576 0.2803280815677043 7.907658360892558 0.0004035355764077875 4.6125768991208001e-04 0.0005545961350771047 0.017570923235129328 0.006942871346056308 0.0005029523164753159 nan 4.2   
65 585 0.07031429296517203 10.574827756469574 0.00035617843763858197 3.6276050012552504e-04 0.0007602781040765057 0.0019167038980142683 0.0011332632113781414 0.0003845618911362058 nan 4.2   
65 585 0.33912286509478856 11.388149130225043 0.0004479975457915117 4.6843889193657592e-04 0.000552174169315925 0.07814476626167913 0.010914599904299981 0.0004984451199699279 nan 4.2   
65 585 0.06613547162243877 10.48898912068869 0.0003762875687099153 3.7919760285108145e-04 0.000389144964651029 0.0004003737230919348 6.367215068975611e-06 0.00038628988446138515 nan 4.2   
65 585 0.0773299228817824 18.899515144063567 0.000380003545317446 3.9472642240278953e-04 0.0004022331244563631 0.001755120374412192 0.0011268293917555128 0.0003978606107653969 nan 4.3   
65 585 0.2796629266196069 10.23221936233079 0.00041372963654754985 4.9390437159827557e-04 0.0007802816146505136 0.0546354414730078 0.003279801658815387 0.0005325368771973588 nan 4.3   
65 585 0.09466299251062561 13.788027999874856 0.00039634905232152504 3.9634905232152504e-04 0.00041924638351123375 0.0007995274119495443 6.731671021121101e-05 0.0004054900364123937 nan 4.3   
65 585 0.05512716206011672 14.267428912954665 0.0003846895967753625 3.9043274654071631e-04 0.0004083623434080147 0.002127094155757332 0.00010478218020336334 0.0003960127850750552 nan 4.3   
65 585 0.2462694005330308 8.260853627876276 0.0004035355764077875 4.4262744266403039e-04 0.0004812454285639401 0.3105545142278651 0.014296651584379582 0.00046099931926428826 nan 4.3   
66 594 0.32678146445207534 12.073257356468932 0.0004443885356398971 4.4438853563989712e-04 0.000537022331161154 0.006199985720913365 0.0031601318790042696 0.0004937385393057752 nan 4.3   
66 594 0.07286266571447714 10.465417226347892 0.00035345757092571393 3.5345757092571393e-04 0.0003937895652024711 0.0037323508484019296 0.0020114504294131558 0.00037301058337397874 nan 4.3   
66 594 0.06541696910531684 10.807647611922702 0.0003762875687099153 3.8084984004510487e-04 0.00040389052190962084 0.0029043108045148517 9.592634672593277e-05 0.00038216647458166506 nan 4.3   
66 594 0.06880861063099183 21.03731054437097 0.000380003545317446 3.8778111529708749e-04 0.00040192758404552673 0.0020024191950063384 0.00039325542887586127 0.0003933879823734526 nan 4.3   
66 594 0.29127736705198937 10.41018094547452 0.00041372963654754985 4.4604664487272821e-04 0.0006167062351822001 0.00899035538454807 0.0014629363897224368 0.0005324659327689739 nan 4.3   
66 594 0.09733863163317617 15.28787735787206 0.00039634905232152504 4.0489956335114434e-04 0.00041541447185511885 0.0007915553686598019 0.0001579287093056793 0.0004092666267178684 nan 4.3   
66 594 0.04826797178497602 15.324446791234063 0.0003846895967753625 3.8947802339498442e-04 0.0004068616245326747 0.00041659084429430243 1.8568054841919094e-05 0.0003957789811012162 nan 4.3   
66 594 0.23639268808550715 8.612501777758968 0.0004035355764077875 4.1100623307231866e-04 0.0005001105096344605 0.011365407714579204 0.0007728690652411906 0.00047220600018609514 nan 4.3   
67 603 0.28047657844999724 12.275722598275445 0.0004225261562079248 4.2252615620792480e-04 0.0005123350867575632 0.0045036636446646565 0.0006190371176774659 0.00047642391702417867 nan 4.4   
67 603 0.06851133821338654 11.537092858445403 0.00035345757092571393 3.5928455544643301e-04 0.0003715448215730067 0.002308387092093583 7.98346490638776e-05 0.0003662780989702983 nan 4.4   
67 603 0.06178158991179723 10.723250436464612 0.00037089361769794885 3.7089361769794885e-04 0.0003916040815520765 0.003113005419856227 0.0009369788721601139 0.00038285379762474517 nan 4.4   
67 603 0.05977035329998166 20.507611329471327 0.000380003545317446 3.8865984115547543e-04 0.0004110058073704929 0.0013344494276150793 0.00023287516320138492 0.00039737983517526825 nan 4.4   
67 603 0.28714047151006855 10.927305125709074 0.00041372963654754985 4.4613220907881786e-04 0.000534096433967718 0.03166542190244549 0.0028229708832140958 0.000491922173466076 nan 4.4   
67 603 0.09605230976161085 16.19014792058799 0.00039634905232152504 3.9740751066979428e-04 0.00043621717536094 0.001956753280556511 9.894164236154163e-05 0.00041146130391271683 nan 4.4   
67 603 0.04891093829606505 15.057396040698748 0.0003846895967753625 3.8847160753783763e-04 0.0003935378764360241 0.0031175896822117745 0.00044611244206995863 0.00039069745119073225 nan 4.4   
67 603 0.2593069185589426 8.377218261586727 0.00039808468705328193 3.9808468705328193e-04 0.0005423426974753579 0.0083677566685099 0.003296671257775895 0.0004785254273714559 nan 4.4   
