% # columns="iteration, evaluation, sigma, beta, void,  sigvec==sigma_vec.scaling factors from diagonal decoding", seed=2567, Fri Aug 28 18:42:21 2026, <python>{}</python>
1 9 0.9449729899729059 1 0 0.03749999999999999 0.037500000000000006 0.08996575 1.5707963267948966 0.18849555921538758 0.7696902001294993 0.0175
1 9 0.9449729899729059 1 0 0.03749999999999999 0.037500000000000006 0.08996575 1.5707963267948966 0.18849555921538758 0.7696902001294993 0.0175
1 9 0.9449729899729059 1 0 0.037500000000000006 0.037500000000000006 0.08996575 1.5707963267948966 0.18849555921538758 0.7696902001294993 0.0175
1 9 0.9449729899729059 1 0 0.03749999999999999 0.037500000000000006 0.08996575 1.5707963267948966 0.18849555921538758 0.7696902001294993 0.0175
1 9 0.9449729899729059 1 0 0.037500000000000006 0.037500000000000006 0.08996575 1.5707963267948966 0.18849555921538758 0.7696902001294993 0.0175
1 9 0.944972989972906 1 0 0.03749999999999999 0.037500000000000006 0.08996575 1.5707963267948966 0.18849555921538758 0.7696902001294993 0.0175
1 9 0.944972989972906 1 0 0.037500000000000006 0.037500000000000006 0.08996575 1.5707963267948966 0.18849555921538758 0.7696902001294993 0.0175
1 9 0.944972989972906 1 0 0.037500000000000006 0.037500000000000006 0.08996575 1.5707963267948966 0.18849555921538758 0.7696902001294993 0.0175
2 18 0.9087555735421707 1 0 0.03749999999999999 0.037500000000000006 0.08996575 1.5707963267948966 0.18849555921538758 0.7696902001294993 0.0175
2 18 0.9087555735421708 1 0 0.03749999999999999 0.037500000000000006 0.08996575 1.5707963267948966 0.18849555921538758 0.7696902001294993 0.0175
2 18 0.908755573542171 1 0 0.03749999999999999 0.037500000000000006 0.08996575 1.5707963267948966 0.18849555921538758 0.7696902001294993 0.0175
2 18 0.9087555735421707 1 0 0.037500000000000006 0.037500000000000006 0.08996575 1.5707963267948966 0.18849555921538758 0.7696902001294993 0.0175
2 18 0.9087555735421705 1 0 0.037500000000000006 0.037500000000000006 0.08996575 1.5707963267948966 0.18849555921538758 0.7696902001294993 0.0175
2 18 0.908755573542171 1 0 0.037500000000000006 0.037500000000000006 0.08996575 1.5707963267948966 0.18849555921538758 0.7696902001294993 0.0175
2 18 0.9087555735421706 1 0 0.03749999999999999 0.037500000000000006 0.08996575 1.5707963267948966 0.18849555921538758 0.7696902001294993 0.0175
2 18 0.908755573542171 1 0 0.037500000000000006 0.037500000000000006 0.08996575 1.5707963267948966 0.18849555921538758 0.7696902001294993 0.0175
3 27 0.892906449470062 1 0 0.03749999999999999 0.037500000000000006 0.08996575 1.5707963267948966 0.18849555921538758 0.7696902001294993 0.0175
3 27 0.8929064494700624 1 0 0.03749999999999999 0.037500000000000006 0.08996575 1.5707963267948966 0.18849555921538758 0.7696902001294993 0.0175
3 27 0.892906449470062 1 0 0.03749999999999999 0.037500000000000006 0.08996575 1.5707963267948966 0.18849555921538758 0.7696902001294993 0.0175
3 27 0.8929064494700621 1 0 0.037500000000000006 0.037500000000000006 0.08996575 1.5707963267948966 0.18849555921538758 0.7696902001294993 0.0175
3 27 0.892906449470062 1 0 0.037500000000000006 0.037500000000000006 0.08996575 1.5707963267948966 0.18849555921538758 0.7696902001294993 0.0175
3 27 0.8929064494700619 1 0 0.03749999999999999 0.037500000000000006 0.08996575 1.5707963267948966 0.18849555921538758 0.7696902001294993 0.0175
3 27 0.8929064494700619 1 0 0.037500000000000006 0.037500000000000006 0.08996575 1.5707963267948966 0.18849555921538758 0.7696902001294993 0.0175
3 27 0.8929064494700621 1 0 0.037500000000000006 0.037500000000000006 0.08996575 1.5707963267948966 0.18849555921538758 0.7696902001294993 0.0175
4 36 0.9107936243491097 1 0 0.03749999999999999 0.037500000000000006 0.08996575 1.5707963267948966 0.18849555921538758 0.7696902001294993 0.0175
4 36 0.910793624349109 1 0 0.03749999999999999 0.037500000000000006 0.08996575 1.5707963267948966 0.18849555921538758 0.7696902001294993 0.0175
4 36 0.9107936243491088 1 0 0.03749999999999999 0.037500000000000006 0.08996575 1.5707963267948966 0.18849555921538758 0.7696902001294993 0.0175
4 36 0.9107936243491089 1 0 0.037500000000000006 0.037500000000000006 0.08996575 1.5707963267948966 0.18849555921538758 0.7696902001294993 0.0175
4 36 0.910793624349109 1 0 0.03749999999999999 0.037500000000000006 0.08996575 1.5707963267948966 0.18849555921538758 0.7696902001294993 0.0175
4 36 0.910793624349109 1 0 0.037500000000000006 0.037500000000000006 0.08996575 1.5707963267948966 0.18849555921538758 0.7696902001294993 0.0175
4 36 0.9107936243491092 1 0 0.037500000000000006 0.037500000000000006 0.08996575 1.5707963267948966 0.18849555921538758 0.7696902001294993 0.0175
4 36 0.9107936243491092 1 0 0.037500000000000006 0.037500000000000006 0.08996575 1.5707963267948966 0.18849555921538758 0.7696902001294993 0.0175
5 45 0.9600110149980431 1 0 0.03749999999999999 0.037500000000000006 0.08996575 1.5707963267948966 0.18849555921538758 0.7696902001294993 0.0175
5 45 0.9600110149980414 1 0 0.03749999999999999 0.037500000000000006 0.08996575 1.5707963267948966 0.18849555921538758 0.7696902001294993 0.0175
5 45 0.9600110149980415 1 0 0.03749999999999999 0.037500000000000006 0.08996575 1.5707963267948966 0.18849555921538758 0.7696902001294993 0.0175
5 45 0.9600110149980422 1 0 0.03749999999999999 0.037500000000000006 0.08996575 1.5707963267948966 0.18849555921538758 0.7696902001294993 0.0175
5 45 0.9600110149980416 1 0 0.037500000000000006 0.037500000000000006 0.08996575 1.5707963267948966 0.18849555921538758 0.7696902001294993 0.0175
5 45 0.9600110149980422 1 0 0.037500000000000006 0.037500000000000006 0.08996575 1.5707963267948966 0.18849555921538758 0.7696902001294993 0.0175
5 45 0.9600110149980419 1 0 0.037500000000000006 0.037500000000000006 0.08996575 1.5707963267948966 0.18849555921538758 0.7696902001294993 0.0175
5 45 0.9600110149980419 1 0 0.037500000000000006 0.037500000000000006 0.08996575 1.5707963267948966 0.18849555921538758 0.7696902001294993 0.0175
6 54 1.0469016112629952 1 0 0.03749999999999999 0.037500000000000006 0.08996575 1.5707963267948966 0.18849555921538758 0.7696902001294993 0.0175
6 54 1.0469016112629927 1 0 0.03749999999999999 0.037500000000000006 0.08996575 1.5707963267948966 0.18849555921538758 0.7696902001294993 0.0175
6 54 1.0469016112629932 1 0 0.03749999999999999 0.037500000000000006 0.08996575 1.5707963267948966 0.18849555921538758 0.7696902001294993 0.0175
6 54 1.046901611262994 1 0 0.03749999999999999 0.037500000000000006 0.08996575 1.5707963267948966 0.18849555921538758 0.7696902001294993 0.0175
6 54 1.0469016112629936 1 0 0.037500000000000006 0.037500000000000006 0.08996575 1.5707963267948966 0.18849555921538758 0.7696902001294993 0.0175
6 54 1.0469016112629934 1 0 0.037500000000000006 0.037500000000000006 0.08996575 1.5707963267948966 0.18849555921538758 0.7696902001294993 0.0175
6 54 1.0469016112629934 1 0 0.037500000000000006 0.037500000000000006 0.08996575 1.5707963267948966 0.18849555921538758 0.7696902001294993 0.0175
6 54 1.046901611262994 1 0 0.037500000000000006 0.037500000000000006 0.08996575 1.5707963267948966 0.18849555921538758 0.7696902001294993 0.0175
7 63 0.9808150963897807 1 0 0.03749999999999999 0.037500000000000006 0.08996575 1.5707963267948966 0.18849555921538758 0.7696902001294993 0.0175
7 63 0.9808150963897784 1 0 0.03749999999999999 0.037500000000000006 0.08996575 1.5707963267948966 0.18849555921538758 0.7696902001294993 0.0175
7 63 0.9808150963897786 1 0 0.03749999999999999 0.037500000000000006 0.08996575 1.5707963267948966 0.18849555921538758 0.7696902001294993 0.0175
7 63 0.9808150963897787 1 0 0.037500000000000006 0.037500000000000006 0.08996575 1.5707963267948966 0.18849555921538758 0.7696902001294993 0.0175
7 63 0.9808150963897797 1 0 0.03749999999999999 0.037500000000000006 0.08996575 1.5707963267948966 0.18849555921538758 0.7696902001294993 0.0175
7 63 0.9808150963897792 1 0 0.037500000000000006 0.037500000000000006 0.08996575 1.5707963267948966 0.18849555921538758 0.7696902001294993 0.0175
7 63 0.9808150963897796 1 0 0.037500000000000006 0.037500000000000006 0.08996575 1.5707963267948966 0.18849555921538758 0.7696902001294993 0.0175
7 63 0.9808150963897793 1 0 0.037500000000000006 0.037500000000000006 0.08996575 1.5707963267948966 0.18849555921538758 0.7696902001294993 0.0175
8 72 0.9439356079277108 1 0 0.03749999999999999 0.037500000000000006 0.08996575 1.5707963267948966 0.18849555921538758 0.7696902001294993 0.0175
8 72 0.9439356079277084 1 0 0.03749999999999999 0.037500000000000006 0.08996575 1.5707963267948966 0.18849555921538758 0.7696902001294993 0.0175
8 72 0.9439356079277086 1 0 0.03749999999999999 0.037500000000000006 0.08996575 1.5707963267948966 0.18849555921538758 0.7696902001294993 0.0175
8 72 0.9439356079277088 1 0 0.037500000000000006 0.037500000000000006 0.08996575 1.5707963267948966 0.18849555921538758 0.7696902001294993 0.0175
8 72 0.9439356079277097 1 0 0.03749999999999999 0.037500000000000006 0.08996575 1.5707963267948966 0.18849555921538758 0.7696902001294993 0.0175
8 72 0.9439356079277094 1 0 0.037500000000000006 0.037500000000000006 0.08996575 1.5707963267948966 0.18849555921538758 0.7696902001294993 0.0175
8 72 0.9439356079277097 1 0 0.037500000000000006 0.037500000000000006 0.08996575 1.5707963267948966 0.18849555921538758 0.7696902001294993 0.0175
8 72 0.9439356079277096 1 0 0.037500000000000006 0.037500000000000006 0.08996575 1.5707963267948966 0.18849555921538758 0.7696902001294993 0.0175
9 81 0.8206293312726306 1 0 0.03749999999999999 0.037500000000000006 0.08996575 1.5707963267948966 0.18849555921538758 0.7696902001294993 0.0175
9 81 0.8206293312726285 1 0 0.03749999999999999 0.037500000000000006 0.08996575 1.5707963267948966 0.18849555921538758 0.7696902001294993 0.0175
9 81 0.8513798812063996 1 0 0.03749999999999999 0.037500000000000006 0.08996575 1.5707963267948966 0.18849555921538758 0.7696902001294993 0.0175
9 81 0.8206293312726284 1 0 0.037500000000000006 0.037500000000000006 0.08996575 1.5707963267948966 0.18849555921538758 0.7696902001294993 0.0175
9 81 0.8513798812064006 1 0 0.03749999999999999 0.037500000000000006 0.08996575 1.5707963267948966 0.18849555921538758 0.7696902001294993 0.0175
9 81 0.8206293312726292 1 0 0.037500000000000006 0.037500000000000006 0.08996575 1.5707963267948966 0.18849555921538758 0.7696902001294993 0.0175
9 81 0.8513798812064005 1 0 0.037500000000000006 0.037500000000000006 0.08996575 1.5707963267948966 0.18849555921538758 0.7696902001294993 0.0175
9 81 0.8206293312726293 1 0 0.037500000000000006 0.037500000000000006 0.08996575 1.5707963267948966 0.18849555921538758 0.7696902001294993 0.0175
10 90 0.7289711996298535 1 0 0.03749999999999999 0.037500000000000006 0.08996575 1.5707963267948966 0.18849555921538758 0.7696902001294993 0.0175
10 90 0.7289711996298514 1 0 0.03749999999999999 0.037500000000000006 0.08996575 1.5707963267948966 0.18849555921538758 0.7696902001294993 0.0175
10 90 0.7289711996298512 1 0 0.037500000000000006 0.037500000000000006 0.08996575 1.5707963267948966 0.18849555921538758 0.7696902001294993 0.0175
10 90 0.8078747559212405 1 0 0.03749999999999999 0.037500000000000006 0.08996575 1.5707963267948966 0.18849555921538758 0.7696902001294993 0.0175
10 90 0.8078747559212414 1 0 0.03749999999999999 0.037500000000000006 0.08996575 1.5707963267948966 0.18849555921538758 0.7696902001294993 0.0175
10 90 0.728971199629852 1 0 0.037500000000000006 0.037500000000000006 0.08996575 1.5707963267948966 0.18849555921538758 0.7696902001294993 0.0175
10 90 0.8078747559212412 1 0 0.037500000000000006 0.037500000000000006 0.08996575 1.5707963267948966 0.18849555921538758 0.7696902001294993 0.0175
11 99 0.6581829545660899 1 0 0.03749999999999999 0.037500000000000006 0.08996575 1.5707963267948966 0.18849555921538758 0.7696902001294993 0.0175
10 90 0.7289711996298521 1 0 0.037500000000000006 0.037500000000000006 0.08996575 1.5707963267948966 0.18849555921538758 0.7696902001294993 0.0175
11 99 0.6581829545660878 1 0 0.03749999999999999 0.037500000000000006 0.08996575 1.5707963267948966 0.18849555921538758 0.7696902001294993 0.0175
11 99 0.6581829545660882 1 0 0.037500000000000006 0.037500000000000006 0.08996575 1.5707963267948966 0.18849555921538758 0.7696902001294993 0.0175
11 99 0.8331957561926431 1 0 0.03749999999999999 0.037500000000000006 0.08996575 1.5707963267948966 0.18849555921538758 0.7696902001294993 0.0175
11 99 0.8331957561926439 1 0 0.03749999999999999 0.037500000000000006 0.08996575 1.5707963267948966 0.18849555921538758 0.7696902001294993 0.0175
11 99 0.6581829545660889 1 0 0.037500000000000006 0.037500000000000006 0.08996575 1.5707963267948966 0.18849555921538758 0.7696902001294993 0.0175
11 99 0.8331957561926441 1 0 0.037500000000000006 0.037500000000000006 0.08996575 1.5707963267948966 0.18849555921538758 0.7696902001294993 0.0175
11 99 0.6581829545660888 1 0 0.037500000000000006 0.037500000000000006 0.08996575 1.5707963267948966 0.18849555921538758 0.7696902001294993 0.0175
12 108 0.6545252902319152 1 0 0.03749999999999999 0.037500000000000006 0.08996575 1.5707963267948966 0.18849555921538758 0.7696902001294993 0.0175
12 108 0.6545252902319131 1 0 0.03749999999999999 0.037500000000000006 0.08996575 1.5707963267948966 0.18849555921538758 0.7696902001294993 0.0175
12 108 0.6545252902319134 1 0 0.037500000000000006 0.037500000000000006 0.08996575 1.5707963267948966 0.18849555921538758 0.7696902001294993 0.0175
12 108 0.7805308994169247 1 0 0.03749999999999999 0.037500000000000006 0.08996575 1.5707963267948966 0.18849555921538758 0.7696902001294993 0.0175
12 108 0.7805308994169257 1 0 0.03749999999999999 0.037500000000000006 0.08996575 1.5707963267948966 0.18849555921538758 0.7696902001294993 0.0175
12 108 0.654525290231914 1 0 0.037500000000000006 0.037500000000000006 0.08996575 1.5707963267948966 0.18849555921538758 0.7696902001294993 0.0175
12 108 0.7805308994169253 1 0 0.037500000000000006 0.037500000000000006 0.08996575 1.5707963267948966 0.18849555921538758 0.7696902001294993 0.0175
13 117 0.6024223710435593 1 0 0.03749999999999999 0.037500000000000006 0.08996575 1.5707963267948966 0.18849555921538758 0.7696902001294993 0.0175
12 108 0.6545252902319141 1 0 0.037500000000000006 0.037500000000000006 0.08996575 1.5707963267948966 0.18849555921538758 0.7696902001294993 0.0175
13 117 0.6024223710435574 1 0 0.03749999999999999 0.037500000000000006 0.08996575 1.5707963267948966 0.18849555921538758 0.7696902001294993 0.0175
13 117 0.7971761793313038 1 0 0.03749999999999999 0.037500000000000006 0.08996575 1.5707963267948966 0.18849555921538758 0.7696902001294993 0.0175
13 117 0.6024223710435578 1 0 0.037500000000000006 0.037500000000000006 0.08996575 1.5707963267948966 0.18849555921538758 0.7696902001294993 0.0175
13 117 0.797176179331305 1 0 0.03749999999999999 0.037500000000000006 0.08996575 1.5707963267948966 0.18849555921538758 0.7696902001294993 0.0175
13 117 0.797176179331305 1 0 0.037500000000000006 0.037500000000000006 0.08996575 1.5707963267948966 0.18849555921538758 0.7696902001294993 0.0175
13 117 0.6024223710435586 1 0 0.037500000000000006 0.037500000000000006 0.08996575 1.5707963267948966 0.18849555921538758 0.7696902001294993 0.0175
14 126 0.5854219039113728 1 0 0.03749999999999999 0.037500000000000006 0.08996575 1.5707963267948966 0.18849555921538758 0.7696902001294993 0.0175
13 117 0.6024223710435584 1 0 0.037500000000000006 0.037500000000000006 0.08996575 1.5707963267948966 0.18849555921538758 0.7696902001294993 0.0175
14 126 0.5854219039113708 1 0 0.03749999999999999 0.037500000000000006 0.08996575 1.5707963267948966 0.18849555921538758 0.7696902001294993 0.0175
14 126 0.5854219039113712 1 0 0.037500000000000006 0.037500000000000006 0.08996575 1.5707963267948966 0.18849555921538758 0.7696902001294993 0.0175
14 126 0.9398803603999754 1 0 0.03749999999999999 0.037500000000000006 0.08996575 1.5707963267948966 0.18849555921538758 0.7696902001294993 0.0175
14 126 0.9398803603999766 1 0 0.03749999999999999 0.037500000000000006 0.08996575 1.5707963267948966 0.18849555921538758 0.7696902001294993 0.0175
14 126 0.9398803603999768 1 0 0.037500000000000006 0.037500000000000006 0.08996575 1.5707963267948966 0.18849555921538758 0.7696902001294993 0.0175
14 126 0.585421903911372 1 0 0.037500000000000006 0.037500000000000006 0.08996575 1.5707963267948966 0.18849555921538758 0.7696902001294993 0.0175
14 126 0.5854219039113719 1 0 0.037500000000000006 0.037500000000000006 0.08996575 1.5707963267948966 0.18849555921538758 0.7696902001294993 0.0175
15 135 0.5978422546143448 1 0 0.03749999999999999 0.037500000000000006 0.08996575 1.5707963267948966 0.18849555921538758 0.7696902001294993 0.0175
15 135 0.5797498023185449 1 0 0.03749999999999999 0.037500000000000006 0.08996575 1.5707963267948966 0.18849555921538758 0.7696902001294993 0.0175
15 135 0.5797498023185449 1 0 0.037500000000000006 0.037500000000000006 0.08996575 1.5707963267948966 0.18849555921538758 0.7696902001294993 0.0175
15 135 0.8655317777034368 1 0 0.03749999999999999 0.037500000000000006 0.08996575 1.5707963267948966 0.18849555921538758 0.7696902001294993 0.0175
15 135 0.8655317777034378 1 0 0.03749999999999999 0.037500000000000006 0.08996575 1.5707963267948966 0.18849555921538758 0.7696902001294993 0.0175
15 135 0.865531777703438 1 0 0.037500000000000006 0.037500000000000006 0.08996575 1.5707963267948966 0.18849555921538758 0.7696902001294993 0.0175
15 135 0.5978422546143438 1 0 0.037500000000000006 0.037500000000000006 0.08996575 1.5707963267948966 0.18849555921538758 0.7696902001294993 0.0175
16 144 0.582575693916806 1 0 0.03749999999999999 0.037500000000000006 0.08996575 1.5707963267948966 0.18849555921538758 0.7696902001294993 0.0175
15 135 0.579749802318546 1 0 0.037500000000000006 0.037500000000000006 0.08996575 1.5707963267948966 0.18849555921538758 0.7696902001294993 0.0175
16 144 0.626448452670874 1 0 0.03749999999999999 0.037500000000000006 0.08996575 1.5707963267948966 0.18849555921538758 0.7696902001294993 0.0175
16 144 0.5140866459178054 1 0 0.037500000000000006 0.037500000000000006 0.08996575 1.5707963267948966 0.18849555921538758 0.7696902001294993 0.0175
16 144 0.783847183450373 1 0 0.03749999999999999 0.037500000000000006 0.08996575 1.5707963267948966 0.18849555921538758 0.7696902001294993 0.0175
16 144 0.7710259698063462 1 0 0.03749999999999999 0.037500000000000006 0.08996575 1.5707963267948966 0.18849555921538758 0.7696902001294993 0.0175
16 144 0.7838471834503737 1 0 0.037500000000000006 0.037500000000000006 0.08996575 1.5707963267948966 0.18849555921538758 0.7696902001294993 0.0175
16 144 0.5825756939168046 1 0 0.037500000000000006 0.037500000000000006 0.08996575 1.5707963267948966 0.18849555921538758 0.7696902001294993 0.0175
17 153 0.5417071414878829 1 0 0.03749999999999999 0.037500000000000006 0.08996575 1.5707963267948966 0.18849555921538758 0.7696902001294993 0.0175
16 144 0.6264484526708751 1 0 0.037500000000000006 0.037500000000000006 0.08996575 1.5707963267948966 0.18849555921538758 0.7696902001294993 0.0175
17 153 0.6696284845836317 1 0 0.03749999999999999 0.037500000000000006 0.08996575 1.5707963267948966 0.18849555921538758 0.7696902001294993 0.0175
17 153 0.47412012052713537 1 0 0.037500000000000006 0.037500000000000006 0.08996575 1.5707963267948966 0.18849555921538758 0.7696902001294993 0.0175
17 153 0.784746966059137 1 0 0.03749999999999999 0.037500000000000006 0.08996575 1.5707963267948966 0.18849555921538758 0.7696902001294993 0.0175
17 153 0.7220366342288944 1 0 0.03749999999999999 0.037500000000000006 0.08996575 1.5707963267948966 0.18849555921538758 0.7696902001294993 0.0175
17 153 0.7847469660591375 1 0 0.037500000000000006 0.037500000000000006 0.08996575 1.5707963267948966 0.18849555921538758 0.7696902001294993 0.0175
17 153 0.5417071414878819 1 0 0.037500000000000006 0.037500000000000006 0.08996575 1.5707963267948966 0.18849555921538758 0.7696902001294993 0.0175
18 162 0.5132494855279776 1 0 0.03749999999999999 0.037500000000000006 0.08996575 1.5707963267948966 0.18849555921538758 0.7696902001294993 0.0175
17 153 0.6696284845836322 1 0 0.037500000000000006 0.037500000000000006 0.08996575 1.5707963267948966 0.18849555921538758 0.7696902001294993 0.0175
18 162 0.686872375738984 1 0 0.03749999999999999 0.037500000000000006 0.08996575 1.5707963267948966 0.18849555921538758 0.7696902001294993 0.0175
18 162 0.43954861527171774 1 0 0.037500000000000006 0.037500000000000006 0.08996575 1.5707963267948966 0.18849555921538758 0.7696902001294993 0.0175
18 162 0.8063271629143438 1 0 0.03749999999999999 0.037500000000000006 0.08996575 1.5707963267948966 0.18849555921538758 0.7696902001294993 0.0175
18 162 0.6976467045659195 1 0 0.03749999999999999 0.037500000000000006 0.08996575 1.5707963267948966 0.18849555921538758 0.7696902001294993 0.0175
18 162 0.8063271629143443 1 0 0.037500000000000006 0.037500000000000006 0.08996575 1.5707963267948966 0.18849555921538758 0.7696902001294993 0.0175
18 162 0.5132494855279764 1 0 0.037500000000000006 0.037500000000000006 0.08996575 1.5707963267948966 0.18849555921538758 0.7696902001294993 0.0175
19 171 0.4462517039881977 1 0 0.03749999999999999 0.037500000000000006 0.08996575 1.5707963267948966 0.18849555921538758 0.7696902001294993 0.0175
18 162 0.6868723757389841 1 0 0.037500000000000006 0.037500000000000006 0.08996575 1.5707963267948966 0.18849555921538758 0.7696902001294993 0.0175
19 171 0.6095942569692013 1 0 0.03749999999999999 0.037500000000000006 0.08996575 1.5707963267948966 0.18849555921538758 0.7696902001294993 0.0175
19 171 0.41719641308960514 1 0 0.037500000000000006 0.037500000000000006 0.08996575 1.5707963267948966 0.18849555921538758 0.7696902001294993 0.0175
19 171 0.7562989328256247 1 0 0.03749999999999999 0.037500000000000006 0.08996575 1.5707963267948966 0.18849555921538758 0.7696902001294993 0.0175
19 171 0.6330660002572158 1 0 0.03749999999999999 0.037500000000000006 0.08996575 1.5707963267948966 0.18849555921538758 0.7696902001294993 0.0175
19 171 0.44625170398819647 1 0 0.037500000000000006 0.037500000000000006 0.08996575 1.5707963267948966 0.18849555921538758 0.7696902001294993 0.0175
19 171 0.756298932825625 1 0 0.037500000000000006 0.037500000000000006 0.08996575 1.5707963267948966 0.18849555921538758 0.7696902001294993 0.0175
20 180 0.3979172266898888 1 0 0.03749999999999999 0.037500000000000006 0.08996575 1.5707963267948966 0.18849555921538758 0.7696902001294993 0.0175
19 171 0.6095942569692018 1 0 0.037500000000000006 0.037500000000000006 0.08996575 1.5707963267948966 0.18849555921538758 0.7696902001294993 0.0175
20 180 0.6288452047982597 1 0 0.03749999999999999 0.037500000000000006 0.08996575 1.5707963267948966 0.18849555921538758 0.7696902001294993 0.0175
20 180 0.3680454636514148 1 0 0.037500000000000006 0.037500000000000006 0.08996575 1.5707963267948966 0.18849555921538758 0.7696902001294993 0.0175
20 180 0.719278034054585 1 0 0.03749999999999999 0.037500000000000006 0.08996575 1.5707963267948966 0.18849555921538758 0.7696902001294993 0.0175
20 180 0.6254733855267889 1 0 0.03749999999999999 0.037500000000000006 0.08996575 1.5707963267948966 0.18849555921538758 0.7696902001294993 0.0175
20 180 0.7192780340545852 1 0 0.037500000000000006 0.037500000000000006 0.08996575 1.5707963267948966 0.18849555921538758 0.7696902001294993 0.0175
20 180 0.38921686877204986 1 0 0.037500000000000006 0.037500000000000006 0.08996575 1.5707963267948966 0.18849555921538758 0.7696902001294993 0.0175
21 189 0.38222001066991446 1 0 0.03749999999999999 0.037500000000000006 0.08996575 1.5707963267948966 0.18849555921538758 0.7696902001294993 0.0175
20 180 0.6288452047982601 1 0 0.037500000000000006 0.037500000000000006 0.08996575 1.5707963267948966 0.18849555921538758 0.7696902001294993 0.0175
21 189 0.6161989629142487 1 0 0.03749999999999999 0.037500000000000006 0.08996575 1.5707963267948966 0.18849555921538758 0.7696902001294993 0.0175
21 189 0.3555245325548519 1 0 0.037500000000000006 0.037500000000000006 0.08996575 1.5707963267948966 0.18849555921538758 0.7696902001294993 0.0175
21 189 0.7096760411803864 1 0 0.03749999999999999 0.037500000000000006 0.08996575 1.5707963267948966 0.18849555921538758 0.7696902001294993 0.0175
21 189 0.6836512559374393 1 0 0.03749999999999999 0.037500000000000006 0.08996575 1.5707963267948966 0.18849555921538758 0.7696902001294993 0.0175
21 189 0.33993371967360697 1 0 0.037500000000000006 0.037500000000000006 0.08996575 1.5707963267948966 0.18849555921538758 0.7696902001294993 0.0175
21 189 0.6915969523407234 1 0 0.037500000000000006 0.037500000000000006 0.08996575 1.5707963267948966 0.18849555921538758 0.7696902001294993 0.0175
22 198 0.38282214554960003 1 0 0.03749999999999999 0.037500000000000006 0.08996575 1.5707963267948966 0.18849555921538758 0.7696902001294993 0.0175
21 189 0.6161989629142494 1 0 0.037500000000000006 0.037500000000000006 0.08996575 1.5707963267948966 0.18849555921538758 0.7696902001294993 0.0175
22 198 0.5988831896124003 1 0 0.03749999999999999 0.037500000000000006 0.08996575 1.5707963267948966 0.18849555921538758 0.7696902001294993 0.0175
22 198 0.6031375257301091 1 0 0.03749999999999999 0.037500000000000006 0.08996575 1.5707963267948966 0.18849555921538758 0.7696902001294993 0.0175
22 198 0.33803213620056777 1 0 0.037500000000000006 0.037500000000000006 0.08996575 1.5707963267948966 0.18849555921538758 0.7696902001294993 0.0175
22 198 0.6842005050827218 1 0 0.03749999999999999 0.037500000000000006 0.08996575 1.5707963267948966 0.18849555921538758 0.7696902001294993 0.0175
22 198 0.32246420925546754 1 0 0.037500000000000006 0.037500000000000006 0.08996575 1.5707963267948966 0.18849555921538758 0.7696902001294993 0.0175
22 198 0.5844043387297414 1 0 0.037500000000000006 0.037500000000000006 0.08996575 1.5707963267948966 0.18849555921538758 0.7696902001294993 0.0175
22 198 0.5895345278805828 1 0 0.037500000000000006 0.037500000000000006 0.08996575 1.5707963267948966 0.18849555921538758 0.7696902001294993 0.0175
23 207 0.3447734299466368 1 0 0.03749999999999999 0.037500000000000006 0.08996575 1.5707963267948966 0.18849555921538758 0.7696902001294993 0.0175
23 207 0.5574717398078183 1 0 0.03749999999999999 0.037500000000000006 0.08996575 1.5707963267948966 0.18849555921538758 0.7696902001294993 0.0175
23 207 0.5572388512417581 1 0 0.03749999999999999 0.037500000000000006 0.08996575 1.5707963267948966 0.18849555921538758 0.7696902001294993 0.0175
23 207 0.3188821166243458 1 0 0.037500000000000006 0.037500000000000006 0.08996575 1.5707963267948966 0.18849555921538758 0.7696902001294993 0.0175
23 207 0.6851377075581376 1 0 0.03749999999999999 0.037500000000000006 0.08996575 1.5707963267948966 0.18849555921538758 0.7696902001294993 0.0175
23 207 0.27431122172513583 1 0 0.037500000000000006 0.037500000000000006 0.08996575 1.5707963267948966 0.18849555921538758 0.7696902001294993 0.0175
23 207 0.49362675508958326 1 0 0.037500000000000006 0.037500000000000006 0.08996575 1.5707963267948966 0.18849555921538758 0.7696902001294993 0.0175
23 207 0.5466462535902735 1 0 0.037500000000000006 0.037500000000000006 0.08996575 1.5707963267948966 0.18849555921538758 0.7696902001294993 0.0175
24 216 0.32919387341494655 1 0 0.03749999999999999 0.037500000000000006 0.08996575 1.5707963267948966 0.18849555921538758 0.7696902001294993 0.0175
24 216 0.5236573443310291 1 0 0.03749999999999999 0.037500000000000006 0.08996575 1.5707963267948966 0.18849555921538758 0.7696902001294993 0.0175
24 216 0.4709612249993165 1 0 0.03749999999999999 0.037500000000000006 0.08996575 1.5707963267948966 0.18849555921538758 0.7696902001294993 0.0175
24 216 0.6338199568976929 1 0 0.03749999999999999 0.037500000000000006 0.08996575 1.5707963267948966 0.18849555921538758 0.7696902001294993 0.0175
24 216 0.27102561824488686 1 0 0.037500000000000006 0.037500000000000006 0.08996575 1.5707963267948966 0.18849555921538758 0.7696902001294993 0.0175
24 216 0.47994513527661137 1 0 0.037500000000000006 0.037500000000000006 0.08996575 1.5707963267948966 0.18849555921538758 0.7696902001294993 0.0175
24 216 0.26495743237044683 1 0 0.037500000000000006 0.037500000000000006 0.08996575 1.5707963267948966 0.18849555921538758 0.7696902001294993 0.0175
24 216 0.5046364146568533 1 0 0.037500000000000006 0.037500000000000006 0.08996575 1.5707963267948966 0.18849555921538758 0.7696902001294993 0.0175
25 225 0.32619522000371504 1 0 0.03749999999999999 0.037500000000000006 0.08996575 1.5707963267948966 0.18849555921538758 0.7696902001294993 0.0175
25 225 0.49384394242071483 1 0 0.03749999999999999 0.037500000000000006 0.08996575 1.5707963267948966 0.18849555921538758 0.7696902001294993 0.0175
25 225 0.44801674861389923 1 0 0.03749999999999999 0.037500000000000006 0.08996575 1.5707963267948966 0.18849555921538758 0.7696902001294993 0.0175
25 225 0.24813128259340794 1 0 0.037500000000000006 0.037500000000000006 0.08996575 1.5707963267948966 0.18849555921538758 0.7696902001294993 0.0175
25 225 0.6197401559521882 1 0 0.03749999999999999 0.037500000000000006 0.08996575 1.5707963267948966 0.18849555921538758 0.7696902001294993 0.0175
25 225 0.5066363952660123 1 0 0.037500000000000006 0.037500000000000006 0.08996575 1.5707963267948966 0.18849555921538758 0.7696902001294993 0.0175
25 225 0.24990278067325622 1 0 0.037500000000000006 0.037500000000000006 0.08996575 1.5707963267948966 0.18849555921538758 0.7696902001294993 0.0175
26 234 0.28320329774245373 1 0 0.03749999999999999 0.037500000000000006 0.08996575 1.5707963267948966 0.18849555921538758 0.7696902001294993 0.0175
25 225 0.5038423143849456 1 0 0.037500000000000006 0.037500000000000006 0.08996575 1.5707963267948966 0.18849555921538758 0.7696902001294993 0.0175
26 234 0.438088259196994 1 0 0.03749999999999999 0.037500000000000006 0.08996575 1.5707963267948966 0.18849555921538758 0.7696902001294993 0.0175
26 234 0.45527411809042706 1 0 0.03749999999999999 0.037500000000000006 0.08996575 1.5707963267948966 0.18849555921538758 0.7696902001294993 0.0175
26 234 0.6267260396714872 1 0 0.03749999999999999 0.037500000000000006 0.08996575 1.5707963267948966 0.18849555921538758 0.7696902001294993 0.0175
26 234 0.2232248817147912 1 0 0.037500000000000006 0.037500000000000006 0.08996575 1.5707963267948966 0.18849555921538758 0.7696902001294993 0.0175
26 234 0.5158631303934571 1 0 0.037500000000000006 0.037500000000000006 0.08996575 1.5707963267948966 0.18849555921538758 0.7696902001294993 0.0175
26 234 0.24973258331031908 1 0 0.037500000000000006 0.037500000000000006 0.08996575 1.5707963267948966 0.18849555921538758 0.7696902001294993 0.0175
27 243 0.2672885060561147 1 0 0.03749999999999999 0.037500000000000006 0.08996575 1.5707963267948966 0.18849555921538758 0.7696902001294993 0.0175
26 234 0.4763217799338399 1 0 0.037500000000000006 0.037500000000000006 0.08996575 1.5707963267948966 0.18849555921538758 0.7696902001294993 0.0175
27 243 0.39960224307644204 1 0 0.03749999999999999 0.037500000000000006 0.08996575 1.5707963267948966 0.18849555921538758 0.7696902001294993 0.0175
27 243 0.45440920381878985 1 0 0.03749999999999999 0.037500000000000006 0.08996575 1.5707963267948966 0.18849555921538758 0.7696902001294993 0.0175
27 243 0.620992784450283 1 0 0.03749999999999999 0.037500000000000006 0.08996575 1.5707963267948966 0.18849555921538758 0.7696902001294993 0.0175
27 243 0.21908011855790563 1 0 0.037500000000000006 0.037500000000000006 0.08996575 1.5707963267948966 0.18849555921538758 0.7696902001294993 0.0175
27 243 0.463660142349273 1 0 0.037500000000000006 0.037500000000000006 0.08996575 1.5707963267948966 0.18849555921538758 0.7696902001294993 0.0175
27 243 0.2205812741947951 1 0 0.037500000000000006 0.037500000000000006 0.08996575 1.5707963267948966 0.18849555921538758 0.7696902001294993 0.0175
28 252 0.2603017449600084 1 0 0.03749999999999999 0.037500000000000006 0.08996575 1.5707963267948966 0.18849555921538758 0.7696902001294993 0.0175
27 243 0.4255622991382819 1 0 0.037500000000000006 0.037500000000000006 0.08996575 1.5707963267948966 0.18849555921538758 0.7696902001294993 0.0175
28 252 0.4311127387886669 1 0 0.03749999999999999 0.037500000000000006 0.08996575 1.5707963267948966 0.18849555921538758 0.7696902001294993 0.0175
28 252 0.39673312916487447 1 0 0.03749999999999999 0.037500000000000006 0.08996575 1.5707963267948966 0.18849555921538758 0.7696902001294993 0.0175
28 252 0.6400992629908214 1 0 0.03749999999999999 0.037500000000000006 0.08996575 1.5707963267948966 0.18849555921538758 0.7696902001294993 0.0175
28 252 0.22156257322741485 1 0 0.037500000000000006 0.037500000000000006 0.08996575 1.5707963267948966 0.18849555921538758 0.7696902001294993 0.0175
28 252 0.23869834950781102 1 0 0.037500000000000006 0.037500000000000006 0.08996575 1.5707963267948966 0.18849555921538758 0.7696902001294993 0.0175
28 252 0.4452980960560813 1 0 0.037500000000000006 0.037500000000000006 0.08996575 1.5707963267948966 0.18849555921538758 0.7696902001294993 0.0175
29 261 0.441153506023459 1 0 0.03749999999999999 0.037500000000000006 0.08996575 1.5707963267948966 0.18849555921538758 0.7696902001294993 0.0175
28 252 0.37174961990110456 1 0 0.037500000000000006 0.037500000000000006 0.08996575 1.5707963267948966 0.18849555921538758 0.7696902001294993 0.0175
29 261 0.25014173840880505 1 0 0.03749999999999999 0.037500000000000006 0.08996575 1.5707963267948966 0.18849555921538758 0.7696902001294993 0.0175
29 261 0.37419049655804565 1 0 0.03749999999999999 0.037500000000000006 0.08996575 1.5707963267948966 0.18849555921538758 0.7696902001294993 0.0175
29 261 0.615025332368313 1 0 0.03749999999999999 0.037500000000000006 0.08996575 1.5707963267948966 0.18849555921538758 0.7696902001294993 0.0175
29 261 0.23036715720082745 1 0 0.037500000000000006 0.037500000000000006 0.08996575 1.5707963267948966 0.18849555921538758 0.7696902001294993 0.0175
29 261 0.24497009196025063 1 0 0.037500000000000006 0.037500000000000006 0.08996575 1.5707963267948966 0.18849555921538758 0.7696902001294993 0.0175
29 261 0.4279167109362768 1 0 0.037500000000000006 0.037500000000000006 0.08996575 1.5707963267948966 0.18849555921538758 0.7696902001294993 0.0175
30 270 0.45268932781974924 1 0 0.03749999999999999 0.037500000000000006 0.08996575 1.5707963267948966 0.18849555921538758 0.7696902001294993 0.0175
29 261 0.3684504416227477 1 0 0.037500000000000006 0.037500000000000006 0.08996575 1.5707963267948966 0.18849555921538758 0.7696902001294993 0.0175
30 270 0.22074787364526718 1 0 0.03749999999999999 0.037500000000000006 0.08996575 1.5707963267948966 0.18849555921538758 0.7696902001294993 0.0175
30 270 0.385758209836886 1 0 0.03749999999999999 0.037500000000000006 0.08996575 1.5707963267948966 0.18849555921538758 0.7696902001294993 0.0175
30 270 0.6353919948504061 1 0 0.03749999999999999 0.037500000000000006 0.08996575 1.5707963267948966 0.18849555921538758 0.7696902001294993 0.0175
30 270 0.21964894768306517 1 0 0.037500000000000006 0.037500000000000006 0.08996575 1.5707963267948966 0.18849555921538758 0.7696902001294993 0.0175
30 270 0.22941348616364074 1 0 0.037500000000000006 0.037500000000000006 0.08996575 1.5707963267948966 0.18849555921538758 0.7696902001294993 0.0175
30 270 0.43595199204884993 1 0 0.037500000000000006 0.037500000000000006 0.08996575 1.5707963267948966 0.18849555921538758 0.7696902001294993 0.0175
30 270 0.34009288132681387 1 0 0.037500000000000006 0.037500000000000006 0.08996575 1.5707963267948966 0.18849555921538758 0.7696902001294993 0.0175
31 279 0.2072500775232561 1 0 0.03749999999999999 0.037500000000000006 0.08996575 1.5707963267948966 0.18849555921538758 0.7696902001294993 0.0175
31 279 0.45551842957049044 1 0 0.03749999999999999 0.037500000000000006 0.08996575 1.5707963267948966 0.18849555921538758 0.7696902001294993 0.0175
31 279 0.4016499724788928 1 0 0.03749999999999999 0.037500000000000006 0.08996575 1.5707963267948966 0.18849555921538758 0.7696902001294993 0.0175
31 279 0.7063323150772117 1 0 0.03749999999999999 0.037500000000000006 0.08996575 1.5707963267948966 0.18849555921538758 0.7696902001294993 0.0175
31 279 0.22027079938108493 1 0 0.037500000000000006 0.037500000000000006 0.08996575 1.5707963267948966 0.18849555921538758 0.7696902001294993 0.0175
31 279 0.2365457127969127 1 0 0.037500000000000006 0.037500000000000006 0.08996575 1.5707963267948966 0.18849555921538758 0.7696902001294993 0.0175
31 279 0.40465614061031846 1 0 0.037500000000000006 0.037500000000000006 0.08996575 1.5707963267948966 0.18849555921538758 0.7696902001294993 0.0175
32 288 0.45927669384295833 1 0 0.03749999999999999 0.037500000000000006 0.08996575 1.5707963267948966 0.18849555921538758 0.7696902001294993 0.0175
32 288 0.1885682083989642 1 0 0.03749999999999999 0.037500000000000006 0.08996575 1.5707963267948966 0.18849555921538758 0.7696902001294993 0.0175
31 279 0.320613583244005 1 0 0.037500000000000006 0.037500000000000006 0.08996575 1.5707963267948966 0.18849555921538758 0.7696902001294993 0.0175
32 288 0.4177153227650302 1 0 0.03749999999999999 0.037500000000000006 0.08996575 1.5707963267948966 0.18849555921538758 0.7696902001294993 0.0175
32 288 0.8397824168007227 1 0 0.03749999999999999 0.037500000000000006 0.08996575 1.5707963267948966 0.18849555921538758 0.7696902001294993 0.0175
32 288 0.2362797640218755 1 0 0.037500000000000006 0.037500000000000006 0.08996575 1.5707963267948966 0.18849555921538758 0.7696902001294993 0.0175
32 288 0.2154524976745076 1 0 0.037500000000000006 0.037500000000000006 0.08996575 1.5707963267948966 0.18849555921538758 0.7696902001294993 0.0175
32 288 0.3902725885067567 1 0 0.037500000000000006 0.037500000000000006 0.08996575 1.5707963267948966 0.18849555921538758 0.7696902001294993 0.0175
33 297 0.44029992281975916 1 0 0.03749999999999999 0.037500000000000006 0.08996575 1.5707963267948966 0.18849555921538758 0.7696902001294993 0.0175
33 297 0.17540241065102055 1 0 0.03749999999999999 0.037500000000000006 0.08996575 1.5707963267948966 0.18849555921538758 0.7696902001294993 0.0175
32 288 0.29226699068871326 1 0 0.037500000000000006 0.037500000000000006 0.08996575 1.5707963267948966 0.18849555921538758 0.7696902001294993 0.0175
33 297 0.48438729505936695 1 0 0.03749999999999999 0.037500000000000006 0.08996575 1.5707963267948966 0.18849555921538758 0.7696902001294993 0.0175
33 297 0.8022802346373694 1 0 0.03749999999999999 0.037500000000000006 0.08996575 1.5707963267948966 0.18849555921538758 0.7696902001294993 0.0175
33 297 0.22895248427510562 1 0 0.037500000000000006 0.037500000000000006 0.08996575 1.5707963267948966 0.18849555921538758 0.7696902001294993 0.0175
33 297 0.3665342937598196 1 0 0.037500000000000006 0.037500000000000006 0.08996575 1.5707963267948966 0.18849555921538758 0.7696902001294993 0.0175
33 297 0.22070240832667987 1 0 0.037500000000000006 0.037500000000000006 0.08996575 1.5707963267948966 0.18849555921538758 0.7696902001294993 0.0175
34 306 0.4113824079146688 1 0 0.03749999999999999 0.037500000000000006 0.08996575 1.5707963267948966 0.18849555921538758 0.7696902001294993 0.0175
34 306 0.14582456296377785 1 0 0.03749999999999999 0.037500000000000006 0.08996575 1.5707963267948966 0.18849555921538758 0.7696902001294993 0.0175
33 297 0.2799285243193432 1 0 0.037500000000000006 0.037500000000000006 0.08996575 1.5707963267948966 0.18849555921538758 0.7696902001294993 0.0175
34 306 0.4854832377296064 1 0 0.03749999999999999 0.037500000000000006 0.08996575 1.5707963267948966 0.18849555921538758 0.7696902001294993 0.0175
34 306 0.7714063325123884 1 0 0.03749999999999999 0.037500000000000006 0.08996575 1.5707963267948966 0.18849555921538758 0.7696902001294993 0.0175
34 306 0.23268155948115501 1 0 0.037500000000000006 0.037500000000000006 0.08996575 1.5707963267948966 0.18849555921538758 0.7696902001294993 0.0175
34 306 0.3482302558082319 1 0 0.037500000000000006 0.037500000000000006 0.08996575 1.5707963267948966 0.18849555921538758 0.7696902001294993 0.0175
34 306 0.21668248475195337 1 0 0.037500000000000006 0.037500000000000006 0.08996575 1.5707963267948966 0.18849555921538758 0.7696902001294993 0.0175
35 315 0.3588199942742379 1 0 0.03749999999999999 0.037500000000000006 0.08996575 1.5707963267948966 0.18849555921538758 0.7696902001294993 0.0175
35 315 0.13465423760524847 1 0 0.03749999999999999 0.037500000000000006 0.08996575 1.5707963267948966 0.18849555921538758 0.7696902001294993 0.0175
34 306 0.25154989312916465 1 0 0.037500000000000006 0.037500000000000006 0.08996575 1.5707963267948966 0.18849555921538758 0.7696902001294993 0.0175
35 315 0.4177268897839947 1 0 0.03749999999999999 0.037500000000000006 0.08996575 1.5707963267948966 0.18849555921538758 0.7696902001294993 0.0175
35 315 0.7546477762428973 1 0 0.03749999999999999 0.037500000000000006 0.08996575 1.5707963267948966 0.18849555921538758 0.7696902001294993 0.0175
35 315 0.21456186766298277 1 0 0.037500000000000006 0.037500000000000006 0.08996575 1.5707963267948966 0.18849555921538758 0.7696902001294993 0.0175
35 315 0.30300203613131094 1 0 0.037500000000000006 0.037500000000000006 0.08996575 1.5707963267948966 0.18849555921538758 0.7696902001294993 0.0175
35 315 0.18429313501075484 1 0 0.037500000000000006 0.037500000000000006 0.08996575 1.5707963267948966 0.18849555921538758 0.7696902001294993 0.0175
36 324 0.3339176222005703 1 0 0.03749999999999999 0.037500000000000006 0.08996575 1.5707963267948966 0.18849555921538758 0.7696902001294993 0.0175
35 315 0.2504724205345941 1 0 0.037500000000000006 0.037500000000000006 0.08996575 1.5707963267948966 0.18849555921538758 0.7696902001294993 0.0175
36 324 0.11987797728220509 1 0 0.03749999999999999 0.037500000000000006 0.08996575 1.5707963267948966 0.18849555921538758 0.7696902001294993 0.0175
36 324 0.41601672063607353 1 0 0.03749999999999999 0.037500000000000006 0.08996575 1.5707963267948966 0.18849555921538758 0.7696902001294993 0.0175
36 324 0.7069744574492058 1 0 0.03749999999999999 0.037500000000000006 0.08996575 1.5707963267948966 0.18849555921538758 0.7696902001294993 0.0175
36 324 0.28099969472635816 1 0 0.037500000000000006 0.037500000000000006 0.08996575 1.5707963267948966 0.18849555921538758 0.7696902001294993 0.0175
36 324 0.2158057382615396 1 0 0.037500000000000006 0.037500000000000006 0.08996575 1.5707963267948966 0.18849555921538758 0.7696902001294993 0.0175
36 324 0.19756472716680282 1 0 0.037500000000000006 0.037500000000000006 0.08996575 1.5707963267948966 0.18849555921538758 0.7696902001294993 0.0175
37 333 0.30540774318157077 1 0 0.03749999999999999 0.037500000000000006 0.08996575 1.5707963267948966 0.18849555921538758 0.7696902001294993 0.0175
36 324 0.2591080287126435 1 0 0.037500000000000006 0.037500000000000006 0.08996575 1.5707963267948966 0.18849555921538758 0.7696902001294993 0.0175
37 333 0.11893058779845514 1 0 0.03749999999999999 0.037500000000000006 0.08996575 1.5707963267948966 0.18849555921538758 0.7696902001294993 0.0175
37 333 0.40223332138536083 1 0 0.03749999999999999 0.037500000000000006 0.08996575 1.5707963267948966 0.18849555921538758 0.7696902001294993 0.0175
37 333 0.7279731953366235 1 0 0.03749999999999999 0.037500000000000006 0.08996575 1.5707963267948966 0.18849555921538758 0.7696902001294993 0.0175
37 333 0.26799188857763306 1 0 0.037500000000000006 0.037500000000000006 0.08996575 1.5707963267948966 0.18849555921538758 0.7696902001294993 0.0175
37 333 0.211704082385 1 0 0.037500000000000006 0.037500000000000006 0.08996575 1.5707963267948966 0.18849555921538758 0.7696902001294993 0.0175
37 333 0.18871796247286557 1 0 0.037500000000000006 0.037500000000000006 0.08996575 1.5707963267948966 0.18849555921538758 0.7696902001294993 0.0175
37 333 0.2544820756396796 1 0 0.037500000000000006 0.037500000000000006 0.08996575 1.5707963267948966 0.18849555921538758 0.7696902001294993 0.0175
38 342 0.3278776118909722 1 0 0.03749999999999999 0.037500000000000006 0.08996575 1.5707963267948966 0.18849555921538758 0.7696902001294993 0.0175
38 342 0.12090711544901964 1 0 0.03749999999999999 0.037500000000000006 0.08996575 1.5707963267948966 0.18849555921538758 0.7696902001294993 0.0175
38 342 0.3779096736774329 1 0 0.03749999999999999 0.037500000000000006 0.08996575 1.5707963267948966 0.18849555921538758 0.7696902001294993 0.0175
38 342 0.675356583986058 1 0 0.03749999999999999 0.037500000000000006 0.08996575 1.5707963267948966 0.18849555921538758 0.7696902001294993 0.0175
38 342 0.20166177246097833 1 0 0.037500000000000006 0.037500000000000006 0.08996575 1.5707963267948966 0.18849555921538758 0.7696902001294993 0.0175
38 342 0.2669060337957408 1 0 0.037500000000000006 0.037500000000000006 0.08996575 1.5707963267948966 0.18849555921538758 0.7696902001294993 0.0175
38 342 0.20410211823316632 1 0 0.037500000000000006 0.037500000000000006 0.08996575 1.5707963267948966 0.18849555921538758 0.7696902001294993 0.0175
38 342 0.2289372615165211 1 0 0.037500000000000006 0.037500000000000006 0.08996575 1.5707963267948966 0.18849555921538758 0.7696902001294993 0.0175
39 351 0.3129304696913196 1 0 0.03749999999999999 0.037500000000000006 0.08996575 1.5707963267948966 0.18849555921538758 0.7696902001294993 0.0175
39 351 0.350069095688227 1 0 0.03749999999999999 0.037500000000000006 0.08996575 1.5707963267948966 0.18849555921538758 0.7696902001294993 0.0175
39 351 0.10805415872049921 1 0 0.03749999999999999 0.037500000000000006 0.08996575 1.5707963267948966 0.18849555921538758 0.7696902001294993 0.0175
39 351 0.6268891392713509 1 0 0.03749999999999999 0.037500000000000006 0.08996575 1.5707963267948966 0.18849555921538758 0.7696902001294993 0.0175
39 351 0.1936158294523022 1 0 0.037500000000000006 0.037500000000000006 0.08996575 1.5707963267948966 0.18849555921538758 0.7696902001294993 0.0175
39 351 0.262082288768203 1 0 0.037500000000000006 0.037500000000000006 0.08996575 1.5707963267948966 0.18849555921538758 0.7696902001294993 0.0175
39 351 0.21644510920537827 1 0 0.037500000000000006 0.037500000000000006 0.08996575 1.5707963267948966 0.18849555921538758 0.7696902001294993 0.0175
39 351 0.20365376974315172 1 0 0.037500000000000006 0.037500000000000006 0.08996575 1.5707963267948966 0.18849555921538758 0.7696902001294993 0.0175
40 360 0.28667480010537655 1 0 0.03749999999999999 0.037500000000000006 0.08996575 1.5707963267948966 0.18849555921538758 0.7696902001294993 0.0175
40 360 0.31535171411885315 1 0 0.03749999999999999 0.037500000000000006 0.08996575 1.5707963267948966 0.18849555921538758 0.7696902001294993 0.0175
40 360 0.11218131436965662 1 0 0.03749999999999999 0.037500000000000006 0.08996575 1.5707963267948966 0.18849555921538758 0.7696902001294993 0.0175
40 360 0.6208304885434341 1 0 0.03749999999999999 0.037500000000000006 0.08996575 1.5707963267948966 0.18849555921538758 0.7696902001294993 0.0175
40 360 0.17128899948473703 1 0 0.037500000000000006 0.037500000000000006 0.08996575 1.5707963267948966 0.18849555921538758 0.7696902001294993 0.0175
40 360 0.2026761186907502 1 0 0.037500000000000006 0.037500000000000006 0.08996575 1.5707963267948966 0.18849555921538758 0.7696902001294993 0.0175
40 360 0.2631950842527308 1 0 0.037500000000000006 0.037500000000000006 0.08996575 1.5707963267948966 0.18849555921538758 0.7696902001294993 0.0175
40 360 0.18074549004529436 1 0 0.037500000000000006 0.037500000000000006 0.08996575 1.5707963267948966 0.18849555921538758 0.7696902001294993 0.0175
41 369 0.254775824384319 1 0 0.03749999999999999 0.037500000000000006 0.08996575 1.5707963267948966 0.18849555921538758 0.7696902001294993 0.0175
41 369 0.6047513579635676 1 0 0.03749999999999999 0.037500000000000006 0.08996575 1.5707963267948966 0.18849555921538758 0.7696902001294993 0.0175
41 369 0.2749157924346308 1 0 0.03749999999999999 0.037500000000000006 0.08996575 1.5707963267948966 0.18849555921538758 0.7696902001294993 0.0175
41 369 0.107154589851023 1 0 0.03749999999999999 0.037500000000000006 0.08996575 1.5707963267948966 0.18849555921538758 0.7696902001294993 0.0175
41 369 0.16666112957575385 1 0 0.037500000000000006 0.037500000000000006 0.08996575 1.5707963267948966 0.18849555921538758 0.7696902001294993 0.0175
41 369 0.18795144965130203 1 0 0.037500000000000006 0.037500000000000006 0.08996575 1.5707963267948966 0.18849555921538758 0.7696902001294993 0.0175
41 369 0.3388038931114131 1 0 0.037500000000000006 0.037500000000000006 0.08996575 1.5707963267948966 0.18849555921538758 0.7696902001294993 0.0175
41 369 0.17681427785998768 1 0 0.037500000000000006 0.037500000000000006 0.08996575 1.5707963267948966 0.18849555921538758 0.7696902001294993 0.0175
42 378 0.23189314676511405 1 0 0.03749999999999999 0.037500000000000006 0.08996575 1.5707963267948966 0.18849555921538758 0.7696902001294993 0.0175
42 378 0.26080939438045153 1 0 0.03749999999999999 0.037500000000000006 0.08996575 1.5707963267948966 0.18849555921538758 0.7696902001294993 0.0175
42 378 0.10023352731211595 1 0 0.03749999999999999 0.037500000000000006 0.08996575 1.5707963267948966 0.18849555921538758 0.7696902001294993 0.0175
42 378 0.5348819974620986 1 0 0.03749999999999999 0.037500000000000006 0.08996575 1.5707963267948966 0.18849555921538758 0.7696902001294993 0.0175
42 378 0.16832833583852472 1 0 0.037500000000000006 0.037500000000000006 0.08996575 1.5707963267948966 0.18849555921538758 0.7696902001294993 0.0175
42 378 0.17950889874638223 1 0 0.037500000000000006 0.037500000000000006 0.08996575 1.5707963267948966 0.18849555921538758 0.7696902001294993 0.0175
42 378 0.3588393683558147 1 0 0.037500000000000006 0.037500000000000006 0.08996575 1.5707963267948966 0.18849555921538758 0.7696902001294993 0.0175
42 378 0.15894002365690382 1 0 0.037500000000000006 0.037500000000000006 0.08996575 1.5707963267948966 0.18849555921538758 0.7696902001294993 0.0175
43 387 0.22227498410080757 1 0 0.03749999999999999 0.037500000000000006 0.08996575 1.5707963267948966 0.18849555921538758 0.7696902001294993 0.0175
43 387 0.28482877932722506 1 0 0.03749999999999999 0.037500000000000006 0.08996575 1.5707963267948966 0.18849555921538758 0.7696902001294993 0.0175
43 387 0.5117793463016975 1 0 0.03749999999999999 0.037500000000000006 0.08996575 1.5707963267948966 0.18849555921538758 0.7696902001294993 0.0175
43 387 0.10831026313487714 1 0 0.03749999999999999 0.037500000000000006 0.08996575 1.5707963267948966 0.18849555921538758 0.7696902001294993 0.0175
43 387 0.18157262660909843 1 0 0.037500000000000006 0.037500000000000006 0.08996575 1.5707963267948966 0.18849555921538758 0.7696902001294993 0.0175
43 387 0.19188196396259052 1 0 0.037500000000000006 0.037500000000000006 0.08996575 1.5707963267948966 0.18849555921538758 0.7696902001294993 0.0175
43 387 0.3596367571710206 1 0 0.037500000000000006 0.037500000000000006 0.08996575 1.5707963267948966 0.18849555921538758 0.7696902001294993 0.0175
43 387 0.13894911559023485 1 0 0.037500000000000006 0.037500000000000006 0.08996575 1.5707963267948966 0.18849555921538758 0.7696902001294993 0.0175
44 396 0.2059107849619244 1 0 0.03749999999999999 0.037500000000000006 0.08996575 1.5707963267948966 0.18849555921538758 0.7696902001294993 0.0175
44 396 0.29747873255970975 1 0 0.03749999999999999 0.037500000000000006 0.08996575 1.5707963267948966 0.18849555921538758 0.7696902001294993 0.0175
44 396 0.10602992997727992 1 0 0.03749999999999999 0.037500000000000006 0.08996575 1.5707963267948966 0.18849555921538758 0.7696902001294993 0.0175
44 396 0.4634535536693482 1 0 0.03749999999999999 0.037500000000000006 0.08996575 1.5707963267948966 0.18849555921538758 0.7696902001294993 0.0175
44 396 0.18814857271854038 1 0 0.037500000000000006 0.037500000000000006 0.08996575 1.5707963267948966 0.18849555921538758 0.7696902001294993 0.0175
44 396 0.13147448814262003 1 0 0.037500000000000006 0.037500000000000006 0.08996575 1.5707963267948966 0.18849555921538758 0.7696902001294993 0.0175
44 396 0.1898289534859569 1 0 0.037500000000000006 0.037500000000000006 0.08996575 1.5707963267948966 0.18849555921538758 0.7696902001294993 0.0175
44 396 0.32708732431883664 1 0 0.037500000000000006 0.037500000000000006 0.08996575 1.5707963267948966 0.18849555921538758 0.7696902001294993 0.0175
45 405 0.17969171421325614 1 0 0.03749999999999999 0.037500000000000006 0.08996575 1.5707963267948966 0.18849555921538758 0.7696902001294993 0.0175
45 405 0.31127625386147756 1 0 0.03749999999999999 0.037500000000000006 0.08996575 1.5707963267948966 0.18849555921538758 0.7696902001294993 0.0175
45 405 0.11300123890521097 1 0 0.03749999999999999 0.037500000000000006 0.08996575 1.5707963267948966 0.18849555921538758 0.7696902001294993 0.0175
45 405 0.500059064611673 1 0 0.03749999999999999 0.037500000000000006 0.08996575 1.5707963267948966 0.18849555921538758 0.7696902001294993 0.0175
45 405 0.1949783287297865 1 0 0.037500000000000006 0.037500000000000006 0.08996575 1.5707963267948966 0.18849555921538758 0.7696902001294993 0.0175
45 405 0.1405776270258902 1 0 0.037500000000000006 0.037500000000000006 0.08996575 1.5707963267948966 0.18849555921538758 0.7696902001294993 0.0175
45 405 0.19734919970230075 1 0 0.037500000000000006 0.037500000000000006 0.08996575 1.5707963267948966 0.18849555921538758 0.7696902001294993 0.0175
46 414 0.16252009215162455 1 0 0.03749999999999999 0.037500000000000006 0.08996575 1.5707963267948966 0.18849555921538758 0.7696902001294993 0.0175
45 405 0.3361994901007315 1 0 0.037500000000000006 0.037500000000000006 0.08996575 1.5707963267948966 0.18849555921538758 0.7696902001294993 0.0175
46 414 0.11576151993559565 1 0 0.03749999999999999 0.037500000000000006 0.08996575 1.5707963267948966 0.18849555921538758 0.7696902001294993 0.0175
46 414 0.30880745823080563 1 0 0.03749999999999999 0.037500000000000006 0.08996575 1.5707963267948966 0.18849555921538758 0.7696902001294993 0.0175
46 414 0.5462033980861267 1 0 0.03749999999999999 0.037500000000000006 0.08996575 1.5707963267948966 0.18849555921538758 0.7696902001294993 0.0175
46 414 0.20362550720122166 1 0 0.037500000000000006 0.037500000000000006 0.08996575 1.5707963267948966 0.18849555921538758 0.7696902001294993 0.0175
46 414 0.14908380771628552 1 0 0.037500000000000006 0.037500000000000006 0.08996575 1.5707963267948966 0.18849555921538758 0.7696902001294993 0.0175
46 414 0.18167588461307102 1 0 0.037500000000000006 0.037500000000000006 0.08996575 1.5707963267948966 0.18849555921538758 0.7696902001294993 0.0175
46 414 0.3552639887799183 1 0 0.037500000000000006 0.037500000000000006 0.08996575 1.5707963267948966 0.18849555921538758 0.7696902001294993 0.0175
47 423 0.1583416604309495 1 0 0.03749999999999999 0.037500000000000006 0.08996575 1.5707963267948966 0.18849555921538758 0.7696902001294993 0.0175
47 423 0.11711402720001889 1 0 0.03749999999999999 0.037500000000000006 0.08996575 1.5707963267948966 0.18849555921538758 0.7696902001294993 0.0175
47 423 0.2846282045483481 1 0 0.03749999999999999 0.037500000000000006 0.08996575 1.5707963267948966 0.18849555921538758 0.7696902001294993 0.0175
47 423 0.5449870421768269 1 0 0.03749999999999999 0.037500000000000006 0.08996575 1.5707963267948966 0.18849555921538758 0.7696902001294993 0.0175
47 423 0.21260568734692223 1 0 0.037500000000000006 0.037500000000000006 0.08996575 1.5707963267948966 0.18849555921538758 0.7696902001294993 0.0175
47 423 0.1420845938502467 1 0 0.037500000000000006 0.037500000000000006 0.08996575 1.5707963267948966 0.18849555921538758 0.7696902001294993 0.0175
47 423 0.15463750703756624 1 0 0.037500000000000006 0.037500000000000006 0.08996575 1.5707963267948966 0.18849555921538758 0.7696902001294993 0.0175
47 423 0.34809295705175886 1 0 0.037500000000000006 0.037500000000000006 0.08996575 1.5707963267948966 0.18849555921538758 0.7696902001294993 0.0175
48 432 0.15225702603104202 1 0 0.03749999999999999 0.037500000000000006 0.08996575 1.5707963267948966 0.18849555921538758 0.7696902001294993 0.0175
48 432 0.1046650625493864 1 0 0.03749999999999999 0.037500000000000006 0.08996575 1.5707963267948966 0.18849555921538758 0.7696902001294993 0.0175
48 432 0.31489093515911065 1 0 0.03749999999999999 0.037500000000000006 0.08996575 1.5707963267948966 0.18849555921538758 0.7696902001294993 0.0175
48 432 0.6372317645205696 1 0 0.03749999999999999 0.037500000000000006 0.08996575 1.5707963267948966 0.18849555921538758 0.7696902001294993 0.0175
48 432 0.2069955981862098 1 0 0.037500000000000006 0.037500000000000006 0.08996575 1.5707963267948966 0.18849555921538758 0.7696902001294993 0.0175
48 432 0.14357436493816664 1 0 0.037500000000000006 0.037500000000000006 0.08996575 1.5707963267948966 0.18849555921538758 0.7696902001294993 0.0175
48 432 0.14097764235293236 1 0 0.037500000000000006 0.037500000000000006 0.08996575 1.5707963267948966 0.18849555921538758 0.7696902001294993 0.0175
48 432 0.3738323388472755 1 0 0.037500000000000006 0.037500000000000006 0.08996575 1.5707963267948966 0.18849555921538758 0.7696902001294993 0.0175
49 441 0.13163196819739925 1 0 0.03749999999999999 0.037500000000000006 0.08996575 1.5707963267948966 0.18849555921538758 0.7696902001294993 0.0175
49 441 0.08714955290754643 1 0 0.03749999999999999 0.037500000000000006 0.08996575 1.5707963267948966 0.18849555921538758 0.7696902001294993 0.0175
49 441 0.6408540900308342 1 0 0.03749999999999999 0.037500000000000006 0.08996575 1.5707963267948966 0.18849555921538758 0.7696902001294993 0.0175
49 441 0.2988016976216145 1 0 0.03749999999999999 0.037500000000000006 0.08996575 1.5707963267948966 0.18849555921538758 0.7696902001294993 0.0175
49 441 0.1978169912478152 1 0 0.037500000000000006 0.037500000000000006 0.08996575 1.5707963267948966 0.18849555921538758 0.7696902001294993 0.0175
49 441 0.12432757453814984 1 0 0.037500000000000006 0.037500000000000006 0.08996575 1.5707963267948966 0.18849555921538758 0.7696902001294993 0.0175
49 441 0.1291289784930691 1 0 0.037500000000000006 0.037500000000000006 0.08996575 1.5707963267948966 0.18849555921538758 0.7696902001294993 0.0175
49 441 0.3510912788821316 1 0 0.037500000000000006 0.037500000000000006 0.08996575 1.5707963267948966 0.18849555921538758 0.7696902001294993 0.0175
50 450 0.1298498162647516 1 0 0.03749999999999999 0.037500000000000006 0.08996575 1.5707963267948966 0.18849555921538758 0.7696902001294993 0.0175
50 450 0.08463687283966168 1 0 0.03749999999999999 0.037500000000000006 0.08996575 1.5707963267948966 0.18849555921538758 0.7696902001294993 0.0175
50 450 0.6397328087632603 1 0 0.03749999999999999 0.037500000000000006 0.08996575 1.5707963267948966 0.18849555921538758 0.7696902001294993 0.0175
50 450 0.28010635271710455 1 0 0.03749999999999999 0.037500000000000006 0.08996575 1.5707963267948966 0.18849555921538758 0.7696902001294993 0.0175
50 450 0.18235005195880646 1 0 0.037500000000000006 0.037500000000000006 0.08996575 1.5707963267948966 0.18849555921538758 0.7696902001294993 0.0175
50 450 0.11518418894412928 1 0 0.037500000000000006 0.037500000000000006 0.08996575 1.5707963267948966 0.18849555921538758 0.7696902001294993 0.0175
50 450 0.12451380998406732 1 0 0.037500000000000006 0.037500000000000006 0.08996575 1.5707963267948966 0.18849555921538758 0.7696902001294993 0.0175
50 450 0.3208290801610513 1 0 0.037500000000000006 0.037500000000000006 0.08996575 1.5707963267948966 0.18849555921538758 0.7696902001294993 0.0175
51 459 0.12335141410057616 1 0 0.03749999999999999 0.037500000000000006 0.08996575 1.5707963267948966 0.18849555921538758 0.7696902001294993 0.0175
51 459 0.5912978439417628 1 0 0.03749999999999999 0.037500000000000006 0.08996575 1.5707963267948966 0.18849555921538758 0.7696902001294993 0.0175
51 459 0.08337491937810486 1 0 0.03749999999999999 0.037500000000000006 0.08996575 1.5707963267948966 0.18849555921538758 0.7696902001294993 0.0175
51 459 0.3060273869920716 1 0 0.03749999999999999 0.037500000000000006 0.08996575 1.5707963267948966 0.18849555921538758 0.7696902001294993 0.0175
51 459 0.19452855343099867 1 0 0.037500000000000006 0.037500000000000006 0.08996575 1.5707963267948966 0.18849555921538758 0.7696902001294993 0.0175
51 459 0.12359423058213671 1 0 0.037500000000000006 0.037500000000000006 0.08996575 1.5707963267948966 0.18849555921538758 0.7696902001294993 0.0175
51 459 0.11630100470112577 1 0 0.037500000000000006 0.037500000000000006 0.08996575 1.5707963267948966 0.18849555921538758 0.7696902001294993 0.0175
51 459 0.3120138969633942 1 0 0.037500000000000006 0.037500000000000006 0.08996575 1.5707963267948966 0.18849555921538758 0.7696902001294993 0.0175
52 468 0.11123735369693434 1 0 0.03749999999999999 0.037500000000000006 0.08996575 1.5707963267948966 0.18849555921538758 0.7696902001294993 0.0175
52 468 0.5970789263453092 1 0 0.03749999999999999 0.037500000000000006 0.08996575 1.5707963267948966 0.18849555921538758 0.7696902001294993 0.0175
52 468 0.07724358347200017 1 0 0.03749999999999999 0.037500000000000006 0.08996575 1.5707963267948966 0.18849555921538758 0.7696902001294993 0.0175
52 468 0.3256779892913839 1 0 0.03749999999999999 0.037500000000000006 0.08996575 1.5707963267948966 0.18849555921538758 0.7696902001294993 0.0175
52 468 0.19206723387861224 1 0 0.037500000000000006 0.037500000000000006 0.08996575 1.5707963267948966 0.18849555921538758 0.7696902001294993 0.0175
52 468 0.12684508723576923 1 0 0.037500000000000006 0.037500000000000006 0.08996575 1.5707963267948966 0.18849555921538758 0.7696902001294993 0.0175
52 468 0.10758522240165369 1 0 0.037500000000000006 0.037500000000000006 0.08996575 1.5707963267948966 0.18849555921538758 0.7696902001294993 0.0175
52 468 0.3224406331518774 1 0 0.037500000000000006 0.037500000000000006 0.08996575 1.5707963267948966 0.18849555921538758 0.7696902001294993 0.0175
53 477 0.10098459087241739 1 0 0.03749999999999999 0.037500000000000006 0.08996575 1.5707963267948966 0.18849555921538758 0.7696902001294993 0.0175
53 477 0.6762445968119076 1 0 0.03749999999999999 0.037500000000000006 0.08996575 1.5707963267948966 0.18849555921538758 0.7696902001294993 0.0175
53 477 0.07372554426174804 1 0 0.03749999999999999 0.037500000000000006 0.08996575 1.5707963267948966 0.18849555921538758 0.7696902001294993 0.0175
53 477 0.3139820423288907 1 0 0.03749999999999999 0.037500000000000006 0.08996575 1.5707963267948966 0.18849555921538758 0.7696902001294993 0.0175
53 477 0.17802804359969276 1 0 0.037500000000000006 0.037500000000000006 0.08996575 1.5707963267948966 0.18849555921538758 0.7696902001294993 0.0175
53 477 0.12266603150831273 1 0 0.037500000000000006 0.037500000000000006 0.08996575 1.5707963267948966 0.18849555921538758 0.7696902001294993 0.0175
53 477 0.09983552858292669 1 0 0.037500000000000006 0.037500000000000006 0.08996575 1.5707963267948966 0.18849555921538758 0.7696902001294993 0.0175
53 477 0.3186842309120846 1 0 0.037500000000000006 0.037500000000000006 0.08996575 1.5707963267948966 0.18849555921538758 0.7696902001294993 0.0175
54 486 0.1028539549835345 1 0 0.03749999999999999 0.037500000000000006 0.08996575 1.5707963267948966 0.18849555921538758 0.7696902001294993 0.0175
54 486 0.6391786613648973 1 0 0.03749999999999999 0.037500000000000006 0.08996575 1.5707963267948966 0.18849555921538758 0.7696902001294993 0.0175
54 486 0.07660617931956097 1 0 0.03749999999999999 0.037500000000000006 0.08996575 1.5707963267948966 0.18849555921538758 0.7696902001294993 0.0175
54 486 0.3035449130224655 1 0 0.03749999999999999 0.037500000000000006 0.08996575 1.5707963267948966 0.18849555921538758 0.7696902001294993 0.0175
54 486 0.16836608714984128 1 0 0.037500000000000006 0.037500000000000006 0.08996575 1.5707963267948966 0.18849555921538758 0.7696902001294993 0.0175
54 486 0.12477767686221562 1 0 0.037500000000000006 0.037500000000000006 0.08996575 1.5707963267948966 0.18849555921538758 0.7696902001294993 0.0175
54 486 0.10819659941553722 1 0 0.037500000000000006 0.037500000000000006 0.08996575 1.5707963267948966 0.18849555921538758 0.7696902001294993 0.0175
54 486 0.34255922056318683 1 0 0.037500000000000006 0.037500000000000006 0.08996575 1.5707963267948966 0.18849555921538758 0.7696902001294993 0.0175
55 495 0.09673479827249279 1 0 0.03749999999999999 0.037500000000000006 0.08996575 1.5707963267948966 0.18849555921538758 0.7696902001294993 0.0175
55 495 0.6749369249523831 1 0 0.03749999999999999 0.037500000000000006 0.08996575 1.5707963267948966 0.18849555921538758 0.7696902001294993 0.0175
55 495 0.07928875063560126 1 0 0.03749999999999999 0.037500000000000006 0.08996575 1.5707963267948966 0.18849555921538758 0.7696902001294993 0.0175
55 495 0.2864905383488567 1 0 0.03749999999999999 0.037500000000000006 0.08996575 1.5707963267948966 0.18849555921538758 0.7696902001294993 0.0175
55 495 0.16073011383500674 1 0 0.037500000000000006 0.037500000000000006 0.08996575 1.5707963267948966 0.18849555921538758 0.7696902001294993 0.0175
55 495 0.13849509767805965 1 0 0.037500000000000006 0.037500000000000006 0.08996575 1.5707963267948966 0.18849555921538758 0.7696902001294993 0.0175
55 495 0.1044776146306545 1 0 0.037500000000000006 0.037500000000000006 0.08996575 1.5707963267948966 0.18849555921538758 0.7696902001294993 0.0175
55 495 0.32801599081796107 1 0 0.037500000000000006 0.037500000000000006 0.08996575 1.5707963267948966 0.18849555921538758 0.7696902001294993 0.0175
56 504 0.08993237400807391 1 0 0.03749999999999999 0.037500000000000006 0.08996575 1.5707963267948966 0.18849555921538758 0.7696902001294993 0.0175
56 504 0.6424132214547142 1 0 0.03749999999999999 0.037500000000000006 0.08996575 1.5707963267948966 0.18849555921538758 0.7696902001294993 0.0175
56 504 0.07547154749765027 1 0 0.03749999999999999 0.037500000000000006 0.08996575 1.5707963267948966 0.18849555921538758 0.7696902001294993 0.0175
56 504 0.2665069929395167 1 0 0.03749999999999999 0.037500000000000006 0.08996575 1.5707963267948966 0.18849555921538758 0.7696902001294993 0.0175
56 504 0.16252321832125463 1 0 0.037500000000000006 0.037500000000000006 0.08996575 1.5707963267948966 0.18849555921538758 0.7696902001294993 0.0175
56 504 0.14695324403804935 1 0 0.037500000000000006 0.037500000000000006 0.08996575 1.5707963267948966 0.18849555921538758 0.7696902001294993 0.0175
56 504 0.0987494551013173 1 0 0.037500000000000006 0.037500000000000006 0.08996575 1.5707963267948966 0.18849555921538758 0.7696902001294993 0.0175
56 504 0.34527582922119393 1 0 0.037500000000000006 0.037500000000000006 0.08996575 1.5707963267948966 0.18849555921538758 0.7696902001294993 0.0175
57 513 0.07818268583532806 1 0 0.03749999999999999 0.037500000000000006 0.08996575 1.5707963267948966 0.18849555921538758 0.7696902001294993 0.0175
57 513 0.5989020803666354 1 0 0.03749999999999999 0.037500000000000006 0.08996575 1.5707963267948966 0.18849555921538758 0.7696902001294993 0.0175
57 513 0.06747476670188979 1 0 0.03749999999999999 0.037500000000000006 0.08996575 1.5707963267948966 0.18849555921538758 0.7696902001294993 0.0175
57 513 0.26080411124423647 1 0 0.03749999999999999 0.037500000000000006 0.08996575 1.5707963267948966 0.18849555921538758 0.7696902001294993 0.0175
57 513 0.1504466052163574 1 0 0.037500000000000006 0.037500000000000006 0.08996575 1.5707963267948966 0.18849555921538758 0.7696902001294993 0.0175
57 513 0.1332344409216864 1 0 0.037500000000000006 0.037500000000000006 0.08996575 1.5707963267948966 0.18849555921538758 0.7696902001294993 0.0175
57 513 0.08144610311693706 1 0 0.037500000000000006 0.037500000000000006 0.08996575 1.5707963267948966 0.18849555921538758 0.7696902001294993 0.0175
57 513 0.3746815489431236 1 0 0.037500000000000006 0.037500000000000006 0.08996575 1.5707963267948966 0.18849555921538758 0.7696902001294993 0.0175
58 522 0.07041560853251017 1 0 0.03749999999999999 0.037500000000000006 0.08996575 1.5707963267948966 0.18849555921538758 0.7696902001294993 0.0175
58 522 0.5663762269491898 1 0 0.03749999999999999 0.037500000000000006 0.08996575 1.5707963267948966 0.18849555921538758 0.7696902001294993 0.0175
58 522 0.06006062477956807 1 0 0.03749999999999999 0.037500000000000006 0.08996575 1.5707963267948966 0.18849555921538758 0.7696902001294993 0.0175
58 522 0.22382977155110365 1 0 0.03749999999999999 0.037500000000000006 0.08996575 1.5707963267948966 0.18849555921538758 0.7696902001294993 0.0175
58 522 0.1442872068786544 1 0 0.037500000000000006 0.037500000000000006 0.08996575 1.5707963267948966 0.18849555921538758 0.7696902001294993 0.0175
58 522 0.12259711127215392 1 0 0.037500000000000006 0.037500000000000006 0.08996575 1.5707963267948966 0.18849555921538758 0.7696902001294993 0.0175
58 522 0.07156779775189254 1 0 0.037500000000000006 0.037500000000000006 0.08996575 1.5707963267948966 0.18849555921538758 0.7696902001294993 0.0175
58 522 0.3824530826454343 1 0 0.037500000000000006 0.037500000000000006 0.08996575 1.5707963267948966 0.18849555921538758 0.7696902001294993 0.0175
59 531 0.06500697444307763 1 0 0.03749999999999999 0.037500000000000006 0.08996575 1.5707963267948966 0.18849555921538758 0.7696902001294993 0.0175
59 531 0.5202423566031836 1 0 0.03749999999999999 0.037500000000000006 0.08996575 1.5707963267948966 0.18849555921538758 0.7696902001294993 0.0175
59 531 0.05886984867697362 1 0 0.03749999999999999 0.037500000000000006 0.08996575 1.5707963267948966 0.18849555921538758 0.7696902001294993 0.0175
59 531 0.20589279305449656 1 0 0.03749999999999999 0.037500000000000006 0.08996575 1.5707963267948966 0.18849555921538758 0.7696902001294993 0.0175
59 531 0.13093074705163432 1 0 0.037500000000000006 0.037500000000000006 0.08996575 1.5707963267948966 0.18849555921538758 0.7696902001294993 0.0175
59 531 0.11991289176615517 1 0 0.037500000000000006 0.037500000000000006 0.08996575 1.5707963267948966 0.18849555921538758 0.7696902001294993 0.0175
59 531 0.06370681631283899 1 0 0.037500000000000006 0.037500000000000006 0.08996575 1.5707963267948966 0.18849555921538758 0.7696902001294993 0.0175
59 531 0.3657352674722873 1 0 0.037500000000000006 0.037500000000000006 0.08996575 1.5707963267948966 0.18849555921538758 0.7696902001294993 0.0175
60 540 0.06957065248122234 1 0 0.03749999999999999 0.037500000000000006 0.08996575 1.5707963267948966 0.18849555921538758 0.7696902001294993 0.0175
60 540 0.49031280705273533 1 0 0.03749999999999999 0.037500000000000006 0.08996575 1.5707963267948966 0.18849555921538758 0.7696902001294993 0.0175
60 540 0.057515381675310895 1 0 0.03749999999999999 0.037500000000000006 0.08996575 1.5707963267948966 0.18849555921538758 0.7696902001294993 0.0175
60 540 0.20045948867900576 1 0 0.03749999999999999 0.037500000000000006 0.08996575 1.5707963267948966 0.18849555921538758 0.7696902001294993 0.0175
60 540 0.12342498161155782 1 0 0.037500000000000006 0.037500000000000006 0.08996575 1.5707963267948966 0.18849555921538758 0.7696902001294993 0.0175
60 540 0.12092389573653811 1 0 0.037500000000000006 0.037500000000000006 0.08996575 1.5707963267948966 0.18849555921538758 0.7696902001294993 0.0175
60 540 0.05792042318636209 1 0 0.037500000000000006 0.037500000000000006 0.08996575 1.5707963267948966 0.18849555921538758 0.7696902001294993 0.0175
60 540 0.3534082443714085 1 0 0.037500000000000006 0.037500000000000006 0.08996575 1.5707963267948966 0.18849555921538758 0.7696902001294993 0.0175
61 549 0.06832515161295528 1 0 0.03749999999999999 0.037500000000000006 0.08996575 1.5707963267948966 0.18849555921538758 0.7696902001294993 0.0175
61 549 0.4584561501519065 1 0 0.03749999999999999 0.037500000000000006 0.08996575 1.5707963267948966 0.18849555921538758 0.7696902001294993 0.0175
61 549 0.05821987549322397 1 0 0.03749999999999999 0.037500000000000006 0.08996575 1.5707963267948966 0.18849555921538758 0.7696902001294993 0.0175
61 549 0.24417808945774858 1 0 0.03749999999999999 0.037500000000000006 0.08996575 1.5707963267948966 0.18849555921538758 0.7696902001294993 0.0175
61 549 0.1203628066677765 1 0 0.037500000000000006 0.037500000000000006 0.08996575 1.5707963267948966 0.18849555921538758 0.7696902001294993 0.0175
61 549 0.059565610561447775 1 0 0.037500000000000006 0.037500000000000006 0.08996575 1.5707963267948966 0.18849555921538758 0.7696902001294993 0.0175
61 549 0.1123798152001094 1 0 0.037500000000000006 0.037500000000000006 0.08996575 1.5707963267948966 0.18849555921538758 0.7696902001294993 0.0175
62 558 0.07382063860458642 1 0 0.03749999999999999 0.037500000000000006 0.08996575 1.5707963267948966 0.18849555921538758 0.7696902001294993 0.0175
61 549 0.33709726292354164 1 0 0.037500000000000006 0.037500000000000006 0.08996575 1.5707963267948966 0.18849555921538758 0.7696902001294993 0.0175
62 558 0.4653958103186272 1 0 0.03749999999999999 0.037500000000000006 0.08996575 1.5707963267948966 0.18849555921538758 0.7696902001294993 0.0175
62 558 0.06220286241167842 1 0 0.03749999999999999 0.037500000000000006 0.08996575 1.5707963267948966 0.18849555921538758 0.7696902001294993 0.0175
62 558 0.2428961425764141 1 0 0.03749999999999999 0.037500000000000006 0.08996575 1.5707963267948966 0.18849555921538758 0.7696902001294993 0.0175
62 558 0.11573210533631116 1 0 0.037500000000000006 0.037500000000000006 0.08996575 1.5707963267948966 0.18849555921538758 0.7696902001294993 0.0175
62 558 0.11429216933033991 1 0 0.037500000000000006 0.037500000000000006 0.08996575 1.5707963267948966 0.18849555921538758 0.7696902001294993 0.0175
62 558 0.058933382068624855 1 0 0.037500000000000006 0.037500000000000006 0.08996575 1.5707963267948966 0.18849555921538758 0.7696902001294993 0.0175
63 567 0.07352948114155101 1 0 0.03749999999999999 0.037500000000000006 0.08996575 1.5707963267948966 0.18849555921538758 0.7696902001294993 0.0175
62 558 0.2944782450646709 1 0 0.037500000000000006 0.037500000000000006 0.08996575 1.5707963267948966 0.18849555921538758 0.7696902001294993 0.0175
63 567 0.42230759318235656 1 0 0.03749999999999999 0.037500000000000006 0.08996575 1.5707963267948966 0.18849555921538758 0.7696902001294993 0.0175
63 567 0.06702972153950797 1 0 0.03749999999999999 0.037500000000000006 0.08996575 1.5707963267948966 0.18849555921538758 0.7696902001294993 0.0175
63 567 0.09836217248842885 1 0 0.037500000000000006 0.037500000000000006 0.08996575 1.5707963267948966 0.18849555921538758 0.7696902001294993 0.0175
63 567 0.2576641114709838 1 0 0.03749999999999999 0.037500000000000006 0.08996575 1.5707963267948966 0.18849555921538758 0.7696902001294993 0.0175
63 567 0.11014424197391236 1 0 0.037500000000000006 0.037500000000000006 0.08996575 1.5707963267948966 0.18849555921538758 0.7696902001294993 0.0175
63 567 0.05823748535980291 1 0 0.037500000000000006 0.037500000000000006 0.08996575 1.5707963267948966 0.18849555921538758 0.7696902001294993 0.0175
64 576 0.07448575514706185 1 0 0.03749999999999999 0.037500000000000006 0.08996575 1.5707963267948966 0.18849555921538758 0.7696902001294993 0.0175
63 567 0.2896701007141807 1 0 0.037500000000000006 0.037500000000000006 0.08996575 1.5707963267948966 0.18849555921538758 0.7696902001294993 0.0175
64 576 0.3905995776094434 1 0 0.03749999999999999 0.037500000000000006 0.08996575 1.5707963267948966 0.18849555921538758 0.7696902001294993 0.0175
64 576 0.06744070831169538 1 0 0.03749999999999999 0.037500000000000006 0.08996575 1.5707963267948966 0.18849555921538758 0.7696902001294993 0.0175
64 576 0.08722946577427959 1 0 0.037500000000000006 0.037500000000000006 0.08996575 1.5707963267948966 0.18849555921538758 0.7696902001294993 0.0175
64 576 0.2735573894812855 1 0 0.03749999999999999 0.037500000000000006 0.08996575 1.5707963267948966 0.18849555921538758 0.7696902001294993 0.0175
64 576 0.10511983818559503 1 0 0.037500000000000006 0.037500000000000006 0.08996575 1.5707963267948966 0.18849555921538758 0.7696902001294993 0.0175
64 576 0.058564623836059704 1 0 0.037500000000000006 0.037500000000000006 0.08996575 1.5707963267948966 0.18849555921538758 0.7696902001294993 0.0175
64 576 0.2803280815677043 1 0 0.037500000000000006 0.037500000000000006 0.08996575 1.5707963267948966 0.18849555921538758 0.7696902001294993 0.0175
65 585 0.07031429296517203 1 0 0.03749999999999999 0.037500000000000006 0.08996575 1.5707963267948966 0.18849555921538758 0.7696902001294993 0.0175
65 585 0.33912286509478856 1 0 0.03749999999999999 0.037500000000000006 0.08996575 1.5707963267948966 0.18849555921538758 0.7696902001294993 0.0175
65 585 0.06613547162243877 1 0 0.03749999999999999 0.037500000000000006 0.08996575 1.5707963267948966 0.18849555921538758 0.7696902001294993 0.0175
65 585 0.0773299228817824 1 0 0.037500000000000006 0.037500000000000006 0.08996575 1.5707963267948966 0.18849555921538758 0.7696902001294993 0.0175
65 585 0.2796629266196069 1 0 0.03749999999999999 0.037500000000000006 0.08996575 1.5707963267948966 0.18849555921538758 0.7696902001294993 0.0175
65 585 0.09466299251062561 1 0 0.037500000000000006 0.037500000000000006 0.08996575 1.5707963267948966 0.18849555921538758 0.7696902001294993 0.0175
65 585 0.05512716206011672 1 0 0.037500000000000006 0.037500000000000006 0.08996575 1.5707963267948966 0.18849555921538758 0.7696902001294993 0.0175
65 585 0.2462694005330308 1 0 0.037500000000000006 0.037500000000000006 0.08996575 1.5707963267948966 0.18849555921538758 0.7696902001294993 0.0175
66 594 0.32678146445207534 1 0 0.03749999999999999 0.037500000000000006 0.08996575 1.5707963267948966 0.18849555921538758 0.7696902001294993 0.0175
66 594 0.07286266571447714 1 0 0.03749999999999999 0.037500000000000006 0.08996575 1.5707963267948966 0.18849555921538758 0.7696902001294993 0.0175
66 594 0.06541696910531684 1 0 0.03749999999999999 0.037500000000000006 0.08996575 1.5707963267948966 0.18849555921538758 0.7696902001294993 0.0175
66 594 0.06880861063099183 1 0 0.037500000000000006 0.037500000000000006 0.08996575 1.5707963267948966 0.18849555921538758 0.7696902001294993 0.0175
66 594 0.29127736705198937 1 0 0.03749999999999999 0.037500000000000006 0.08996575 1.5707963267948966 0.18849555921538758 0.7696902001294993 0.0175
66 594 0.09733863163317617 1 0 0.037500000000000006 0.037500000000000006 0.08996575 1.5707963267948966 0.18849555921538758 0.7696902001294993 0.0175
66 594 0.04826797178497602 1 0 0.037500000000000006 0.037500000000000006 0.08996575 1.5707963267948966 0.18849555921538758 0.7696902001294993 0.0175
66 594 0.23639268808550715 1 0 0.037500000000000006 0.037500000000000006 0.08996575 1.5707963267948966 0.18849555921538758 0.7696902001294993 0.0175
67 603 0.28047657844999724 1 0 0.03749999999999999 0.037500000000000006 0.08996575 1.5707963267948966 0.18849555921538758 0.7696902001294993 0.0175
67 603 0.06851133821338654 1 0 0.03749999999999999 0.037500000000000006 0.08996575 1.5707963267948966 0.18849555921538758 0.7696902001294993 0.0175
67 603 0.06178158991179723 1 0 0.03749999999999999 0.037500000000000006 0.08996575 1.5707963267948966 0.18849555921538758 0.7696902001294993 0.0175
67 603 0.28047657844999724 1 0 0.03749999999999999 0.037500000000000006 0.08996575 1.5707963267948966 0.18849555921538758 0.7696902001294993 0.0175
67 603 0.06851133821338654 1 0 0.03749999999999999 0.037500000000000006 0.08996575 1.5707963267948966 0.18849555921538758 0.7696902001294993 0.0175
67 603 0.06178158991179723 1 0 0.03749999999999999 0.037500000000000006 0.08996575 1.5707963267948966 0.18849555921538758 0.7696902001294993 0.0175
67 603 0.05977035329998166 1 0 0.037500000000000006 0.037500000000000006 0.08996575 1.5707963267948966 0.18849555921538758 0.7696902001294993 0.0175
67 603 0.05977035329998166 1 0 0.037500000000000006 0.037500000000000006 0.08996575 1.5707963267948966 0.18849555921538758 0.7696902001294993 0.0175
67 603 0.28714047151006855 1 0 0.03749999999999999 0.037500000000000006 0.08996575 1.5707963267948966 0.18849555921538758 0.7696902001294993 0.0175
67 603 0.28714047151006855 1 0 0.03749999999999999 0.037500000000000006 0.08996575 1.5707963267948966 0.18849555921538758 0.7696902001294993 0.0175
67 603 0.09605230976161085 1 0 0.037500000000000006 0.037500000000000006 0.08996575 1.5707963267948966 0.18849555921538758 0.7696902001294993 0.0175
67 603 0.04891093829606505 1 0 0.037500000000000006 0.037500000000000006 0.08996575 1.5707963267948966 0.18849555921538758 0.7696902001294993 0.0175
67 603 0.09605230976161085 1 0 0.037500000000000006 0.037500000000000006 0.08996575 1.5707963267948966 0.18849555921538758 0.7696902001294993 0.0175
67 603 0.04891093829606505 1 0 0.037500000000000006 0.037500000000000006 0.08996575 1.5707963267948966 0.18849555921538758 0.7696902001294993 0.0175
67 603 0.2593069185589426 1 0 0.037500000000000006 0.037500000000000006 0.08996575 1.5707963267948966 0.18849555921538758 0.7696902001294993 0.0175
67 603 0.2593069185589426 1 0 0.037500000000000006 0.037500000000000006 0.08996575 1.5707963267948966 0.18849555921538758 0.7696902001294993 0.0175
