% # columns="iteration, evaluation, sigma, void, void,  stds==sigma*sigma_vec.scaling*sqrt(diag(C))", seed=2567, Fri Aug 28 18:42:21 2026, <python>{}</python>
1 9 0.9449729899729059 0 0 0.03587690611771669 0.035765229965352655 0.08048810889316227 1.5376968588120659 0.17692963321268976 0.7141808469386624 0.016413959188801616
1 9 0.9449729899729059 0 0 0.03587690611771668 0.035765229965352655 0.08048810889316227 1.5376968588120659 0.17692963321268976 0.7141808469386624 0.016413959188801616
1 9 0.9449729899729059 0 0 0.03587690611771668 0.035765229965352655 0.08048810889316227 1.5376968588120659 0.17692963321268976 0.7141808469386624 0.016413959188801616
1 9 0.9449729899729059 0 0 0.03587690611771669 0.035765229965352655 0.08048810889316227 1.5376968588120659 0.17692963321268976 0.7141808469386624 0.016413959188801616
1 9 0.9449729899729059 0 0 0.03587690611771668 0.035765229965352655 0.08048810889316227 1.5376968588120659 0.17692963321268976 0.7141808469386624 0.016413959188801616
1 9 0.944972989972906 0 0 0.03587690611771669 0.035765229965352655 0.08048810889316228 1.5376968588120663 0.17692963321268979 0.7141808469386625 0.01641395918880162
1 9 0.944972989972906 0 0 0.03587690611771668 0.035765229965352655 0.08048810889316228 1.5376968588120663 0.17692963321268979 0.7141808469386625 0.01641395918880162
1 9 0.944972989972906 0 0 0.03587690611771669 0.035765229965352655 0.08048810889316228 1.5376968588120663 0.17692963321268979 0.7141808469386625 0.01641395918880162
2 18 0.908755573542171 0 0 0.0355604837568124 0.03440087039610023 0.07750971109625689 1.5086792054175453 0.16760484635697623 0.6446680750393449 0.015315522704229236
2 18 0.9087555735421705 0 0 0.03556048375681236 0.03440087039610023 0.07750971109625686 1.5086792054175462 0.16760484635697634 0.6446680750393429 0.015315522704229234
2 18 0.9087555735421706 0 0 0.03556048375681236 0.03440087039610023 0.07750971109625686 1.5086792054175453 0.16760484635697626 0.6446680750393444 0.01531552270422923
2 18 0.9087555735421707 0 0 0.03556048375681241 0.03440087039610023 0.07750971109625686 1.5086792054175457 0.1676048463569763 0.6446680750393435 0.015315522704229234
2 18 0.9087555735421708 0 0 0.0355604837568124 0.03440087039610022 0.07750971109625687 1.508679205417545 0.1676048463569762 0.6446680750393449 0.015315522704229229
2 18 0.9087555735421707 0 0 0.035560483756812346 0.03440087039610024 0.07750971109625689 1.5086792054175466 0.16760484635697626 0.6446680750393441 0.015315522704229236
2 18 0.908755573542171 0 0 0.035560483756812436 0.03440087039610023 0.07750971109625691 1.5086792054175464 0.16760484635697623 0.6446680750393438 0.015315522704229237
2 18 0.908755573542171 0 0 0.03556048375681239 0.03440087039610023 0.07750971109625694 1.5086792054175466 0.167604846356976 0.6446680750393456 0.015315522704229232
3 27 0.892906449470062 0 0 0.032897259576056284 0.03434174878550622 0.07624799252026666 1.428239827097786 0.16236293371412314 0.6424237546425753 0.015272062487237314
3 27 0.8929064494700624 0 0 0.03289725957605619 0.034341748785506214 0.07624799252026673 1.4282398270977839 0.16236293371412322 0.6424237546425752 0.015272062487237401
3 27 0.892906449470062 0 0 0.03289725957605627 0.03434174878550618 0.07624799252026672 1.428239827097785 0.16236293371412303 0.6424237546425764 0.015272062487237333
3 27 0.892906449470062 0 0 0.03289725957605626 0.03434174878550622 0.07624799252026665 1.4282398270977854 0.16236293371412314 0.6424237546425754 0.015272062487237328
3 27 0.8929064494700619 0 0 0.03289725957605621 0.034341748785506214 0.07624799252026665 1.4282398270977836 0.16236293371412316 0.6424237546425752 0.015272062487237363
3 27 0.8929064494700621 0 0 0.03289725957605632 0.03434174878550629 0.07624799252026669 1.428239827097784 0.16236293371412305 0.6424237546425745 0.015272062487237318
3 27 0.8929064494700621 0 0 0.03289725957605628 0.034341748785506276 0.07624799252026668 1.4282398270977845 0.16236293371412316 0.6424237546425742 0.01527206248723734
3 27 0.8929064494700619 0 0 0.03289725957605619 0.03434174878550627 0.07624799252026668 1.4282398270977839 0.16236293371412322 0.6424237546425736 0.015272062487237378
4 36 0.9107936243491097 0 0 0.03341660426554342 0.034446761613439084 0.07319742923994882 1.5286736813608144 0.16541310501614676 0.6632684526898158 0.01529227566267689
4 36 0.910793624349109 0 0 0.0334166042655435 0.034446761613439035 0.07319742923994862 1.5286736813608202 0.16541310501614645 0.6632684526898148 0.015292275662676802
4 36 0.9107936243491088 0 0 0.03341660426554351 0.03444676161343902 0.0731974292399486 1.5286736813608206 0.16541310501614642 0.6632684526898147 0.015292275662676784
4 36 0.9107936243491089 0 0 0.03341660426554349 0.034446761613439056 0.07319742923994864 1.5286736813608168 0.16541310501614662 0.6632684526898152 0.015292275662676802
4 36 0.910793624349109 0 0 0.03341660426554344 0.03444676161343905 0.07319742923994868 1.5286736813608157 0.16541310501614662 0.6632684526898153 0.015292275662676854
4 36 0.910793624349109 0 0 0.033416604265543416 0.03444676161343907 0.07319742923994874 1.5286736813608137 0.16541310501614676 0.6632684526898148 0.015292275662676871
4 36 0.9107936243491092 0 0 0.033416604265543534 0.034446761613439056 0.07319742923994865 1.5286736813608164 0.1654131050161466 0.663268452689816 0.015292275662676802
4 36 0.9107936243491092 0 0 0.033416604265543506 0.03444676161343902 0.07319742923994875 1.5286736813608177 0.16541310501614634 0.6632684526898157 0.015292275662676828
5 45 0.9600110149980431 0 0 0.03487928211550099 0.036538023809008585 0.07528447340820567 1.5533185546677182 0.16810744775063952 0.7188403337493512 0.01730853754924214
5 45 0.9600110149980414 0 0 0.03487928211550107 0.03653802380900846 0.07528447340820536 1.5533185546677302 0.16810744775063857 0.7188403337493491 0.017308537549242
5 45 0.9600110149980415 0 0 0.03487928211550112 0.03653802380900845 0.07528447340820535 1.5533185546677315 0.1681074477506386 0.7188403337493493 0.01730853754924198
5 45 0.9600110149980422 0 0 0.03487928211550101 0.03653802380900854 0.07528447340820549 1.5533185546677208 0.16810744775063918 0.7188403337493503 0.0173085375492421
5 45 0.9600110149980416 0 0 0.03487928211550108 0.03653802380900851 0.0752844734082054 1.5533185546677237 0.16810744775063888 0.7188403337493509 0.017308537549242012
5 45 0.9600110149980422 0 0 0.03487928211550097 0.03653802380900858 0.07528447340820553 1.5533185546677162 0.1681074477506393 0.7188403337493509 0.017308537549242126
5 45 0.9600110149980419 0 0 0.0348792821155011 0.036538023809008446 0.07528447340820557 1.5533185546677248 0.16810744775063885 0.7188403337493497 0.017308537549242043
5 45 0.9600110149980419 0 0 0.03487928211550112 0.03653802380900849 0.07528447340820543 1.553318554667723 0.1681074477506389 0.7188403337493519 0.01730853754924201
6 54 1.0469016112629952 0 0 0.03747924886531116 0.040415001109531175 0.08048086695103808 1.6335933465334094 0.18227366291718478 0.8591763884865803 0.018887031810499052
6 54 1.0469016112629927 0 0 0.037479248865311475 0.04041500110953089 0.08048086695103768 1.6335933465334211 0.18227366291718375 0.8591763884865765 0.018887031810498865
6 54 1.0469016112629932 0 0 0.03747924886531156 0.040415001109530856 0.08048086695103769 1.6335933465334234 0.1822736629171838 0.8591763884865768 0.01888703181049885
6 54 1.046901611262994 0 0 0.03747924886531129 0.04041500110953108 0.08048086695103782 1.6335933465334114 0.1822736629171844 0.859176388486579 0.018887031810498993
6 54 1.0469016112629936 0 0 0.037479248865311524 0.040415001109530835 0.08048086695103779 1.633593346533412 0.18227366291718414 0.859176388486583 0.01888703181049887
6 54 1.0469016112629934 0 0 0.03747924886531148 0.04041500110953092 0.08048086695103795 1.6335933465334165 0.18227366291718405 0.8591763884865753 0.018887031810498948
6 54 1.0469016112629934 0 0 0.03747924886531143 0.04041500110953092 0.08048086695103777 1.6335933465334136 0.18227366291718414 0.8591763884865815 0.018887031810498875
6 54 1.046901611262994 0 0 0.037479248865311156 0.04041500110953109 0.0804808669510379 1.6335933465334043 0.18227366291718444 0.859176388486583 0.01888703181049902
7 63 0.9808150963897807 0 0 0.03450080269588227 0.03826265557904138 0.07495341848196503 1.436992980395301 0.1715489143766837 0.7959320700772277 0.017942082086871078
7 63 0.9808150963897784 0 0 0.03450080269588261 0.03826265557904104 0.07495341848196477 1.4369929803953159 0.1715489143766827 0.7959320700772236 0.017942082086870884
7 63 0.9808150963897786 0 0 0.0345008026958827 0.038262655579040995 0.0749534184819648 1.4369929803953174 0.1715489143766827 0.7959320700772239 0.017942082086870863
7 63 0.9808150963897787 0 0 0.03450080269588263 0.038262655579041044 0.07495341848196505 1.4369929803953096 0.1715489143766831 0.7959320700772218 0.01794208208687095
7 63 0.9808150963897797 0 0 0.03450080269588239 0.03826265557904127 0.07495341848196485 1.4369929803953057 0.17154891437668326 0.7959320700772263 0.017942082086871015
7 63 0.9808150963897792 0 0 0.03450080269588257 0.038262655579041085 0.07495341848196484 1.4369929803953059 0.17154891437668301 0.79593207007723 0.017942082086870897
7 63 0.9808150963897796 0 0 0.03450080269588224 0.038262655579041294 0.07495341848196485 1.4369929803952974 0.17154891437668324 0.7959320700772309 0.017942082086871033
7 63 0.9808150963897793 0 0 0.03450080269588267 0.038262655579040974 0.07495341848196493 1.436992980395305 0.17154891437668301 0.7959320700772311 0.01794208208687088
8 72 0.9439356079277108 0 0 0.03259405133976277 0.03600390315232229 0.07324583952264663 1.3347409939401698 0.15894430565302858 0.7616975298123103 0.017402534528154337
8 72 0.9439356079277084 0 0 0.032594051339762974 0.03600390315232198 0.07324583952264649 1.334740993940181 0.15894430565302814 0.7616975298123069 0.017402534528154146
8 72 0.9439356079277086 0 0 0.03272860942992415 0.03610739471349356 0.07323478496454258 1.3347874147853147 0.1584785721333044 0.7661279465050971 0.017387923671930705
8 72 0.9439356079277088 0 0 0.03259405133976296 0.036003903152322 0.07324583952264677 1.3347409939401769 0.15894430565302808 0.7616975298123057 0.01740253452815423
8 72 0.9439356079277097 0 0 0.03272860942992396 0.036107394713493786 0.07323478496454253 1.3347874147853054 0.15847857213330457 0.7661279465050992 0.017387923671930844
8 72 0.9439356079277094 0 0 0.03259405133976296 0.03600390315232204 0.07324583952264657 1.334740993940173 0.15894430565302842 0.7616975298123123 0.017402534528154164
8 72 0.9439356079277097 0 0 0.03272860942992387 0.036107394713493786 0.0732347849645425 1.334787414785299 0.15847857213330468 0.7661279465051033 0.017387923671930858
8 72 0.9439356079277096 0 0 0.03259405133976302 0.03600390315232195 0.07324583952264674 1.3347409939401722 0.15894430565302836 0.7616975298123138 0.01740253452815415
9 81 0.8206293312726306 0 0 0.028321310857614426 0.031844493415037194 0.06170791462053577 1.0964242811394425 0.13469147230449222 0.6392991248892018 0.015191161272258641
9 81 0.8206293312726285 0 0 0.028321310857614624 0.03184449341503688 0.061707914620535625 1.0964242811394487 0.134691472304492 0.6392991248891993 0.015191161272258509
9 81 0.8513798812063996 0 0 0.029834269017076122 0.032432018715159994 0.06369245356187023 1.1352526634244442 0.1416292450677271 0.6716532850347939 0.01614417750206678
9 81 0.8206293312726284 0 0 0.028321310857614607 0.03184449341503691 0.06170791462053581 1.0964242811394458 0.13469147230449172 0.6392991248891977 0.015191161272258552
9 81 0.8513798812064006 0 0 0.02983426901707598 0.03243201871516022 0.0636924535618701 1.1352526634244382 0.1416292450677271 0.6716532850347954 0.016144177502066884
9 81 0.8206293312726292 0 0 0.028321310857614662 0.03184449341503682 0.0617079146205358 1.0964242811394445 0.13469147230449202 0.6392991248892038 0.015191161272258509
9 81 0.8513798812064005 0 0 0.029834269017075903 0.0324320187151602 0.06369245356187006 1.1352526634244335 0.14162924506772723 0.6716532850347987 0.016144177502066894
9 81 0.8206293312726293 0 0 0.028321310857614607 0.03184449341503692 0.061707914620535674 1.0964242811394451 0.13469147230449213 0.6392991248892032 0.015191161272258525
10 90 0.7289711996298535 0 0 0.0247989803443246 0.027453077728104004 0.05194447453299201 0.9652983755221876 0.11584485526975298 0.5803198010490932 0.013707143338927552
10 90 0.7289711996298514 0 0 0.024798980344324758 0.027453077728103688 0.051944474532991995 0.965298375522192 0.11584485526975276 0.5803198010490912 0.013707143338927431
10 90 0.7289711996298512 0 0 0.024798980344324744 0.02745307772810371 0.05194447453299216 0.9652983755221899 0.11584485526975245 0.5803198010490901 0.013707143338927466
10 90 0.8078747559212405 0 0 0.028834589190329076 0.031475800441084466 0.056304913488945875 1.0511891673674718 0.13168400411400602 0.6319358521790501 0.015422484042395363
10 90 0.8078747559212414 0 0 0.028834589190328955 0.03147580044108462 0.05630491348894571 1.0511891673674663 0.13168400411400613 0.6319358521790513 0.015422484042395478
10 90 0.728971199629852 0 0 0.024798980344324824 0.027453077728103615 0.051944474532992196 0.9652983755221883 0.11584485526975286 0.5803198010490945 0.013707143338927433
10 90 0.8078747559212412 0 0 0.02883458919032889 0.03147580044108456 0.056304913488945625 1.0511891673674625 0.1316840041140064 0.6319358521790542 0.015422484042395488
11 99 0.6581829545660899 0 0 0.022464893679845454 0.023798892041589484 0.04677181505387611 0.8055707427870101 0.1031890937584272 0.5358392735201 0.012237374669546195
10 90 0.7289711996298521 0 0 0.024798980344324748 0.027453077728103733 0.051944474532992 0.965298375522189 0.11584485526975304 0.5803198010490943 0.013707143338927447
11 99 0.6581829545660878 0 0 0.022464893679845534 0.0237988920415892 0.046771815053876085 0.8055707427870135 0.10318909375842684 0.535839273520098 0.012237374669546117
11 99 0.6581829545660882 0 0 0.022464893679845548 0.023798892041589217 0.04677181505387625 0.8055707427870124 0.10318909375842689 0.5358392735200976 0.012237374669546146
11 99 0.8331957561926431 0 0 0.029983501398145485 0.034069461197311225 0.05670030126218172 1.0062105750855546 0.12952027291851825 0.6959767038103726 0.015685577514312442
11 99 0.8331957561926439 0 0 0.029983501398145353 0.03406946119731139 0.0567003012621816 1.006210575085544 0.12952027291851867 0.6959767038103734 0.015685577514312557
11 99 0.6581829545660889 0 0 0.022464893679845586 0.023798892041589186 0.04677181505387628 0.8055707427870114 0.10318909375842683 0.5358392735201012 0.012237374669546133
11 99 0.8331957561926441 0 0 0.029983501398145283 0.034069461197311454 0.05670030126218157 1.0062105750855386 0.1295202729185191 0.695976703810375 0.015685577514312578
11 99 0.6581829545660888 0 0 0.022464893679845544 0.023798892041589283 0.04677181505387612 0.8055707427870117 0.10318909375842689 0.5358392735201007 0.012237374669546134
12 108 0.6545252902319152 0 0 0.022675286978975806 0.023422689157958775 0.04449958546443067 0.7852413733262736 0.10161429232518238 0.5407291611928314 0.013201986642128339
12 108 0.6545252902319131 0 0 0.02267528697897581 0.02342268915795853 0.044499585464430676 0.7852413733262791 0.1016142923251822 0.5407291611928298 0.013201986642128237
12 108 0.6545252902319134 0 0 0.022675286978975816 0.023422689157958518 0.04449958546443087 0.785241373326277 0.10161429232518208 0.5407291611928291 0.013201986642128283
12 108 0.7805308994169247 0 0 0.027404124940971945 0.032144096876685686 0.05018105220474042 0.9056791814041176 0.12087072351447806 0.6796893402765063 0.014585790147521838
12 108 0.7805308994169257 0 0 0.02740412494097189 0.03214409687668583 0.05018105220474036 0.90567918140411 0.12087072351447847 0.6796893402765072 0.014585790147521923
12 108 0.654525290231914 0 0 0.022675286978975844 0.023422689157958528 0.04449958546443091 0.7852413733262756 0.10161429232518215 0.540729161192833 0.01320198664212824
12 108 0.7805308994169253 0 0 0.027404124940971827 0.03214409687668591 0.050181052204740284 0.9056791814041045 0.1208707235144788 0.6796893402765077 0.014585790147521897
13 117 0.6024223710435593 0 0 0.02084020140711443 0.021512138344167205 0.03953837315731613 0.693886520426343 0.09439542024263738 0.4850522373766937 0.011801882500214531
12 108 0.6545252902319141 0 0 0.022675286978975827 0.023422689157958615 0.04449958546443073 0.7852413733262767 0.10161429232518222 0.5407291611928323 0.013201986642128254
13 117 0.6024223710435574 0 0 0.02084020140711448 0.02151213834416696 0.03953837315731613 0.6938865204263472 0.09439542024263715 0.4850522373766922 0.011801882500214446
13 117 0.7971761793313038 0 0 0.02902995445173715 0.03244490455875334 0.04965169696437078 0.8946680200232797 0.11934699588683342 0.7446436400720616 0.014977935874684394
13 117 0.6024223710435578 0 0 0.020840201407114487 0.02151213834416693 0.0395383731573163 0.6938865204263457 0.09439542024263715 0.4850522373766924 0.011801882500214482
13 117 0.797176179331305 0 0 0.029029954451737113 0.03244490455875349 0.049651696964370766 0.8946680200232744 0.11934699588683369 0.7446436400720622 0.014977935874684484
13 117 0.797176179331305 0 0 0.029029954451737047 0.032444904558753596 0.049651696964370745 0.8946680200232688 0.119346995886834 0.7446436400720629 0.014977935874684472
13 117 0.6024223710435586 0 0 0.020840201407114536 0.021512138344166973 0.03953837315731635 0.6938865204263457 0.09439542024263707 0.4850522373766948 0.011801882500214465
14 126 0.5854219039113728 0 0 0.019662787267248027 0.02066790586129551 0.03738457073243626 0.6550980141211687 0.09126874741238722 0.5035245637715056 0.01131431122030682
13 117 0.6024223710435584 0 0 0.020840201407114494 0.02151213834416707 0.039538373157316176 0.6938865204263465 0.09439542024263713 0.4850522373766941 0.011801882500214463
14 126 0.5854219039113708 0 0 0.01966278726724808 0.020667905861295237 0.037384570732436354 0.6550980141211721 0.09126874741238698 0.503524563771504 0.011314311220306735
14 126 0.5854219039113712 0 0 0.01966278726724808 0.020667905861295188 0.03738457073243652 0.655098014121171 0.0912687474123869 0.5035245637715045 0.011314311220306773
14 126 0.9398803603999754 0 0 0.03477832560069571 0.04197707644888125 0.06019892841521639 1.0087424787510824 0.1394384494787734 0.9035699373877584 0.01783057013650568
14 126 0.9398803603999766 0 0 0.034778325600695645 0.04197707644888154 0.06019892841521615 1.0087424787510728 0.13943844947877385 0.9035699373877581 0.017830570136505776
14 126 0.9398803603999768 0 0 0.0347783256006955 0.04197707644888187 0.06019892841521602 1.0087424787510664 0.13943844947877407 0.9035699373877557 0.017830570136505814
14 126 0.585421903911372 0 0 0.019662787267248145 0.020667905861295265 0.03738457073243658 0.6550980141211702 0.09126874741238691 0.5035245637715062 0.01131431122030676
14 126 0.5854219039113719 0 0 0.0196627872672481 0.020667905861295372 0.03738457073243638 0.6550980141211713 0.09126874741238693 0.5035245637715058 0.011314311220306754
15 135 0.5978422546143448 0 0 0.020294608400353055 0.020899651887658292 0.03560622357769534 0.661073895742346 0.09018242634736051 0.5458300897600078 0.011294035214777742
15 135 0.5797498023185449 0 0 0.019585671000207385 0.0205044924496022 0.03462320610938314 0.6371148323393325 0.08725969554266677 0.5279909403948676 0.010911112866546394
15 135 0.5797498023185449 0 0 0.019580768111848612 0.020350796747594938 0.03457155392515338 0.6377793608040027 0.08754695987308178 0.5271273272710384 0.010933320605289417
15 135 0.8655317777034368 0 0 0.0322525832002445 0.03835495737156924 0.055075280637544494 0.9027254290604144 0.12682485961188114 0.8228957878984654 0.016509726181413185
15 135 0.8655317777034378 0 0 0.032252583200244406 0.038354957371569534 0.05507528063754423 0.9027254290604053 0.12682485961188142 0.8228957878984654 0.016509726181413272
15 135 0.865531777703438 0 0 0.03225258320024424 0.038354957371569846 0.055075280637544105 0.9027254290604009 0.1268248596118818 0.8228957878984624 0.01650972618141332
15 135 0.5978422546143438 0 0 0.020294608400353183 0.02089965188765808 0.03560622357769556 0.6610738957423453 0.09018242634736014 0.5458300897600081 0.011294035214777669
15 135 0.579749802318546 0 0 0.019585671000207378 0.020504492449602355 0.034623206109383194 0.6371148323393334 0.08725969554266662 0.527990940394869 0.010911112866546413
16 144 0.582575693916806 0 0 0.01991185854752533 0.019889142326905838 0.034109978828239816 0.6104637406102043 0.08918643183597184 0.5327137234940441 0.010676740624531791
16 144 0.626448452670874 0 0 0.020744690908075045 0.02206831771260119 0.035142186006317015 0.6698175686811207 0.09308845846828269 0.5812426540942568 0.012574149019328087
16 144 0.5140866459178054 0 0 0.017233681758275773 0.01776392607152056 0.030361672635390052 0.5608045473286339 0.07695594225076452 0.46694709682206226 0.009244467694480715
16 144 0.783847183450373 0 0 0.028075424674389383 0.0341862908222429 0.04928395334340518 0.7522590124109563 0.11442253376514402 0.7553595379787035 0.014803107781855883
16 144 0.7710259698063462 0 0 0.027599722233143196 0.03364965645483397 0.04850295614057321 0.7374574101479356 0.11322225133166003 0.7218214965413592 0.014649293013801487
16 144 0.7838471834503737 0 0 0.02807542467438911 0.03418629082224341 0.0492839533434048 0.7522590124109483 0.11442253376514476 0.7553595379786997 0.014803107781855998
16 144 0.5825756939168046 0 0 0.019911858547525352 0.01988914232690566 0.03410997882824002 0.6104637406102011 0.08918643183597173 0.5327137234940452 0.010676740624531705
17 153 0.5417071414878829 0 0 0.01833286932261487 0.01831057487892775 0.031332335911668216 0.5776660292830312 0.08250838838819072 0.48802306783452354 0.009730960075396089
16 144 0.6264484526708751 0 0 0.020744690908075045 0.022068317712601326 0.035142186006317154 0.6698175686811226 0.09308845846828256 0.5812426540942581 0.012574149019328096
17 153 0.6696284845836317 0 0 0.02212936790502104 0.02330635749151278 0.03438941896977355 0.7166367391891508 0.10940539769097717 0.6179385420644756 0.013232332141198648
17 153 0.47412012052713537 0 0 0.01582238060344967 0.016321364862588835 0.026069648410791166 0.5399923979700718 0.06920115409061833 0.43753925209955313 0.008276498762585975
17 153 0.784746966059137 0 0 0.027117375288397836 0.03535097460229545 0.049677215015184205 0.6824566814748397 0.11348103861448768 0.802880929620772 0.014853970429306727
17 153 0.7220366342288944 0 0 0.025119535650388575 0.03244151918400045 0.04565653456097942 0.6360798305385823 0.10442113996348293 0.6812928433435683 0.013738945591313003
17 153 0.7847469660591375 0 0 0.027117375288397527 0.03535097460229597 0.04967721501518383 0.6824566814748314 0.11348103861448855 0.8028809296207672 0.01485397042930684
17 153 0.5417071414878819 0 0 0.018332869322614957 0.018310574878927535 0.03133233591166844 0.5776660292830283 0.08250838838819058 0.48802306783452515 0.009730960075396002
18 162 0.5132494855279776 0 0 0.017447945506459783 0.01721567447076762 0.028562879232542814 0.5141820841921814 0.07617747314210496 0.46327045627100244 0.009388772878764232
17 153 0.6696284845836322 0 0 0.022129367905020982 0.02330635749151299 0.034389418969773634 0.7166367391891508 0.10940539769097685 0.6179385420644767 0.013232332141198644
18 162 0.686872375738984 0 0 0.022645088751177 0.024043875174417164 0.03376432701656101 0.7208850970600789 0.1113435034956259 0.6299695373819386 0.013766056846621464
18 162 0.43954861527171774 0 0 0.014679195355553464 0.014435860785780609 0.0230972916365584 0.4908312063200359 0.06342858124535213 0.420024012282936 0.007559360590508336
18 162 0.8063271629143438 0 0 0.027549461584440577 0.03575916238894121 0.04816793430617437 0.7298047594548657 0.1181279422044723 0.8893904061496831 0.014756258132647273
18 162 0.6976467045659195 0 0 0.024239292031616243 0.030809881758133827 0.04407471382017533 0.5800812502691023 0.10134232396835234 0.6500664699267953 0.013555104858044854
18 162 0.8063271629143443 0 0 0.027549461584440313 0.03575916238894176 0.04816793430617377 0.7298047594548562 0.11812794220447297 0.8893904061496788 0.014756258132647393
18 162 0.5132494855279764 0 0 0.01744794550645976 0.01721567447076743 0.02856287923254304 0.5141820841921795 0.07617747314210475 0.4632704562710039 0.009388772878764174
19 171 0.4462517039881977 0 0 0.015092281543211756 0.015070801468238137 0.023607906153411233 0.43706724631628135 0.06341228004857677 0.3899608586726509 0.00802925427922287
18 162 0.6868723757389841 0 0 0.02264508875117692 0.02404387517441736 0.03376432701656104 0.7208850970600785 0.11134350349562554 0.6299695373819393 0.01376605684662145
19 171 0.6095942569692013 0 0 0.020790940408302053 0.020159046492101425 0.029565717304199154 0.5908496079900057 0.09942101645630526 0.5604513538526146 0.012027267622530596
19 171 0.41719641308960514 0 0 0.014018389911476204 0.013363452506311818 0.02141390814130516 0.4579091011213619 0.05922487702102819 0.39902804033294625 0.007203792756834834
19 171 0.7562989328256247 0 0 0.02572699274318271 0.03232812629388537 0.04485996041122004 0.6858889219952987 0.1070947588946185 0.8008228729810475 0.013794493782552795
19 171 0.6330660002572158 0 0 0.021291937060742696 0.027852056318435216 0.040534002955428965 0.5259554605089662 0.09137287851973115 0.5493439670596008 0.01243343893523725
19 171 0.44625170398819647 0 0 0.015102436420960416 0.015065504891406947 0.023573406229145798 0.43606871357231264 0.0638043001291842 0.3904129636744756 0.008021502787019836
19 171 0.756298932825625 0 0 0.0257269927431825 0.03232812629388585 0.04485996041121945 0.6858889219952897 0.10709475889461909 0.8008228729810436 0.013794493782552895
20 180 0.3979172266898888 0 0 0.013370093987473443 0.013410628043522915 0.02060048071680148 0.3835249817988985 0.05677422191669724 0.36539573889852067 0.006627678543074311
19 171 0.6095942569692018 0 0 0.020790940408302008 0.020159046492101585 0.029565717304199234 0.5908496079900077 0.0994210164563051 0.5604513538526151 0.012027267622530589
20 180 0.6288452047982597 0 0 0.022027445570056398 0.02120456941998992 0.029862107200772335 0.5640842804716159 0.10612768027639448 0.5784065554893214 0.012777500303435517
20 180 0.3680454636514148 0 0 0.012065103921549664 0.011556084241486015 0.018311945060853613 0.38669421060845066 0.052265170384780894 0.3447998197512573 0.006489982572335542
20 180 0.719278034054585 0 0 0.024151118989517394 0.03060551861954297 0.043050304378602244 0.6069471539942828 0.10405008530839947 0.7553111445833816 0.01297304407209059
20 180 0.6254733855267889 0 0 0.01998319344239934 0.027073018997934423 0.040322357286978874 0.525210357362548 0.08488380874315522 0.5789697564990888 0.012072432330167795
20 180 0.7192780340545852 0 0 0.024151118989517183 0.030605518619543408 0.0430503043786016 0.6069471539942735 0.10405008530839996 0.7553111445833782 0.012973044072090694
20 180 0.38921686877204986 0 0 0.01290885018743883 0.013419982968795884 0.019919442981297823 0.3627437346540233 0.05583562614781744 0.33044381308591375 0.007046245740335462
21 189 0.38222001066991446 0 0 0.013025906570705487 0.012739183389782586 0.018385591164069338 0.36072547891981105 0.054480836209922695 0.3525817863643699 0.006406855705997658
20 180 0.6288452047982601 0 0 0.0220274455700563 0.021204569419990115 0.029862107200772408 0.5640842804716188 0.10612768027639422 0.5784065554893228 0.012777500303435498
21 189 0.6161989629142487 0 0 0.020819280484469616 0.020608093924541108 0.028485828417485416 0.5231009823702262 0.10266080540168562 0.5682213546214654 0.012991762147082092
21 189 0.3555245325548519 0 0 0.011414419659242248 0.01155143236066329 0.017500913595065917 0.3643735123550574 0.0489940563822391 0.33107082908641433 0.006241809718113068
21 189 0.7096760411803864 0 0 0.023751794470099036 0.029223189211505164 0.04065455853377684 0.5772995189069423 0.10572668406441031 0.76257461630791 0.013033338839915021
21 189 0.6836512559374393 0 0 0.02250060008544605 0.028557038213632913 0.0426743991431262 0.586185833309231 0.09143135683992659 0.673188612703976 0.013534224234797183
21 189 0.33993371967360697 0 0 0.011293733464112329 0.011353162181582305 0.0167943266899677 0.3067991806851317 0.048828841315356405 0.284566028064025 0.006238930288102667
21 189 0.6915969523407234 0 0 0.023125044398105928 0.028193972626900408 0.03962506146454101 0.5616805542224913 0.10306883263580313 0.7416096195728723 0.012697471234803144
22 198 0.38282214554960003 0 0 0.013092371947483082 0.012712721330840837 0.017683727333464325 0.3495338839227813 0.05773157820495862 0.3344321355022068 0.006414894578998755
21 189 0.6161989629142494 0 0 0.020819280484469547 0.02060809392454129 0.028485828417485516 0.5231009823702283 0.10266080540168539 0.5682213546214672 0.012991762147082076
22 198 0.5988831896124003 0 0 0.020334840825612533 0.01963840494073966 0.026467827253224368 0.5167974788804761 0.09898863860909138 0.5340194954481874 0.012612420378091628
22 198 0.6031375257301091 0 0 0.0208228453315364 0.024182115257146794 0.031070271726594795 0.49660880149924225 0.08780800406005092 0.6142412883624138 0.011120202636162684
22 198 0.33803213620056777 0 0 0.010873892117641214 0.010935022831512892 0.015650604286038285 0.3332739651669274 0.04507038126407707 0.31893798686923 0.0059162836634518295
22 198 0.6842005050827218 0 0 0.022630212612638333 0.028657052542974692 0.042272460153650354 0.5502193654397822 0.09094234720078806 0.6934449329845888 0.013379674486776051
22 198 0.32246420925546754 0 0 0.010318463166473937 0.010643382418448628 0.015072602050676023 0.3079627532350998 0.045823120588609365 0.26291415504107607 0.005943621479192237
22 198 0.5844043387297414 0 0 0.019765516973944908 0.023135234638020696 0.030255845842927395 0.4823730769480356 0.08526758494669408 0.593333563558567 0.010793605798178833
22 198 0.5895345278805828 0 0 0.01987519697865903 0.019479428963707444 0.02604855756123825 0.49929019099062794 0.09772050653966542 0.5258300145102767 0.012414614691080371
23 207 0.3447734299466368 0 0 0.01136837922729985 0.011097315518836632 0.015696178941147127 0.3156639755511088 0.04985048028153187 0.29456921926648916 0.005798428610128691
23 207 0.5574717398078183 0 0 0.017758037745930384 0.017796954828019962 0.024830974889682268 0.4745649155746308 0.09007007007710353 0.4947398410838687 0.011831499108557167
23 207 0.5572388512417581 0 0 0.018382745805122447 0.020850030432053808 0.029337567785751074 0.454095783214405 0.0794289880420604 0.5552172293040218 0.010369116643996664
23 207 0.3188821166243458 0 0 0.009642147136776094 0.010229304625499895 0.014617200770625978 0.30361323478459123 0.0422729726190959 0.293391577938605 0.005639349458707939
23 207 0.6851377075581376 0 0 0.021830147661819666 0.02804840630291939 0.04194693280228178 0.5459234333495143 0.09082175596893764 0.7219496020081485 0.013254099990434419
23 207 0.27431122172513583 0 0 0.008121358790425958 0.008579745434328032 0.012601169734393004 0.2541602519966424 0.03851943182546832 0.22267906352714353 0.004948239022022924
23 207 0.49362675508958326 0 0 0.016238273977436338 0.018241018559156646 0.02532784908629106 0.40538136164335475 0.06916899275304614 0.4930467834256025 0.009098541241115948
23 207 0.5466462535902735 0 0 0.017931310425935876 0.01756454311919242 0.02432426403146889 0.45932349707516035 0.08913338718312193 0.4742942787917716 0.01156392938814784
24 216 0.32919387341494655 0 0 0.01110982039321469 0.010660855835450025 0.014013488121405874 0.29371621165199546 0.04596957281873587 0.2891528049026042 0.0053683979492992655
24 216 0.5236573443310291 0 0 0.017270439585760456 0.016108765871381624 0.021414581568844213 0.4407897725822709 0.08458755798382792 0.4748435850742919 0.011326958746294451
24 216 0.4709612249993165 0 0 0.015496296027613717 0.016707232836714186 0.02355404214878821 0.3763159352453083 0.0650495466163051 0.457634612581775 0.008363825563074129
24 216 0.6338199568976929 0 0 0.02009282992365715 0.02579085752821335 0.03712346205380832 0.5081230129173883 0.08341757514563093 0.6628311554652416 0.01168709680258736
24 216 0.27102561824488686 0 0 0.008242057954622423 0.008543655911792644 0.012303829179841538 0.25071113498944064 0.03569294257572757 0.23588756293252278 0.004534039596607479
24 216 0.47994513527661137 0 0 0.015612849796756758 0.01740209750499769 0.024161719012599215 0.38109333553714675 0.06700591860633424 0.4772793118143445 0.009077711849023291
24 216 0.26495743237044683 0 0 0.007938738759631837 0.008116373079308719 0.0118834377257011 0.2382523324065974 0.03611769420213106 0.21397685915949852 0.005248201261363689
24 216 0.5046364146568533 0 0 0.016193029872403095 0.015568609631907092 0.02222526681768624 0.4246834477158489 0.08175303767936738 0.43251547633883053 0.01026131034627024
25 225 0.32619522000371504 0 0 0.010500731277592556 0.010995999205283278 0.01281787107788219 0.29303371575398224 0.046055144550222867 0.2891245223279946 0.005461627330217643
25 225 0.49384394242071483 0 0 0.01584268215055697 0.013843038359387577 0.019660392246009673 0.4118981881246568 0.08004006849930007 0.4652977487355203 0.010337988985431186
25 225 0.44801674861389923 0 0 0.014372088074623483 0.01601542535864369 0.021780597958077182 0.3498370736790228 0.05987144115109325 0.4190740193293824 0.00839033715662393
25 225 0.24813128259340794 0 0 0.007462108887975026 0.007599677263672671 0.010646797625112146 0.22804623049475561 0.03285069885229359 0.2030441547050447 0.0041509941073482135
25 225 0.6197401559521882 0 0 0.018701253910050897 0.02532636847513979 0.03418223946459934 0.48296009417178587 0.08018885455962187 0.6403829851834923 0.011872780568235491
25 225 0.5066363952660123 0 0 0.016390203008905535 0.018870522420633397 0.02527285857016717 0.4144342314394487 0.07041268191887333 0.49769659499311525 0.00950997200983653
25 225 0.24990278067325622 0 0 0.007422359144832209 0.007490458362407819 0.010996809924107153 0.21987449179782745 0.0339142046431728 0.20161514209880213 0.00492116707969098
26 234 0.28320329774245373 0 0 0.00884321905726161 0.009396817718178085 0.01098120383884515 0.24014940823525419 0.03984937091693603 0.24970484633467332 0.00468236990952126
25 225 0.5038423143849456 0 0 0.015668437357619275 0.015816865043996785 0.021222212907713766 0.42550473336237987 0.07718183867043514 0.44181864493208334 0.009946688508547187
26 234 0.438088259196994 0 0 0.013975475435173232 0.012142716415051309 0.01725818312526384 0.3453959099274016 0.06866802212674632 0.42290450855494277 0.009172706101664574
26 234 0.45527411809042706 0 0 0.01500691275705442 0.016535556347077592 0.021033481946641692 0.36436150708926657 0.06064477886295936 0.4296502770070335 0.008302446002367556
26 234 0.6267260396714872 0 0 0.0191350372063081 0.024834579831703292 0.03284033062452014 0.48700836418737053 0.07971939567989343 0.6265684475610013 0.012778734385972122
26 234 0.2232248817147912 0 0 0.0066645716854484335 0.006797442290872349 0.009316004833503764 0.19272229899067223 0.028705335152379774 0.182976799872352 0.0037559011635713677
26 234 0.5158631303934571 0 0 0.01724609696243934 0.019437095825069032 0.023776922714492124 0.4255031307242774 0.07224824578421253 0.5064831626553682 0.009292896400740018
26 234 0.24973258331031908 0 0 0.007835478962083935 0.00756443864530498 0.010078862343171202 0.22445249350097038 0.034177032189040356 0.2081996903302246 0.004822679243457705
27 243 0.2672885060561147 0 0 0.008262413253858108 0.009227038752327625 0.009616948242465971 0.22712543495456303 0.037423351241248994 0.22473162977882713 0.00434575100379331
26 234 0.4763217799338399 0 0 0.014934907468083054 0.014949043358209011 0.019641460333061835 0.3980999257844227 0.07331328080038015 0.4140192734832103 0.009165300653750815
27 243 0.39960224307644204 0 0 0.012281482412661202 0.01101032770176539 0.014769963255490024 0.3127956330577234 0.060304559789184024 0.38353959989894526 0.008168056602260982
27 243 0.45440920381878985 0 0 0.01580828704062229 0.016748474607672745 0.019461731139971104 0.35416994966922943 0.05924872376238543 0.41708855246775167 0.008004532150680893
27 243 0.620992784450283 0 0 0.018130586424605313 0.024604499165263062 0.030833272068124216 0.4795685238036487 0.07325956757171231 0.607644177263888 0.013235895583838251
27 243 0.21908011855790563 0 0 0.00706022393933644 0.00629776348916566 0.008898879443123783 0.18728626792834974 0.028302923874979753 0.18416487229357045 0.003496085126000923
27 243 0.463660142349273 0 0 0.015319032270430848 0.017245330660484882 0.019973065620317088 0.3755248968516781 0.06607657197760594 0.4487333729552627 0.008046808470928021
27 243 0.2205812741947951 0 0 0.006741584531849454 0.006136072825083492 0.00886055670753731 0.19949052174307025 0.03016454631324852 0.1830461447680155 0.004246817026360216
28 252 0.2603017449600084 0 0 0.007933750679284703 0.008871702524617569 0.009044034583016313 0.22445340159527033 0.036009037168181914 0.2144725534651819 0.004191215359074785
27 243 0.4255622991382819 0 0 0.013392748633611172 0.013042232254439859 0.01686309679503892 0.3417468201782346 0.06351028976257345 0.3655184884941274 0.00805013061376385
28 252 0.4311127387886669 0 0 0.013127307707488867 0.011181026761006026 0.015505333170458041 0.33643907148083285 0.0754077156556202 0.4260920258107065 0.008768060545497764
28 252 0.39673312916487447 0 0 0.013401081690248725 0.014490105879656105 0.01656127587377432 0.30000741341786513 0.05142025074859604 0.3596349439776341 0.007012467131532712
28 252 0.6400992629908214 0 0 0.019801499411473276 0.024987747523972727 0.02998738253463283 0.5009237498183958 0.07500282454474613 0.6344351552039591 0.013854742908060243
28 252 0.22156257322741485 0 0 0.007067741580201175 0.006621027819611949 0.008454229481782228 0.18588083188665128 0.028566557495910447 0.1995061195080377 0.003616963637778361
28 252 0.23869834950781102 0 0 0.007323269204020662 0.007024508172556162 0.008497569627506214 0.21575061674050006 0.03467394727230891 0.2031159186580697 0.0045061650887221
28 252 0.4452980960560813 0 0 0.014771719792193043 0.01675695103029017 0.017793294578079495 0.3370996859489041 0.06512527602166986 0.42930741199183126 0.0081418813143878
29 261 0.441153506023459 0 0 0.012774315979012138 0.011150674944297648 0.015287199789265632 0.34574183360800453 0.08093497769833599 0.42904508556643645 0.00914127711410555
28 252 0.37174961990110456 0 0 0.011631446636442683 0.011254596443353334 0.01444877014740201 0.2834207026555811 0.053502288085146496 0.32102706031892775 0.006987122711973633
29 261 0.25014173840880505 0 0 0.007579839461761624 0.008120508091114333 0.008278782462260248 0.21597351124392278 0.035994579758349875 0.2041769002227025 0.003980043335899519
29 261 0.37419049655804565 0 0 0.012067497557100874 0.013630304665109763 0.015485377045160509 0.28753517020417935 0.048542958655776534 0.3333768146510896 0.006923668088905781
29 261 0.615025332368313 0 0 0.01841286886583479 0.02419152353138867 0.028384357708866072 0.48236582296288066 0.07076925086083286 0.58936436442997 0.01351831508939322
29 261 0.23036715720082745 0 0 0.006960310128377308 0.007214702038730262 0.008696886069007165 0.19270562796033838 0.02978740593237967 0.21336257511420748 0.0037177234880388667
29 261 0.24497009196025063 0 0 0.007331860376625768 0.007010399711678838 0.008387459035140599 0.21817750219044565 0.03631101713263769 0.21696800786126036 0.00455929008051071
29 261 0.4279167109362768 0 0 0.014075730480633241 0.015715767905291722 0.0166434600049403 0.32637787939771395 0.06311279019428273 0.40793076150913654 0.007752125594502155
30 270 0.45268932781974924 0 0 0.013393159789862394 0.011296172258955826 0.015011870889479743 0.35051990673023403 0.08436053089842518 0.44413177455311426 0.009066111403744023
29 261 0.3684504416227477 0 0 0.011295105172994575 0.011020206643350097 0.014233409300103283 0.2735208372754746 0.05271090074595701 0.3285643458301199 0.006710738881635692
30 270 0.22074787364526718 0 0 0.006631971385134943 0.0072259643140261745 0.006942154559809656 0.18579319324188648 0.029293830718515223 0.18172326205745343 0.003382980499625269
30 270 0.385758209836886 0 0 0.012371591587640765 0.013735143736922976 0.015038507874360911 0.29243055120330586 0.05174879506295866 0.3567991982096635 0.007327753910245111
30 270 0.6353919948504061 0 0 0.01875646995124331 0.025290068350515157 0.028118188781048485 0.49505569949525696 0.07361192033558576 0.5842091653608076 0.014504480781967127
30 270 0.21964894768306517 0 0 0.006614187043398379 0.006537710963695733 0.007725704317500918 0.18617354011261295 0.02776207798341452 0.20635571945828562 0.0036244944369875874
30 270 0.22941348616364074 0 0 0.006906611262888959 0.006620034228187959 0.0071698887948289805 0.19766295871672776 0.034033009604235887 0.20350620769806568 0.004118545922129395
30 270 0.43595199204884993 0 0 0.013783802866272536 0.015586991237898942 0.01627507974364389 0.329276083071115 0.06556590036451919 0.4446128728665252 0.007858821729189606
30 270 0.34009288132681387 0 0 0.01008145041620043 0.010038578518902698 0.012939237804270922 0.24974953541512995 0.04944784517891732 0.30414092750913024 0.006009078992225999
31 279 0.2072500775232561 0 0 0.006350528318736191 0.006757110377162606 0.0064355318493208935 0.17254107788401438 0.027409501453328693 0.17482405739287118 0.0031813811931820216
31 279 0.45551842957049044 0 0 0.01373679361636429 0.011450880536763535 0.01437421196520525 0.3525036988626398 0.08869633937297156 0.47343587439618884 0.009078140395719641
31 279 0.4016499724788928 0 0 0.01300451666358232 0.013864554575881005 0.015523049831024583 0.3230665462569016 0.05247255389868757 0.3930599696537056 0.007807948673719898
31 279 0.7063323150772117 0 0 0.02165404219594612 0.03140097379434302 0.029040142703935182 0.5509432202911565 0.08151239119452885 0.6361372205749021 0.016196962244124438
31 279 0.22027079938108493 0 0 0.00656589481470003 0.006614517646119891 0.007694172962946662 0.19272258894367505 0.026448657493296626 0.21238529884506913 0.0035566620754416594
31 279 0.2365457127969127 0 0 0.007173281849725706 0.006805471220949412 0.006847691574344812 0.20547122816879482 0.0362612814416977 0.22683860148335833 0.004238436670152588
31 279 0.40465614061031846 0 0 0.012502233789057739 0.014391349660184818 0.014123368796826234 0.30594128761794037 0.06131858963276709 0.4103703226724929 0.0073212441899606386
32 288 0.45927669384295833 0 0 0.013966269569765126 0.01161247305587713 0.013721196228527365 0.3510058636857925 0.08743289036253277 0.4615854714573924 0.009528397804614605
32 288 0.1885682083989642 0 0 0.005732298601912017 0.005908338625029568 0.005689803135515241 0.15659742056143133 0.024826866973595974 0.14984554591190127 0.0028536002166791898
31 279 0.320613583244005 0 0 0.00955914915492801 0.009408370052939947 0.011502266301906872 0.23749443598064598 0.04501523544804541 0.28475885043970095 0.00579394713025788
32 288 0.4177153227650302 0 0 0.01379604113285925 0.015042991622931177 0.01558138931471343 0.3462950535748203 0.05316673523273773 0.4140923554828188 0.0077827980892723435
32 288 0.8397824168007227 0 0 0.027333917188119998 0.03731955878170996 0.030810333644723954 0.6441903439842002 0.11229361937607409 0.727255292793394 0.019142667731257248
32 288 0.2362797640218755 0 0 0.007288104672890921 0.006657901119511114 0.006357947531241585 0.20293764302997364 0.03689192866225351 0.22854230507837442 0.004125125460660304
32 288 0.2154524976745076 0 0 0.006382675389970962 0.00634450523221095 0.007198051986585077 0.1886837750588153 0.02561380349025502 0.20713980279782046 0.003479043113373361
32 288 0.3902725885067567 0 0 0.012055331239448455 0.013429668367301584 0.013379687486146444 0.28877270295639507 0.059455452113673556 0.38905349730635935 0.00703358544369729
33 297 0.44029992281975916 0 0 0.013517296473223172 0.011214261470663147 0.012499626694049018 0.3232146411682724 0.08419781550500642 0.4436759854187102 0.009117017472944404
33 297 0.17540241065102055 0 0 0.005178806265865947 0.005613204567938531 0.005132337076567811 0.14361009145335907 0.023091272348207553 0.13923071325165015 0.0025764786544110346
32 288 0.29226699068871326 0 0 0.008357473059785134 0.008527858782674595 0.010284473636321253 0.22128429137202693 0.04042498742771199 0.2592848458576695 0.005257629206163502
33 297 0.48438729505936695 0 0 0.014822171513596391 0.017107977115793975 0.01780037178766457 0.4060575930704786 0.06161772916918387 0.5000732239290647 0.009900428479570593
33 297 0.8022802346373694 0 0 0.026117856685458924 0.03565053307127664 0.027769791544439003 0.5860673508691782 0.10814444775474508 0.7033458441800202 0.017911416552980536
33 297 0.22895248427510562 0 0 0.006957321521208819 0.006448966614536224 0.005979656816009652 0.18767707719265941 0.03558457047271405 0.22127556741540524 0.0038473362154320214
33 297 0.3665342937598196 0 0 0.011405023003922266 0.01307664677419619 0.01231703761434408 0.2526444030336721 0.05720884192478002 0.3692787941645627 0.00664205553398843
33 297 0.22070240832667987 0 0 0.006381255237908857 0.006827124480223404 0.00739409056668775 0.1931642419479467 0.02671635891364199 0.21358541940810455 0.00356648944937924
34 306 0.4113824079146688 0 0 0.012472319018178291 0.01022042102117304 0.011157471426744692 0.2899552082677478 0.07688480016550064 0.40943936210111803 0.00870191374851083
34 306 0.14582456296377785 0 0 0.00406300746485894 0.00476032022489836 0.004036194135791795 0.11676070197772845 0.019087011220995227 0.11392854991436539 0.002144180936236305
33 297 0.2799285243193432 0 0 0.007746616790069827 0.008050779892487063 0.009861977520606344 0.19508820610276736 0.03890224533331202 0.2485747189002713 0.00533260955239118
34 306 0.4854832377296064 0 0 0.014443900149801507 0.016712253948001785 0.017380925927015473 0.3979925803739857 0.06292137263769246 0.5028517041205153 0.009910360302375718
34 306 0.7714063325123884 0 0 0.02488000898023904 0.03349525694657347 0.025032950836544225 0.5371546541655893 0.10795262601583265 0.6718233819094762 0.017260549387656015
34 306 0.23268155948115501 0 0 0.007640116428678446 0.006466571962146803 0.005721930906850099 0.18399441322596805 0.03630089352700079 0.22199978100443551 0.004100304650876879
34 306 0.3482302558082319 0 0 0.011160954979589252 0.012527620360239574 0.011104842551163051 0.23068909138147733 0.0524865569043745 0.3442169558247386 0.006417645986461752
34 306 0.21668248475195337 0 0 0.0061522452728095854 0.007093178295739039 0.006464296492399113 0.18760485140878652 0.026310155006627544 0.211387355545664 0.003390645435590964
35 315 0.3588199942742379 0 0 0.010870743247510136 0.008891342824136787 0.009522389657988134 0.23992163444252265 0.06850430896196325 0.35646195403002373 0.007387656752708678
35 315 0.13465423760524847 0 0 0.003754720177251886 0.004339866329563845 0.003705008413348473 0.10105136336184704 0.017108180118653508 0.10637868862603808 0.0019546507712092584
34 306 0.25154989312916465 0 0 0.00679940813934246 0.007276844214649082 0.008248473827941628 0.17503686188763132 0.03517434872799973 0.21603610261252773 0.0048720048942357515
35 315 0.4177268897839947 0 0 0.012837634621329525 0.014378826758675552 0.01476327261499603 0.3181161651998689 0.05278344434274823 0.4391188147971885 0.008282008799998552
35 315 0.7546477762428973 0 0 0.02508489109520809 0.03343847428232442 0.024205595601448863 0.49493286012930976 0.10376547824189443 0.6349948927681323 0.017019212617935892
35 315 0.21456186766298277 0 0 0.007110856914477472 0.0059624285745231605 0.005102663636519841 0.16811288382914713 0.032558118724304655 0.1994126848458934 0.0038615290585161375
35 315 0.30300203613131094 0 0 0.009680468864934743 0.010631959404393073 0.009373511882454793 0.1960816565019603 0.04489538135451496 0.2939106349158995 0.005496099978767539
35 315 0.18429313501075484 0 0 0.0051715537198998235 0.005984733410085826 0.005143128263571028 0.15081596435398253 0.022190214789849196 0.17259404802378472 0.002884718781149531
36 324 0.3339176222005703 0 0 0.009680774028308647 0.008283544878250355 0.008804935123722787 0.2300890421877638 0.06450593719344463 0.3237147793045111 0.006746460165171714
35 315 0.2504724205345941 0 0 0.006586336703324133 0.007358858253948128 0.007884187320024346 0.17102544807480094 0.03411730828460395 0.2081903929797064 0.005019786205692892
36 324 0.11987797728220509 0 0 0.003312185008774874 0.003808553108636006 0.0032600579125409814 0.08683440698724326 0.015166941482918266 0.09527650071549866 0.0017469108128284818
36 324 0.41601672063607353 0 0 0.013281807491193875 0.01414297696962889 0.014741585441357114 0.2876533075479802 0.05530572439959648 0.4309480052933584 0.00823178520157532
36 324 0.7069744574492058 0 0 0.023779149068525084 0.030827997690307075 0.022360414022965524 0.4564655295343369 0.09500457392720955 0.5834118966722228 0.016044893604792883
36 324 0.28099969472635816 0 0 0.009009499043114962 0.00983451076588678 0.008926806498332808 0.15815847288360724 0.041252304525381006 0.2750489694950592 0.005127969496256595
36 324 0.2158057382615396 0 0 0.007445740252701206 0.006319032938193734 0.004958076313127516 0.16619407834166683 0.03280074624733456 0.1990864714996484 0.00398070651769592
36 324 0.19756472716680282 0 0 0.0053641220598629295 0.006328153921038769 0.005648596283241715 0.15285135007461767 0.025696862650663205 0.18670016067614215 0.0030913700767406624
37 333 0.30540774318157077 0 0 0.008645083063620804 0.007140427797786622 0.0073710455195412 0.21258097772169987 0.05867771295203118 0.29451393838121265 0.006131498497690935
36 324 0.2591080287126435 0 0 0.00670479193049643 0.007700528194494515 0.00780198831130736 0.17529895915751528 0.035615706655425995 0.21473201805456488 0.005158949024633846
37 333 0.11893058779845514 0 0 0.0031934760461896903 0.0040088768167134085 0.0030710758269632556 0.08517774822318099 0.015163505225640226 0.0910066667377133 0.0017322767628149079
37 333 0.40223332138536083 0 0 0.012887610121391715 0.012993883310245105 0.013721354225380357 0.28030576992963474 0.05483686835206904 0.40047090387798906 0.008007623061216482
37 333 0.7279731953366235 0 0 0.022550942105017034 0.0315879586574689 0.02215581199321512 0.46820681248633317 0.09697433212673186 0.6166682670977215 0.017648153651084398
37 333 0.26799188857763306 0 0 0.008253466700620576 0.009156423531015308 0.008371547504421305 0.15095065399701932 0.038038332332646585 0.26447976690333347 0.004935848749415408
37 333 0.211704082385 0 0 0.007283781161738681 0.006286804284571622 0.004612610035885733 0.1627218457133524 0.032741707938469373 0.19258085260007915 0.003928131966805396
37 333 0.18871796247286557 0 0 0.005124899710754618 0.005977834721841901 0.005247052955454098 0.140353951247103 0.02443603765922341 0.17827858273276165 0.0029818377726001984
37 333 0.2544820756396796 0 0 0.006538631558828739 0.007408854737901927 0.007159934637464068 0.1717763612981047 0.035844023501536405 0.22113583008545573 0.004948772620304572
38 342 0.3278776118909722 0 0 0.008975471957430443 0.007783847910718488 0.007688626457230093 0.2243474763186277 0.06409901246437141 0.31496513790225655 0.006945685512624341
38 342 0.12090711544901964 0 0 0.003217168306093935 0.0038604173508726266 0.003183698450771721 0.08637232212047177 0.0148609035818401 0.09403940004301127 0.001768884791281775
38 342 0.3779096736774329 0 0 0.012069366804358765 0.012288121546580906 0.011670588982354225 0.2615384190472729 0.05317726339509799 0.37521747608746975 0.006939778331757698
38 342 0.675356583986058 0 0 0.02016597243550193 0.02893679280738964 0.019521450819928322 0.42257177636179244 0.09127158426962471 0.5637633656144022 0.016663089887359064
38 342 0.20166177246097833 0 0 0.006875114054465331 0.006031048309100033 0.004055661119063215 0.1529802222040386 0.031391502963964715 0.17903135730948225 0.003702664927341967
38 342 0.2669060337957408 0 0 0.008118674228929796 0.009061427258620915 0.008137503537877669 0.14810673390541165 0.038623026434358235 0.2662060583466993 0.0049872217292355366
38 342 0.20410211823316632 0 0 0.005375984867375134 0.0065165142130720125 0.005407413453882528 0.15235742013377826 0.0287280498674408 0.1931529981697479 0.003171877648211646
38 342 0.2289372615165211 0 0 0.005935364094437679 0.006615159721495363 0.006106008735347162 0.1473398660663906 0.03181502431267688 0.20215653335164752 0.004458622850473179
39 351 0.3129304696913196 0 0 0.008705933514157186 0.007386719167613404 0.006688865209949876 0.20010876948075687 0.060918069845104776 0.29711979554291346 0.006902434353072537
39 351 0.350069095688227 0 0 0.0108510417014361 0.011155074626073694 0.00953201273483537 0.2360934849734441 0.049013244846567314 0.349488389039762 0.0068819931452313975
39 351 0.10805415872049921 0 0 0.0028653361639233827 0.003510522280695154 0.0025471580683114003 0.07530457481089975 0.012945535633252398 0.08388691160641992 0.0015657215906716897
39 351 0.6268891392713509 0 0 0.018232113397120987 0.0268636250008016 0.017465096002399042 0.38998136972949476 0.08240655947787999 0.5179803118325351 0.015453855365798049
39 351 0.1936158294523022 0 0 0.00647006262820872 0.00585245534472739 0.003556356204301234 0.1460909887699248 0.030924435648440832 0.1768451161782666 0.003530555312105731
39 351 0.262082288768203 0 0 0.008170497442163936 0.009304593965135263 0.007740763970369363 0.13960077492211156 0.037955227066090245 0.26518595015678237 0.004817752631383912
39 351 0.21644510920537827 0 0 0.005692064833997005 0.007013986901302785 0.0051322147895053296 0.1588295535754838 0.033315418953744 0.20929900058438944 0.003438406553148354
39 351 0.20365376974315172 0 0 0.005344300004433058 0.005856630580869296 0.004775285002346558 0.1309685440904796 0.02795684676766698 0.17916712880167532 0.003990529959814512
40 360 0.28667480010537655 0 0 0.007983629355167539 0.006752821890436169 0.0059259119390648535 0.18163024763505248 0.05659633744680416 0.26525505263471943 0.006390082395758149
40 360 0.31535171411885315 0 0 0.009987960892670383 0.010012131668105863 0.007854850737588851 0.21019026398430377 0.04477877362988351 0.30876311660232586 0.0062667949266148205
40 360 0.11218131436965662 0 0 0.003101169896615408 0.003629504060017881 0.0026103052565898425 0.07941717381608733 0.013093986225542408 0.08737444671984272 0.0016440605633436353
40 360 0.6208304885434341 0 0 0.01841266849702178 0.026581467088075364 0.01616433373282957 0.3795701924242723 0.08012274472418543 0.5098951215372256 0.015179054253463817
40 360 0.17128899948473703 0 0 0.005581559514009808 0.0050281072680080086 0.0031215978098243793 0.1260647713038314 0.027557489357648488 0.15383632578348078 0.0030460823619961937
40 360 0.2026761186907502 0 0 0.0052689751161182465 0.0065597461595829 0.0046671381425604785 0.14621046253983114 0.03164939677794344 0.19172033746283812 0.0032781518769214894
40 360 0.2631950842527308 0 0 0.007942428858915747 0.00930971024811096 0.00742358780805608 0.14186646447194312 0.03738580718597272 0.26873635395694423 0.004988420687817713
40 360 0.18074549004529436 0 0 0.004779608098574168 0.005036714988461912 0.0040266106126680265 0.11221954155506217 0.02451901378846069 0.15459531601626716 0.0036002066731761367
41 369 0.254775824384319 0 0 0.007015412061222928 0.005997540292774653 0.005104816645127966 0.15996297301744133 0.05086159203623129 0.22527109918214094 0.00579830013956063
41 369 0.6047513579635676 0 0 0.018045636323362303 0.025111953358260847 0.015663208407989133 0.3615433104486285 0.07649798899417391 0.4869363277399565 0.014238155154103727
41 369 0.2749157924346308 0 0 0.008560654569088291 0.008618496435207497 0.006698289011079015 0.1830307348728459 0.038539508565354375 0.26352982806635505 0.0052038823167395035
41 369 0.107154589851023 0 0 0.002958946529708626 0.0033411024762015837 0.0024394803593375033 0.07543821498865387 0.013307775692569626 0.08248771331235194 0.0015557406455896602
41 369 0.16666112957575385 0 0 0.0055743176276763584 0.005031545644029196 0.00296974226806292 0.11997947045723799 0.02609224906213399 0.14219070209975432 0.003072276668864102
41 369 0.18795144965130203 0 0 0.004937393281627511 0.005785321992704766 0.00417502240539557 0.13795978681878748 0.02822684332655718 0.17533442679553032 0.0029523614133962453
41 369 0.3388038931114131 0 0 0.010257984328780891 0.011867397714215387 0.00944134018464799 0.1824655518211643 0.04823978025266848 0.34930230292565867 0.006373955904127119
41 369 0.17681427785998768 0 0 0.004670912279524465 0.0050029891948933265 0.003880776476563791 0.11139462233252373 0.02497103277931103 0.14460055564637367 0.0033737740504344005
42 378 0.23189314676511405 0 0 0.006212758843008595 0.00527749791256063 0.004460846777043903 0.1353194181255116 0.045847197993055415 0.19840637753411755 0.0055382617300578085
42 378 0.26080939438045153 0 0 0.007849914423905853 0.008141273128619517 0.006075857170340595 0.177707612505777 0.03469787522302901 0.25082698076063076 0.0049766494493055004
42 378 0.10023352731211595 0 0 0.002768535232894224 0.002976430546985727 0.0021156225706141923 0.07042428648715275 0.012480894250517011 0.07702646867964377 0.0014287248143048247
42 378 0.5348819974620986 0 0 0.01597740040308215 0.02219032763210434 0.013351661263869526 0.30018622108911514 0.06603984790155525 0.41846783649750924 0.0122258004344974
42 378 0.16832833583852472 0 0 0.005465179618747593 0.005194454024757316 0.002936864813341713 0.12339470226217063 0.026238211105205914 0.1440703068187517 0.0030366669297152713
42 378 0.17950889874638223 0 0 0.004693595394973158 0.005624052418328657 0.003510751885075136 0.12498091154466087 0.026391435223469078 0.16632655321909973 0.0029017086345734825
42 378 0.3588393683558147 0 0 0.010758390502458972 0.012288653548430584 0.009991330061027261 0.20037508522098155 0.05108607384228989 0.3671332284432596 0.0066847486394896695
42 378 0.15894002365690382 0 0 0.004237744097315107 0.004441565792831907 0.0033928353784206567 0.0951653683479324 0.02255414553912889 0.1288675722012777 0.002970766334700738
43 387 0.22227498410080757 0 0 0.005910175342784911 0.004878974966334349 0.004228543828088248 0.1298106756767124 0.04544421727137817 0.20265138224817067 0.005298865741470375
43 387 0.28482877932722506 0 0 0.00924660743058517 0.008813141625280001 0.006262909346761871 0.1937059524379216 0.037633254872530476 0.2733411764673116 0.006291798570625246
43 387 0.5117793463016975 0 0 0.015803512201639003 0.02056603717950502 0.012340045502863398 0.2826687802150005 0.06409740988882887 0.37597844418347937 0.01172003843227183
43 387 0.10831026313487714 0 0 0.003296534417956489 0.0031294173675072 0.002281760602332833 0.07519431395362446 0.013468453663186235 0.08197103832995488 0.00153408919220699
43 387 0.18157262660909843 0 0 0.006544289085172119 0.005717058288647024 0.0031325105496942326 0.13111950223379554 0.02764793577753045 0.15599182217903648 0.0035781171531545477
43 387 0.19188196396259052 0 0 0.005133515648323759 0.005687261563175561 0.0035595915544635115 0.13277653287863078 0.02806071809140508 0.18592163781401608 0.0031389642990817894
43 387 0.3596367571710206 0 0 0.010389503064593747 0.01212933422385718 0.009857231741748483 0.19589286677289122 0.050000297872264766 0.36642376067407395 0.006807928392990463
43 387 0.13894911559023485 0 0 0.0036286802498275606 0.003919797845291267 0.002746740849919362 0.08005233390815199 0.02008331298842343 0.11157842499735367 0.002630404364504681
44 396 0.2059107849619244 0 0 0.005195682601155154 0.004433280693484408 0.003803972521933122 0.11853471912234455 0.042670208048118954 0.1898227823566869 0.004840081782970509
44 396 0.29747873255970975 0 0 0.009624133041358856 0.009001592849321467 0.00668417564378578 0.1998269342293183 0.040103444367894966 0.2861169061708634 0.0064992981850622855
44 396 0.10602992997727992 0 0 0.003234579877387449 0.00303524595360926 0.0021884024179676617 0.07402597726994005 0.012227442210120319 0.08168518432036866 0.0014639015248512509
44 396 0.4634535536693482 0 0 0.014082341015684586 0.018662182648804735 0.010289007493751374 0.25224509492303016 0.05807826867103862 0.3423117499413892 0.010693604272735984
44 396 0.18814857271854038 0 0 0.006743979621841704 0.005980805570166069 0.0030818039459503148 0.12883224320845305 0.028716568849601904 0.16950516273635055 0.0037127335483143667
44 396 0.13147448814262003 0 0 0.0034511951531964423 0.0037031779497522814 0.0024930786221686674 0.0731144610068271 0.01921926788307692 0.10522188635364052 0.0025423278468747735
44 396 0.1898289534859569 0 0 0.005025637935936307 0.005507985470338919 0.0033006422516227286 0.12658806320382388 0.02904498059880159 0.19200555285457535 0.0031241085244354517
44 396 0.32708732431883664 0 0 0.009487493666858207 0.010818200995512053 0.008474968178128239 0.1696200307323907 0.045172459778822345 0.3300010761268081 0.006235470198999712
45 405 0.17969171421325614 0 0 0.004522128814836028 0.0038106651403640433 0.0032526421716067167 0.10228614357907749 0.036241831742042596 0.16331662633950778 0.004291367792690174
45 405 0.31127625386147756 0 0 0.010722109854036994 0.009203434912214703 0.006796369383063843 0.20284581579627256 0.04276245428920638 0.2970653246462642 0.007001297188972718
45 405 0.11300123890521097 0 0 0.003789525323852969 0.00317752953842396 0.0021515405418502157 0.08011329190000405 0.012622128937987772 0.08637217974926692 0.001693428358643548
45 405 0.500059064611673 0 0 0.014538314034480587 0.01906187773666312 0.010992623898706293 0.27198985359810235 0.06884847319540158 0.371651004568408 0.011634745872458973
45 405 0.1949783287297865 0 0 0.006946521297609982 0.006354713028509892 0.003061548627742115 0.1334909988837537 0.02979196094024691 0.18993794646425902 0.003773632807735619
45 405 0.1405776270258902 0 0 0.0037544738277915345 0.004060942898270409 0.002710337756873034 0.07664338798921644 0.020780873630477443 0.10889956708516878 0.0026472359381480735
45 405 0.19734919970230075 0 0 0.0051783939265446525 0.0057829273095506405 0.0032569161750120946 0.1291733196070523 0.030500446802256623 0.21685698384142985 0.003129058922966278
46 414 0.16252009215162455 0 0 0.003990558423228791 0.0034211704824385273 0.002940857246297702 0.09149059409526668 0.034726034371281876 0.14654773644276173 0.0037613119599242796
45 405 0.3361994901007315 0 0 0.009483222013061086 0.011235640661468312 0.008632571404783617 0.17234455580731256 0.045639641255382404 0.33481557957715397 0.0063708836390001635
46 414 0.11576151993559565 0 0 0.0038231516799890884 0.0032494313340631865 0.0021173555355261083 0.08201115220866799 0.012546405576266104 0.09070739157480366 0.0017344239766227886
46 414 0.30880745823080563 0 0 0.010475034262157583 0.009414921037080871 0.0066233203138540584 0.19551210916657055 0.04187501635465761 0.30410472044104375 0.006785108595153368
46 414 0.5462033980861267 0 0 0.015568108376930172 0.020872507506619467 0.011709586814076309 0.298445736744903 0.07459916775300765 0.4121257675483417 0.01326540039558063
46 414 0.20362550720122166 0 0 0.006719870554093656 0.006979962021791385 0.003141283015792136 0.14071965217648977 0.03030801678182409 0.20566798933510275 0.003895567268060512
46 414 0.14908380771628552 0 0 0.004012992025820721 0.004541792006702209 0.00281454471113017 0.08415371201070458 0.021265716062562775 0.12054117615931616 0.002893979523579387
46 414 0.18167588461307102 0 0 0.004602218014832878 0.005242475852421459 0.0029492861186284653 0.11832048373832042 0.02807437480215795 0.2034842941264647 0.0028353607429517586
46 414 0.3552639887799183 0 0 0.009639965266938636 0.011758135781235418 0.00896322398290134 0.18190878617466016 0.051078303832185284 0.351163760989275 0.006935013522076667
47 423 0.1583416604309495 0 0 0.0038601009864250337 0.0032650688962105492 0.002861757855812139 0.09096701008118006 0.032164088334480534 0.13699290056551186 0.003709782529071575
47 423 0.11711402720001889 0 0 0.0039173383324407835 0.003248436516202409 0.0020223140567352292 0.08200644784737547 0.012209292833499325 0.09355415855453535 0.00183809636613518
47 423 0.2846282045483481 0 0 0.009785459485984947 0.008589647359941506 0.005826160409917373 0.1753564416507408 0.039226873975772895 0.27710685542311125 0.006121236333563435
47 423 0.5449870421768269 0 0 0.014736740263223629 0.020336562178238236 0.011687739809541867 0.2832626534228675 0.0743145619797334 0.4169834221563054 0.01319575425576936
47 423 0.21260568734692223 0 0 0.006871013867123449 0.00720635310664508 0.003153114792806196 0.1455153281079716 0.03167861391074562 0.22297074968805708 0.004056120278527899
47 423 0.1420845938502467 0 0 0.0038344210445662593 0.004420321047738885 0.0025668587699208887 0.07899415879720796 0.02032254349026174 0.11196927506023839 0.0027097510885284505
47 423 0.15463750703756624 0 0 0.003962356019007572 0.004462031224456749 0.0024443700099903726 0.09584854075234017 0.023652787101280142 0.16643788710710486 0.002329855757480767
47 423 0.34809295705175886 0 0 0.009391668726028361 0.010629260646338547 0.008474028979262228 0.17669893369526732 0.05080146232940864 0.342767090516615 0.0070177126091721135
48 432 0.15225702603104202 0 0 0.003738215210075166 0.0030151404852424664 0.0027515157220862753 0.08735229631922178 0.030229005852949492 0.12914112998874502 0.003505479948135856
48 432 0.1046650625493864 0 0 0.0035126989255944304 0.0028630202142937338 0.0017868982549054345 0.07399757178319702 0.009945115894946488 0.08103471291893939 0.0016399224624752285
48 432 0.31489093515911065 0 0 0.010788171789029683 0.009205856470576512 0.006180565337613767 0.21816197752417513 0.043230215003005765 0.3052145361674469 0.007761645608777656
48 432 0.6372317645205696 0 0 0.016721806647929188 0.027240449766216562 0.013354598878275791 0.3463168988281241 0.08680924460053531 0.4905503621772414 0.015418705181741314
48 432 0.2069955981862098 0 0 0.006331620556090093 0.0069051864224825114 0.0029773628190391446 0.13969176507680287 0.0331621819384653 0.23207735136693416 0.004167974144610206
48 432 0.14357436493816664 0 0 0.0038597326784112337 0.004331261082249153 0.0024978346059300067 0.07982033665737882 0.02220426492196814 0.11510728308018815 0.002703297653580387
48 432 0.14097764235293236 0 0 0.003537987132409696 0.0041167580695645415 0.0021580984771813294 0.08641398395378275 0.021938287418927963 0.15086311877752212 0.0020983134322690297
48 432 0.3738323388472755 0 0 0.010031140652111893 0.011274545185931314 0.00878679709776156 0.1983525197665493 0.05370749444832145 0.3792163171227812 0.007570986969186123
49 441 0.13163196819739925 0 0 0.0032656472245813626 0.0026279427872849346 0.0022936782958610496 0.07347630300440867 0.026034709615874722 0.11040785813511936 0.002971464165417143
49 441 0.08714955290754643 0 0 0.002960949047085146 0.0023326659911736595 0.0013762043613344183 0.05929690044176951 0.00847617016114187 0.06597944208602817 0.0013140526291562744
49 441 0.6408540900308342 0 0 0.016388609267030015 0.027874719410860907 0.012687103969771676 0.3538840721197374 0.08668316930736802 0.4830139559000961 0.015973308357103984
49 441 0.2988016976216145 0 0 0.01010182568955258 0.008404037057281355 0.005900401053706503 0.20690244685447598 0.04012371258295486 0.28072210714970985 0.007265861468393906
49 441 0.1978169912478152 0 0 0.0059217208735269115 0.006581042976807684 0.0026421789194801372 0.1337575049343683 0.032946538014486416 0.21633233826366396 0.003914709471472458
49 441 0.12432757453814984 0 0 0.003359723110883483 0.0036873231853455962 0.0019823626706714347 0.06794214397370579 0.020044540839474333 0.1024047466232633 0.0024069849428113733
49 441 0.1291289784930691 0 0 0.003099578409116362 0.003912557429130409 0.0019369815802438401 0.07855661244720503 0.02031629944000905 0.1391451731683385 0.0019211957986463063
49 441 0.3510912788821316 0 0 0.009149148755968133 0.010229647404596762 0.007924184666789135 0.1883331300588624 0.05082821740695282 0.35312117688331973 0.007250749445013239
50 450 0.1298498162647516 0 0 0.0031192990179623008 0.0025844722149558088 0.002204732239137461 0.07148992871682106 0.026056449869682675 0.1087705027294006 0.0028738663709274464
50 450 0.08463687283966168 0 0 0.0029014978861490372 0.0021747893328089747 0.0012907433558987953 0.05915565686537333 0.008166368056345692 0.063912077801299 0.0012370365345263467
50 450 0.6397328087632603 0 0 0.01564326789581227 0.027659300552720912 0.012495868147895793 0.3508006544662002 0.08278235018051873 0.4672489286970273 0.01647306976964177
50 450 0.28010635271710455 0 0 0.009076818169215385 0.007552625770096406 0.005176038985759925 0.19826798208816676 0.036916067741464303 0.2736740450072944 0.006651222206071376
50 450 0.18235005195880646 0 0 0.005376225628327058 0.006046917373950939 0.002250568508502956 0.12402761630694988 0.029185870775900766 0.19665395994097978 0.003533824257866539
50 450 0.11518418894412928 0 0 0.0030659935423655907 0.0032193110166298185 0.0017944579826621103 0.06306319486674929 0.01831872882876257 0.09396954869357364 0.002251380183269813
50 450 0.12451380998406732 0 0 0.0030146682826861014 0.0035970097646984825 0.0018472689014922257 0.07456536432427356 0.01925791320260012 0.13202945548382977 0.0018825224755651896
50 450 0.3208290801610513 0 0 0.008427015567141056 0.009305654470271402 0.007291025346280953 0.1714442493208678 0.04724589039464751 0.3170197002459726 0.00646513609294115
51 459 0.12335141410057616 0 0 0.0028874682236263867 0.0023936592278542995 0.0020393161482048405 0.070573901660298 0.024265473033079955 0.10086523877770923 0.0027545012239615046
51 459 0.5912978439417628 0 0 0.01392219967759165 0.024709727587305774 0.011162141336251636 0.3178154524944863 0.07387909450947515 0.4415913389236277 0.015472765372087954
51 459 0.08337491937810486 0 0 0.0028470963792247284 0.002232135579407533 0.0012349855863023505 0.05553361559033821 0.007984639956747452 0.060649050218131634 0.0011776355993944917
51 459 0.3060273869920716 0 0 0.009639233065160482 0.007878272736732613 0.005608843854838372 0.21464515131450157 0.037389349870014646 0.3295842695103683 0.007251658935772106
51 459 0.19452855343099867 0 0 0.005238913162144081 0.006284637812797308 0.002291790603496061 0.12737707745788043 0.03289373973008584 0.2078457241962781 0.003897895878455535
51 459 0.12359423058213671 0 0 0.0032778664214741216 0.003397717678281964 0.0019263787669110072 0.06900964473970558 0.019083902583696962 0.10022367235846336 0.0024400472483198108
51 459 0.11630100470112577 0 0 0.002746822075965207 0.00336857032979546 0.0016815723437787816 0.06490383652907383 0.018068915623974065 0.12152531515132008 0.0017817710153681511
51 459 0.3120138969633942 0 0 0.008157072953406713 0.008837983507137801 0.006943353087968034 0.1554275476267925 0.04810622259053044 0.3101297044540843 0.006318995915851486
52 468 0.11123735369693434 0 0 0.0026340291603492235 0.0021442059529177995 0.0017899534096035951 0.06029255365780737 0.02145112876540291 0.08789168294628881 0.0023922653142548754
52 468 0.5970789263453092 0 0 0.013689515723442729 0.024646869462444 0.011157437757969844 0.31756327564528686 0.07548208978440667 0.42755442996678145 0.016004174068584596
52 468 0.07724358347200017 0 0 0.0024886157874734294 0.00209143373892726 0.001124813863528106 0.04848770082224699 0.007484410186865819 0.05575289823120795 0.0010838147411413707
52 468 0.3256779892913839 0 0 0.010191772664232055 0.008318187556800659 0.005724027813158043 0.22391230146687355 0.04024761542936248 0.35913119655126047 0.007548433911460614
52 468 0.19206723387861224 0 0 0.00511406194668919 0.006286014627405888 0.002243465950554351 0.12252346304787697 0.03386988016944556 0.2019812511815701 0.0036593294597460978
52 468 0.12684508723576923 0 0 0.003326806147910167 0.0036454167488628527 0.0019056721034923188 0.0670029807997159 0.019811780612808624 0.10316880014123447 0.0023765395456866287
52 468 0.10758522240165369 0 0 0.0025890394695459954 0.0029848824323039595 0.0015084149123583193 0.0580873941075148 0.0170300437831928 0.10782473889559407 0.0016630982515210954
52 468 0.3224406331518774 0 0 0.00854652318611079 0.009069580951207488 0.007270382277405431 0.1599027227005185 0.05124683047935956 0.3044882361156848 0.006545953888205656
53 477 0.10098459087241739 0 0 0.002297454147330744 0.0019454798441465872 0.0016083511895008157 0.05330202807728474 0.019004481050757197 0.07669594157634559 0.0022100889854970687
53 477 0.6762445968119076 0 0 0.01473170251186744 0.02740950654040795 0.012362605386730981 0.39123125303747236 0.08610453344500157 0.4758928592755632 0.019272123986499284
53 477 0.07372554426174804 0 0 0.002394646498708182 0.002044327179888343 0.0010653629010202355 0.04492155646879209 0.007017080062306619 0.05315506467714552 0.000979051750785661
53 477 0.3139820423288907 0 0 0.009716794786433081 0.00799516188905709 0.005505180172403331 0.2090651803518313 0.03840498950726818 0.34518456045538687 0.007152187947594172
53 477 0.17802804359969276 0 0 0.004602904217392831 0.005623904568440214 0.0020756288100713866 0.10829716585719212 0.03266086237199257 0.19248067696368656 0.003366520778053921
53 477 0.12266603150831273 0 0 0.0032244507643970108 0.0036471541849288284 0.00185212065845333 0.058408831938152245 0.01889333463884362 0.09963123036750723 0.002114496145535498
53 477 0.09983552858292669 0 0 0.0023569966776029374 0.0027895804361167493 0.001393223113881142 0.0506345810031607 0.015720610304432454 0.0994117443770626 0.0015839486509002876
53 477 0.3186842309120846 0 0 0.00832432991400952 0.00924847743642047 0.007065850571135643 0.15852116323107676 0.04970407645443382 0.2960612251124754 0.006285087228525339
54 486 0.1028539549835345 0 0 0.0022762453943622795 0.0018459521059708648 0.001672303610144017 0.05777870081951751 0.01974495101071389 0.07788513495888932 0.0022749669370625675
54 486 0.6391786613648973 0 0 0.01322432174201762 0.02587596435271039 0.011760860348455773 0.3705502896304272 0.08013059262064827 0.43517290369161477 0.018305454136591792
54 486 0.07660617931956097 0 0 0.002544432913605366 0.002220215988678122 0.0010537965509188952 0.04436868543016208 0.00754664930849331 0.05447244219325106 0.0010983057351748068
54 486 0.3035449130224655 0 0 0.009525214535219576 0.0077088223336715085 0.005296883507425025 0.20335030555050254 0.03749786245657331 0.34211148089076776 0.007050910148734299
54 486 0.16836608714984128 0 0 0.004335727345776944 0.004905443828174292 0.0019075200930981809 0.09913444103929454 0.03116677710615191 0.17922117855591488 0.0033237632451044116
54 486 0.12477767686221562 0 0 0.0031055542722510715 0.003724540032380542 0.0018868603897292543 0.060030306246022444 0.018649549825874922 0.1039435216840872 0.0021110462240790454
54 486 0.10819659941553722 0 0 0.002546160918924214 0.0029604436253579964 0.0015015673430341552 0.05251229633793175 0.017050688025074062 0.11214048740242992 0.001773577852018051
54 486 0.34255922056318683 0 0 0.008799992093149992 0.00933038028484606 0.007527655650853836 0.16562262609984185 0.053650150577287406 0.31787200098372953 0.007545833957982
55 495 0.09673479827249279 0 0 0.0021392417751402585 0.0017482779736251585 0.0015484668823704621 0.05391471097441676 0.018264459948171927 0.06796272279752545 0.002070899383705209
55 495 0.6749369249523831 0 0 0.012883849179373663 0.02671783761516263 0.012230237397934773 0.3997264408995358 0.09514910137963048 0.44091833905026406 0.019398803591664834
55 495 0.07928875063560126 0 0 0.002610274969238604 0.002359789309031371 0.0010639789818624689 0.045638465965178614 0.00784899940087602 0.055843089913817034 0.0011271564683903836
55 495 0.2864905383488567 0 0 0.008763363217225244 0.007387458058605173 0.004781689614067211 0.18890811829425966 0.03489746041597204 0.31082037537114166 0.006611550634402467
55 495 0.16073011383500674 0 0 0.0040105473321498586 0.0046871384195958914 0.0018050857631397965 0.09768629915466655 0.02934585290084576 0.16772501517050054 0.0030860156814517016
55 495 0.13849509767805965 0 0 0.003181193577630538 0.003974576105948499 0.001980765809204676 0.0666527039585963 0.0215257224458812 0.11528780622390937 0.002349649664103901
55 495 0.1044776146306545 0 0 0.0024823282082600683 0.002752349094452616 0.001400336760784682 0.0504851879464164 0.015946493086121817 0.10321082122672667 0.0016859116446773601
55 495 0.32801599081796107 0 0 0.00795349348369642 0.008872156357652648 0.006908898080446153 0.15758800781242202 0.0506162168264834 0.29228179938146864 0.007396831826219749
56 504 0.08993237400807391 0 0 0.0019759420961770343 0.0016400286885790505 0.0014264849747625398 0.050025992739961334 0.01689737868736939 0.062214540559560036 0.0018464781491407864
56 504 0.6424132214547142 0 0 0.011718417667597422 0.026320738081764168 0.011697314235386615 0.38689600503204313 0.09114337300708622 0.3937106079507694 0.018385514683909063
56 504 0.07547154749765027 0 0 0.0024887939183711595 0.00216943565423333 0.0010034037870833453 0.043494734406584655 0.007345307345551523 0.054607462523214835 0.0010318298075376652
56 504 0.2665069929395167 0 0 0.008192210270820583 0.006788794420542384 0.00428354406083915 0.18250085772428712 0.031180744305218534 0.2791904417598376 0.006381605923993152
56 504 0.16252321832125463 0 0 0.003957608286557928 0.004664209254642962 0.0017664474323031835 0.0999476397280675 0.029037402490647263 0.17644216047626363 0.003068264059192218
56 504 0.14695324403804935 0 0 0.003428498105194064 0.004213035877358709 0.0020385098730809526 0.07091479927620091 0.02186841382133611 0.11708948539235176 0.0025825169915940846
56 504 0.0987494551013173 0 0 0.0023957092651078512 0.002476245910889593 0.0013022234806323713 0.04797088991415278 0.014850626375598204 0.10111956109979134 0.0015358047000833624
56 504 0.34527582922119393 0 0 0.007935862503637113 0.009475631289794438 0.006870844926861695 0.1833320093587373 0.0526239531544728 0.3104534262596702 0.007540756807265791
57 513 0.07818268583532806 0 0 0.001684594395682715 0.0014074919274064811 0.0012360953324495481 0.04283431024891096 0.014363920569707549 0.05328809292714922 0.0015399382992956428
57 513 0.5989020803666354 0 0 0.010568735664528097 0.024243936285320858 0.011002560234955917 0.3572353596815469 0.08091093890682635 0.35812878729479397 0.01717598482707306
57 513 0.06747476670188979 0 0 0.002176817851373554 0.0018759784841951054 0.0008546234814831978 0.038364172742090176 0.00651439626067114 0.048290662835210885 0.0009127325927934112
57 513 0.26080411124423647 0 0 0.007774240010754113 0.00648955517806535 0.004233470079808825 0.1778987498386275 0.03118794754098977 0.26825652376656506 0.006047846483528137
57 513 0.1504466052163574 0 0 0.0034882346192459663 0.004295237063690766 0.001599338426414597 0.09036390400664145 0.027201569146437354 0.1692781750589059 0.0028356788170419934
57 513 0.1332344409216864 0 0 0.0029721128160274837 0.0037534946792249792 0.0018379421425717482 0.06397836321117957 0.019182780142219955 0.10615216944848445 0.0023298495336416653
57 513 0.08144610311693706 0 0 0.001831541535087244 0.0019687346854236915 0.0010428735140121834 0.03901700139969646 0.012334376949915129 0.08607603997469636 0.0012591799495138784
57 513 0.3746815489431236 0 0 0.00881772759500816 0.009827005215980865 0.007579826465812782 0.19403828338907483 0.057798300533811374 0.32675594327717605 0.008327422354297934
58 522 0.07041560853251017 0 0 0.0015113508336854972 0.0012490042383214728 0.0010874268123324364 0.03790034913919122 0.012883178320510735 0.0471067702659942 0.0013361550768031952
58 522 0.5663762269491898 0 0 0.009884088486245538 0.022668256777709245 0.009985882064001833 0.33296821058748477 0.07810965131974051 0.3114231797047534 0.016185023623001987
58 522 0.06006062477956807 0 0 0.001984315782675735 0.0016776688271846196 0.0007256232402127723 0.033719014973867825 0.00562314121113763 0.042511796714579324 0.000785132927322764
58 522 0.22382977155110365 0 0 0.006555074376552733 0.005472027381782681 0.003515902561768355 0.15133664274792943 0.026408384404418766 0.22269251172820922 0.0053380509909236925
58 522 0.1442872068786544 0 0 0.0033696772566724742 0.004037187023245096 0.001474698597589804 0.0848400939970092 0.02513582970024584 0.1518589424630149 0.002779088508389409
58 522 0.12259711127215392 0 0 0.0027549061037052684 0.003312650636112909 0.0015532198839824317 0.058608648897677716 0.01807624501018313 0.0970613523023639 0.002120005916706921
58 522 0.07156779775189254 0 0 0.0016220712588935955 0.001674958811971592 0.0008510178118464756 0.03434417710826406 0.010762128660405023 0.07460223409872266 0.0010782157163903173
58 522 0.3824530826454343 0 0 0.00872014957773332 0.009709643242620924 0.00721742806749062 0.2026422256941197 0.06059012307269338 0.3260785493388534 0.008647973054558623
59 531 0.06500697444307763 0 0 0.001392007634006574 0.0011451119242360428 0.0009707858491868967 0.031549983233646633 0.011547344323000747 0.04271801981989129 0.0012181153825006543
59 531 0.5202423566031836 0 0 0.009112944866766661 0.02066318718697539 0.008326764368705431 0.2928317654401533 0.07161988299375614 0.26952240501224495 0.014768791879622833
59 531 0.05886984867697362 0 0 0.0017885071029962736 0.0016384180730701287 0.0006842240157566012 0.032788599491989326 0.0054419031723114755 0.043613811997802815 0.0007534291612215823
59 531 0.20589279305449656 0 0 0.005886956474452067 0.004930110258548084 0.003269757719802366 0.1340980463397807 0.023343545435854044 0.19812840655335856 0.0049175646815958485
59 531 0.13093074705163432 0 0 0.0030248283121670208 0.0034843878808956444 0.0013277234037464994 0.07515215573618639 0.02247117633813785 0.12856398939916439 0.0026285721985602312
59 531 0.11991289176615517 0 0 0.0026870309429521187 0.0031773252876272765 0.001480420406867946 0.05680353719657459 0.017635046383554405 0.093421221960997 0.0021945466843821615
59 531 0.06370681631283899 0 0 0.0014015246833724113 0.0014961602099561615 0.0007354630267222391 0.02973062920560188 0.009279836815138377 0.06338907155112271 0.0009340031635110127
59 531 0.3657352674722873 0 0 0.008289164215481927 0.009203408682004163 0.006918150449675201 0.19726168811462147 0.056164172664531796 0.31574430190504355 0.00781479714304157
60 540 0.06957065248122234 0 0 0.0014086980496076098 0.0011852843487607353 0.001036192615302693 0.03215226737729356 0.012743400321992919 0.04859948280788397 0.001326714579385434
60 540 0.49031280705273533 0 0 0.0085082620937982 0.018480028900966974 0.0076936264205810095 0.2841412215289552 0.06797009247119737 0.26123063993896717 0.013788629952188684
60 540 0.057515381675310895 0 0 0.0016491744677124456 0.0016121801671954519 0.0006474985403738298 0.03141452595483732 0.005262014795593121 0.042565474107575205 0.0007688453937910719
60 540 0.20045948867900576 0 0 0.005960949648597722 0.004845003977304422 0.003178753264371137 0.1271171439387868 0.02227209649715386 0.1869122817491528 0.0048489084810580466
60 540 0.12342498161155782 0 0 0.0028975359852418036 0.003202387284738697 0.0012087931330653256 0.07377639859318284 0.02142936326827796 0.12642281029729824 0.002373204967199494
60 540 0.12092389573653811 0 0 0.002735157944674793 0.0030900566943505613 0.0014544994645560025 0.057707693248864655 0.01837066793512303 0.08939858712533726 0.0022230597863262137
60 540 0.05792042318636209 0 0 0.0012172036356230835 0.001326667523267469 0.0006480055530521614 0.026563007933706397 0.00837646103297746 0.058243224955135224 0.00085787273263671
60 540 0.3534082443714085 0 0 0.008018207483102455 0.008887735565693972 0.006357182099151933 0.19185760250443776 0.05503673145289653 0.29717802200078053 0.007226454906374675
61 549 0.06832515161295528 0 0 0.0013812471121363917 0.0011339485620109613 0.000976927477526492 0.0310869014574741 0.013027236501618045 0.049199604028754736 0.0013041556139341828
61 549 0.4584561501519065 0 0 0.007630370006418057 0.017187000096732838 0.007246222892917278 0.2718036936045982 0.06167588692876564 0.2412165058944804 0.012453582733823033
61 549 0.05821987549322397 0 0 0.0017343497261852019 0.0016090072431899972 0.0006464323732488825 0.03133803291427867 0.005389306900115132 0.04140067296476842 0.0007735407143156169
61 549 0.24417808945774858 0 0 0.007699028047256299 0.0058821414163991595 0.003966310033079052 0.15447328988200465 0.02710909714446576 0.22707742204535994 0.006091738124074732
61 549 0.1203628066677765 0 0 0.00280929201015478 0.0031797124964002684 0.0011722760513879578 0.07065394586870907 0.021240284009085893 0.13383575788509508 0.0022766449210272115
61 549 0.059565610561447775 0 0 0.00125942870508225 0.001308328754711646 0.0006863467332126655 0.02873049327316704 0.008601011402537929 0.05954364728469891 0.0008732106239685358
61 549 0.1123798152001094 0 0 0.0025228290097892327 0.0029987856971791676 0.0013040928461366483 0.051766402413896684 0.016936206653535808 0.08189879246541286 0.002008173375599097
62 558 0.07382063860458642 0 0 0.0014196505869739206 0.0012217713161536516 0.0010192834251541243 0.03418795593312509 0.01403787600936662 0.054915835187232344 0.001447692042836535
61 549 0.33709726292354164 0 0 0.007472371834532566 0.008329172695792584 0.006038680485129275 0.18049516471463112 0.05208652169864052 0.2891364707584794 0.006920503756816803
62 558 0.4653958103186272 0 0 0.007550728818529528 0.01724228086848088 0.006874035234369357 0.27733039930860554 0.06331606826566157 0.24788901132887275 0.012639558055232957
62 558 0.06220286241167842 0 0 0.001836268640549565 0.0017036542203132633 0.0006267396206079777 0.03747520959173665 0.00577951682886944 0.048822930645759155 0.0008222686826100242
62 558 0.2428961425764141 0 0 0.00715911959828625 0.005970960890359604 0.0038405576173262614 0.15714183482194707 0.025610455274708375 0.22518265712792426 0.005880929398271301
62 558 0.11573210533631116 0 0 0.0026237048196457607 0.0031654440361858303 0.0010916723881784912 0.06572825391569727 0.019891026509892017 0.12626376463062844 0.002215184828857015
62 558 0.11429216933033991 0 0 0.0026090715958309706 0.0030168972921339144 0.0012487952381850325 0.054876616696787645 0.017934178485957002 0.08267832932449723 0.0020234417146830154
62 558 0.058933382068624855 0 0 0.0013369709051242278 0.0012997619120940136 0.0006512796978265779 0.028755865522558318 0.008661243683076018 0.05623440830318078 0.0008514347080451159
63 567 0.07352948114155101 0 0 0.0013863473078469185 0.0011500278071541158 0.0009429855392896502 0.03504192761096238 0.013810680613044711 0.05421250731704147 0.001501855213797304
62 558 0.2944782450646709 0 0 0.006369895915955794 0.007294200192646645 0.005214429661325218 0.1560209891694117 0.045744859788348816 0.2491847960192988 0.0061345026331721215
63 567 0.42230759318235656 0 0 0.00656647867382241 0.01550700027558112 0.0061507235734228356 0.26098069858782474 0.05713601364687981 0.21103601483267248 0.011428871267675035
63 567 0.06702972153950797 0 0 0.001955393392078351 0.0017893462843287576 0.0006722019006719776 0.041660105750987414 0.006748713986932913 0.05365308690149111 0.0008723844397237518
63 567 0.09836217248842885 0 0 0.002131282879438954 0.002734866258336476 0.0008922094347197665 0.0530934275741455 0.016905537283694087 0.10522898674154099 0.0018495929538484715
63 567 0.2576641114709838 0 0 0.0074569107282140765 0.006627873580493893 0.004160287082769434 0.15394010207916065 0.027187265095231835 0.23892061616586968 0.006145271183016154
63 567 0.11014424197391236 0 0 0.002459760110651037 0.0028861870306058552 0.0011562575675856286 0.05509986855833471 0.016781976854123932 0.07862826035902169 0.0020446555336657048
63 567 0.05823748535980291 0 0 0.001365686871258535 0.0012798098895782167 0.0006230874534184487 0.027337361123811244 0.008501727829246812 0.05762112304219821 0.0008304855813740987
64 576 0.07448575514706185 0 0 0.0013974112797139244 0.0011607762476462417 0.0009241398883721415 0.03551180973071417 0.014178736220959862 0.05331239999929138 0.0015723671601025244
63 567 0.2896701007141807 0 0 0.005883361065160433 0.007104133009671759 0.005074995559020362 0.15284091600546298 0.04510342257148415 0.2459835108704605 0.006081904044472133
64 576 0.3905995776094434 0 0 0.005709066858829649 0.01423612232486648 0.005447317239633229 0.23932395454785857 0.05316009404498898 0.19473120462948657 0.010489566698981852
64 576 0.06744070831169538 0 0 0.0019996605561048626 0.0018340261819114732 0.0006735762307079039 0.03946013842960837 0.007026045169601753 0.05334313708076355 0.0008703714447932504
64 576 0.08722946577427959 0 0 0.0018545358844077628 0.0025077891167684936 0.0007227059053805954 0.046240548250855815 0.014877090396924643 0.09384870173657742 0.0016846351041289794
64 576 0.2735573894812855 0 0 0.007781652963591129 0.006979563956888281 0.004160303392645871 0.16422866089392632 0.029969599934658864 0.25929576049010883 0.006615651403579223
64 576 0.10511983818559503 0 0 0.0023121565240891433 0.0026194826242561275 0.0010278635305177345 0.05415559304462138 0.016415880323345136 0.07506918843217156 0.0019683859002502958
64 576 0.058564623836059704 0 0 0.001380823812338979 0.0012888764530182106 0.0005976994098912381 0.027634594711498452 0.008602442226112788 0.05771017513820371 0.000845463468995547
64 576 0.2803280815677043 0 0 0.005615443252160203 0.006683260280043965 0.0046191620624523 0.15271921293236412 0.04418582415167879 0.2418838429801821 0.005782904204509992
65 585 0.07031429296517203 0 0 0.0013142333084576387 0.001082103160356433 0.0008904601298094175 0.032284629124705005 0.013420203857421162 0.050239933241485346 0.0014648294682804153
65 585 0.33912286509478856 0 0 0.004776577669749311 0.012199980075441005 0.00440843280440253 0.20626169308928424 0.04714169874119321 0.1717932432205599 0.008937862177379541
65 585 0.06613547162243877 0 0 0.0019570411726526427 0.0018969998508090093 0.0006428355066140514 0.03898449372212611 0.0068469962683893265 0.05252053521360291 0.0008236369010182343
65 585 0.0773299228817824 0 0 0.0016284206777533732 0.0022038066899997457 0.0006117899400213882 0.041233458880827245 0.01297199404168404 0.08469729478191919 0.0015044229931553592
65 585 0.2796629266196069 0 0 0.007814392526397106 0.006915049365073188 0.004168963961476849 0.16743864169717285 0.03185435863368174 0.268451818033257 0.0065247102969280555
65 585 0.09466299251062561 0 0 0.002060561190439282 0.002375016456723166 0.0008621508671918341 0.04908442874304123 0.01460152102317072 0.06665197109614523 0.001812828053786597
65 585 0.05512716206011672 0 0 0.0012478341697854966 0.001178986053690879 0.0005550609272226663 0.02668443145434154 0.008154483363180962 0.054783638800088276 0.0008081786335577757
65 585 0.2462694005330308 0 0 0.004752251620929663 0.005611712251458946 0.0038627013269187417 0.13445973689635665 0.03786895163137247 0.21354345085011517 0.005007411167480018
66 594 0.32678146445207534 0 0 0.004616824502527697 0.011441581034644136 0.004330912733242936 0.19054277274032258 0.04492604076529524 0.165900436209284 0.008992269547046081
66 594 0.07286266571447714 0 0 0.0013378436216989415 0.001142829257860108 0.0008938969769319296 0.03345543875891916 0.01351899847867351 0.04724691131447761 0.0016113254740871023
66 594 0.06541696910531684 0 0 0.0019993042422679977 0.0018216068997181046 0.0006067866003680274 0.03780766932762012 0.006973050118614858 0.04889444841007906 0.0008023928360771417
66 594 0.06880861063099183 0 0 0.0013795160853993722 0.0019114898196435348 0.0005476663299987739 0.03690946132318171 0.011447978055985773 0.07543161259045972 0.001333395369602923
66 594 0.29127736705198937 0 0 0.007885811136852907 0.0072202015470277815 0.004216046881485281 0.17114328085035474 0.0325332186737207 0.2963633262380973 0.006682253270156085
66 594 0.09733863163317617 0 0 0.002178716877189978 0.002378666924694096 0.0008276266359159042 0.05051428282062603 0.01493863728545946 0.06537622437750422 0.0019295301919642824
66 594 0.04826797178497602 0 0 0.0010887739553341897 0.0010038566608430808 0.00048587184432379813 0.02298124483887121 0.006891858751777922 0.04565327523870259 0.0007036633624384384
66 594 0.23639268808550715 0 0 0.004749987792796572 0.005291966681582567 0.0035385261270848268 0.12508772762847145 0.03623162158283181 0.20240085270298672 0.00460559545173125
67 603 0.28047657844999724 0 0 0.003923826504441758 0.00951340402624759 0.0036429541601325534 0.16575903946005546 0.038181992563231404 0.13947400991211537 0.007717809087060386
67 603 0.06851133821338654 0 0 0.0011917546108508505 0.0011123752644690912 0.0008232807441066532 0.030766305737655496 0.012781605226507425 0.04359454155732397 0.0015294830034043468
67 603 0.06178158991179723 0 0 0.0018753269832764154 0.001714030572785157 0.0005727314022875473 0.033790187609038805 0.006499733199982285 0.04456797940177711 0.0007863184717240117
67 603 0.28047657844999724 0 0 0.003923826504441758 0.00951340402624759 0.0036429541601325534 0.16575903946005546 0.038181992563231404 0.13947400991211537 0.007717809087060386
67 603 0.06851133821338654 0 0 0.0011917546108508505 0.0011123752644690912 0.0008232807441066532 0.030766305737655496 0.012781605226507425 0.04359454155732397 0.0015294830034043468
67 603 0.06178158991179723 0 0 0.0018753269832764154 0.001714030572785157 0.0005727314022875473 0.033790187609038805 0.006499733199982285 0.04456797940177711 0.0007863184717240117
67 603 0.05977035329998166 0 0 0.001197316807983338 0.0016311543866521666 0.0004501416912770996 0.030986549206093762 0.009890240948852339 0.06578318979913123 0.0011309525990409505
67 603 0.05977035329998166 0 0 0.001197316807983338 0.0016311543866521666 0.0004501416912770996 0.030986549206093762 0.009890240948852339 0.06578318979913123 0.0011309525990409505
67 603 0.28714047151006855 0 0 0.007680718453510592 0.006925696865151928 0.004156652733186382 0.17094672763076407 0.03063911907662404 0.2980984940161604 0.006559245816371885
67 603 0.28714047151006855 0 0 0.007680718453510592 0.006925696865151928 0.004156652733186382 0.17094672763076407 0.03063911907662404 0.2980984940161604 0.006559245816371885
67 603 0.09605230976161085 0 0 0.0020945489249645267 0.002341274439114089 0.0008019261183452125 0.049011029607478766 0.015238478909452147 0.06376609129621935 0.0019188234760201264
67 603 0.04891093829606505 0 0 0.0011868272817752408 0.0009675856652988673 0.000465944503988078 0.02198778598303697 0.006898397662369447 0.046371354990736656 0.0007061390102934738
67 603 0.09605230976161085 0 0 0.0020945489249645267 0.002341274439114089 0.0008019261183452125 0.049011029607478766 0.015238478909452147 0.06376609129621935 0.0019188234760201264
67 603 0.04891093829606505 0 0 0.0011868272817752408 0.0009675856652988673 0.000465944503988078 0.02198778598303697 0.006898397662369447 0.046371354990736656 0.0007061390102934738
67 603 0.2593069185589426 0 0 0.005878566440869436 0.005585853580527974 0.0038606790567905502 0.13562322282853287 0.03876731910582818 0.2240470522178792 0.004981522320816311
67 603 0.2593069185589426 0 0 0.005878566440869436 0.005585853580527974 0.0038606790567905502 0.13562322282853287 0.03876731910582818 0.2240470522178792 0.004981522320816311
