% # columns="iteration, evaluation, void, void, void, xmean", seed=2567, Fri Aug 28 18:42:21 2026, <python>{}</python> # scaling_of_variables: 1, typical_x: 0
1 9 0 0 0 0.4492920339270654 -0.012314123883731187 0.10499917356263237 -0.9640260454045447 -0.11677519162340762 0.05196965985161189 0.058900864566966776
1 9 0 0 0 0.479355275647265 0.026570804566257183 0.10500890402089193 -0.9640260454045447 -0.11677519162340762 0.05196965985161189 0.058900864566966776
1 9 0 0 0 0.5119227767153802 0.06999143041681546 0.10500023899565772 -0.9640260454045447 -0.11677519162340762 0.05196965985161189 0.058900864566966776
1 9 0 0 0 0.3911345601244989 0.0779363384098937 0.10500890774618223 -0.9640260454045447 -0.11677519162340762 0.05196965985161189 0.058900864566966776
1 9 0 0 0 0.43037790061674736 -0.055949931815154376 0.10494580691646174 -0.9640260454045447 -0.11677519162340762 0.05196965985161189 0.058900864566966776
1 9 0 0 0 0.36291295291624687 0.07701404966425199 0.10493965087424353 -0.9640260454045447 -0.11677519162340762 0.05196965985161189 0.058900864566966776
1 9 0 0 0 0.3825722634955468 0.047044640556090055 0.10494096962700919 -0.9640260454045447 -0.11677519162340762 0.05196965985161189 0.058900864566966776
1 9 0 0 0 0.36750018598280576 0.05681058593105572 0.1049447005052431 -0.9640260454045447 -0.11677519162340762 0.05196965985161189 0.058900864566966776
2 18 0 0 0 0.3391614989553649 0.06394506826164882 0.057671821501194764 -1.4455041041941576 -0.0644390224864537 0.11288292160996043 0.06046685312736955
2 18 0 0 0 0.33457426588880596 0.08414853199484468 0.057666771870195116 -1.4455041041941594 -0.06443902248645397 0.1128829216099605 0.060466853127369685
2 18 0 0 0 0.48358408968793937 0.07712591274740813 0.05772735999160927 -1.4455041041941663 -0.06443902248645374 0.11288292160995861 0.060466853127369685
2 18 0 0 0 0.45101658861982413 0.03370528689684963 0.05773602501684352 -1.4455041041941645 -0.06443902248645374 0.11288292160996126 0.06046685312736979
2 18 0 0 0 0.36279587309705824 0.08507082074048736 0.05773602874213367 -1.44550410419417 -0.06443902248645325 0.1128829216099561 0.060466853127369304
2 18 0 0 0 0.3542335764681062 0.05417912288668231 0.05766809062296052 -1.4455041041941852 -0.0644390224864528 0.11288292160996598 0.06046685312736979
2 18 0 0 0 0.4020392135893069 -0.04881544948456092 0.05767292791241306 -1.4455041041941823 -0.0644390224864527 0.1128829216099594 0.06046685312736934
2 18 0 0 0 0.4209533468996247 -0.005179641553137969 0.05772629455858397 -1.4455041041941692 -0.06443902248645303 0.11288292160995847 0.060466853127369484
3 27 0 0 0 0.4100684780446532 -0.03155250855766524 0.09459736199375003 -2.153638875836128 -0.038589379034749474 0.5286149649159878 0.07161204145403363
3 27 0 0 0 0.45904585307517126 0.05096822782374618 0.09466045909817934 -2.1536388758361658 -0.038589379034748815 0.5286149649159877 0.07161204145403338
3 27 0 0 0 0.3471907634107117 0.08120800918854554 0.09459625558253106 -2.1536388758361285 -0.038589379034748905 0.5286149649159912 0.07161204145403327
3 27 0 0 0 0.3622628409234533 0.07144206381357848 0.094592524704297 -2.1536388758361626 -0.03858937903474953 0.5286149649159927 0.07161204145403363
3 27 0 0 0 0.49161335414328644 0.09438885367430447 0.09465179407294509 -2.1536388758361653 -0.03858937903474886 0.528614964915988 0.07161204145403334
3 27 0 0 0 0.42898261135497134 0.012083299373758044 0.09465072863992038 -2.1536388758361364 -0.038589379034748836 0.5286149649159878 0.07161204145403348
3 27 0 0 0 0.3708251375524046 0.1023337616673836 0.09466046282347038 -2.153638875836119 -0.038589379034748864 0.5286149649159866 0.07161204145403334
3 27 0 0 0 0.3426035303441528 0.10141147292174184 0.09459120595153124 -2.153638875836126 -0.038589379034749335 0.5286149649159974 0.07161204145403319
4 36 0 0 0 0.4233891725904959 -0.047639963842763595 0.11076617529919705 -3.366685474515873 -0.011377600627342365 0.8007619180121978 0.07948208182030371
4 36 0 0 0 0.5049340486891298 0.07830139838920662 0.11082060737839174 -3.366685474515946 -0.011377600627342868 0.8007619180121888 0.0794820818203029
4 36 0 0 0 0.47236654762101504 0.03488077253864856 0.1108292724036262 -3.366685474515948 -0.011377600627343137 0.8007619180121907 0.07948208182030284
4 36 0 0 0 0.36051145795655504 0.06512055390344808 0.1107650688879777 -3.366685474515896 -0.011377600627339161 0.8007619180122139 0.07948208182030281
4 36 0 0 0 0.4423033059008142 -0.004004155911340111 0.11081954194536715 -3.3666854745158945 -0.011377600627340976 0.8007619180121939 0.0794820818203034
4 36 0 0 0 0.384145832098247 0.08624630638228549 0.110829276128917 -3.3666854745158608 -0.011377600627338566 0.8007619180122098 0.07948208182030338
4 36 0 0 0 0.35592422488999614 0.08532401763664463 0.11076001925697822 -3.3666854745158883 -0.011377600627338181 0.8007619180122235 0.07948208182030278
4 36 0 0 0 0.375583535469297 0.055354608528480516 0.1107613380097447 -3.366685474515925 -0.011377600627345335 0.8007619180121885 0.07948208182030345
5 45 0 0 0 0.4330137969899665 -0.06424248557331927 0.12892435052989898 -3.5227822240988496 -0.07051707455554097 1.052138856782967 0.09467028816625966
5 45 0 0 0 0.514558673088602 0.06169887665865187 0.1289787826090957 -3.5227822240989455 -0.07051707455553821 1.052138856782962 0.09467028816625876
5 45 0 0 0 0.4819911720204876 0.01827825080809399 0.12898744763433045 -3.5227822240989544 -0.07051707455553836 1.0521388567829617 0.0946702881662587
5 45 0 0 0 0.45192793030028544 -0.02060667764189539 0.1289777171760698 -3.52278222409888 -0.07051707455553617 1.052138856782966 0.09467028816625939
5 45 0 0 0 0.370136082356027 0.048518032172893244 0.12892324411868117 -3.5227822240988966 -0.07051707455553206 1.0521388567829968 0.09467028816625872
5 45 0 0 0 0.3937704564977176 0.06964378465173018 0.12898745135961923 -3.5227822240988287 -0.07051707455553183 1.0521388567829968 0.0946702881662594
5 45 0 0 0 0.3852081598687693 0.038752086797925786 0.12891951324044912 -3.5227822240989113 -0.07051707455554482 1.0521388567829457 0.0946702881662593
5 45 0 0 0 0.36554884928946857 0.06872149590609017 0.12891819448768252 -3.5227822240988877 -0.0705170745555309 1.0521388567830057 0.09467028816625868
6 54 0 0 0 0.45426098633999884 -0.09122500633343888 0.1280166764314974 -3.620498114785493 -0.12778899998150461 1.7854741499809923 0.09555055336161355
6 54 0 0 0 0.5358058624386354 0.03471635589853289 0.12807110851069484 -3.6204981147856024 -0.12778899998150287 1.7854741499809796 0.09555055336161251
6 54 0 0 0 0.503238361370521 -0.008704269952024913 0.12807977353592986 -3.620498114785613 -0.12778899998150337 1.7854741499809796 0.09555055336161243
6 54 0 0 0 0.4731751196503181 -0.04758919840201484 0.12807004307766817 -3.620498114785536 -0.1277889999814986 1.785474149980989 0.09555055336161322
6 54 0 0 0 0.3867960386395018 0.041738975145971614 0.12801052038928212 -3.6204981147855344 -0.12778899998149307 1.7854741499810372 0.09555055336161232
6 54 0 0 0 0.4064553492188027 0.011769566037806482 0.128011839142049 -3.620498114785562 -0.1277889999815115 1.7854741499809563 0.09555055336161311
6 54 0 0 0 0.39138327170606 0.02153551141277459 0.1280155700202804 -3.6204981147855357 -0.12778899998149498 1.7854741499810272 0.09555055336161244
6 54 0 0 0 0.4150176458477498 0.04266126389161106 0.12807977726121766 -3.6204981147854602 -0.1277889999814925 1.7854741499810336 0.0955505533616133
7 63 0 0 0 0.45696482631497465 -0.07827917056323339 0.06784275061037218 -3.3843199368679513 -0.14813919045185775 1.4935187771068543 0.07918554721722247
7 63 0 0 0 0.5385097024136093 0.04766219166873722 0.067897182689568 -3.384319936868014 -0.1481391904518614 1.4935187771068332 0.07918554721722168
7 63 0 0 0 0.5059422013454944 0.004241565818179226 0.06790584771480251 -3.384319936868016 -0.14813919045186197 1.4935187771068354 0.0791855472172216
7 63 0 0 0 0.4091591891937766 0.02471540180801113 0.06783791332092161 -3.3843199368679953 -0.14813919045186472 1.4935187771068241 0.07918554721722217
7 63 0 0 0 0.4758789596252931 -0.03464336263181002 0.06789611725654214 -3.3843199368679833 -0.14813919045185528 1.4935187771068457 0.07918554721722224
7 63 0 0 0 0.39408711168103416 0.03448134718297876 0.06784164419915374 -3.384319936867961 -0.1481391904518549 1.4935187771068745 0.07918554721722158
7 63 0 0 0 0.41772148582272556 0.05560709966181567 0.0679058514400923 -3.38431993686793 -0.148139190451851 1.4935187771068787 0.07918554721722232
7 63 0 0 0 0.38949987861447544 0.054684810916175296 0.06783659456815444 -3.384319936867966 -0.1481391904518529 1.493518777106881 0.07918554721722151
8 72 0 0 0 0.46503260879878566 -0.06266270773484742 0.039942166015388275 -3.6683744868565884 -0.13248688425079524 1.1039447211807143 0.0623120460942291
8 72 0 0 0 0.5465774848974182 0.06327865449712243 0.03999659809458154 -3.6683744868566177 -0.13248688425080593 1.1039447211806808 0.062312046094228205
8 72 0 0 0 0.5140099838293027 0.01985802864656432 0.04000526311981529 -3.6683744868566173 -0.13248688425080676 1.1039447211806843 0.06231204609422804
8 72 0 0 0 0.41722697167758566 0.04033186463639671 0.03993732872593463 -3.6683744868566124 -0.13248688425080285 1.1039447211806872 0.062312046094228676
8 72 0 0 0 0.48394674210910316 -0.019026899803424466 0.03999553266155701 -3.668374486856615 -0.1324868842507965 1.103944721180698 0.06231204609422884
8 72 0 0 0 0.4021548941648434 0.05009781001136381 0.03994105960416757 -3.6683744868565773 -0.13248688425079982 1.1039447211807198 0.062312046094228093
8 72 0 0 0 0.4257892683065364 0.07122356249020072 0.04000526684510791 -3.6683744868565835 -0.1324868842507943 1.1039447211807216 0.062312046094228996
8 72 0 0 0 0.39756766109828406 0.07030127374456001 0.039936009973166896 -3.6683744868565893 -0.13248688425079738 1.1039447211807258 0.062312046094227996
9 81 0 0 0 0.46099237195002757 -0.0650544106712983 0.06615860882671191 -3.5455823304132634 -0.027031147822506926 1.1785572010695673 0.06282924702645402
9 81 0 0 0 0.5425372480486608 0.06088695156067183 0.06621304090590495 -3.5455823304133216 -0.027031147822516383 1.1785572010695378 0.06282924702645286
9 81 0 0 0 0.5214577341117506 0.002447416275971968 0.03585528626906876 -3.429035750075703 -0.12741240639706028 0.7920342140619115 0.06278015167201614
9 81 0 0 0 0.4131867348288278 0.03794016169994574 0.06615377153725807 -3.5455823304133043 -0.027031147822514104 1.178557201069542 0.06282924702645358
9 81 0 0 0 0.49139449239155064 -0.03643751217401702 0.035845555810809664 -3.4290357500757023 -0.12741240639704945 0.7920342140619253 0.06278015167201692
9 81 0 0 0 0.3935274242495262 0.06790957080810979 0.06615245278449049 -3.5455823304132696 -0.027031147822508397 1.178557201069583 0.06282924702645264
9 81 0 0 0 0.4332370185889838 0.05381295011960787 0.035855289994360336 -3.429035750075672 -0.12741240639704643 0.7920342140619555 0.06278015167201716
9 81 0 0 0 0.3981146573160858 0.04770610707491358 0.06615750241549133 -3.5455823304132617 -0.027031147822510853 1.1785572010695773 0.06282924702645272
10 90 0 0 0 0.4600066531480586 -0.07649636954901197 0.07639085739539496 -3.0604439811886124 -0.04489748006239876 0.794627253623334 0.056363635961713454
10 90 0 0 0 0.5415515292466916 0.04944499268295814 0.07644528947458888 -3.0604439811886404 -0.04489748006240797 0.7946272536233079 0.05636363596171262
10 90 0 0 0 0.4122010160268586 0.0264982028222324 0.0763860201059416 -3.060443981188635 -0.04489748006240533 0.7946272536233102 0.05636363596171312
10 90 0 0 0 0.5068537495739882 -0.02778456334332098 0.03770126071803557 -3.2163642323466446 -0.07641009507839654 0.5027575724193908 0.06073390763524227
10 90 0 0 0 0.4767905078537876 -0.06666949179330961 0.037691530259775126 -3.216364232346646 -0.07641009507838685 0.5027575724194003 0.06073390763524272
10 90 0 0 0 0.39254170544755723 0.056467611930395595 0.07638470135317424 -3.0604439811886164 -0.044897480062399894 0.7946272536233479 0.05636363596171245
10 90 0 0 0 0.41863303405122054 0.023580970500315313 0.03770126444332528 -3.2163642323466126 -0.07641009507838209 0.5027575724194393 0.060733907635242904
11 99 0 0 0 0.4417935795685527 -0.08738950209468936 0.058938130423377526 -2.9069383913544513 -0.08982429841043471 0.801275307865644 0.06634883000152954
10 90 0 0 0 0.3971289385141167 0.03626414819719944 0.07638975098417476 -3.0604439811886053 -0.04489748006240224 0.794627253623343 0.056363635961712504
11 99 0 0 0 0.5233384556671865 0.03855186013728056 0.058992562502574085 -2.9069383913544664 -0.08982429841043928 0.8012753078656282 0.06634883000152923
11 99 0 0 0 0.3939879424473535 0.015605070276554745 0.058933293133926826 -2.9069383913544713 -0.08982429841044116 0.8012753078656203 0.0663488300015296
11 99 0 0 0 0.5368106701449742 -0.04975341197310766 0.044954846962208896 -3.6238945366658206 -0.03468982894685065 0.16217054928817648 0.06095384899216808
11 99 0 0 0 0.5067474284247733 -0.08863834042309694 0.04494511650394823 -3.6238945366658104 -0.034689828946837135 0.16217054928819344 0.06095384899216896
11 99 0 0 0 0.37432863186805243 0.04557447938471789 0.058931974381159914 -2.9069383913544495 -0.08982429841043231 0.8012753078656664 0.0663488300015292
11 99 0 0 0 0.44858995462220597 0.0016121218705272874 0.044954850687498535 -3.623894536665777 -0.03468982894683107 0.16217054928824448 0.0609538489921694
11 99 0 0 0 0.37891586493461143 0.025371015651521733 0.05893702401215939 -2.906938391354444 -0.08982429841043306 0.8012753078656644 0.06634883000152908
12 108 0 0 0 0.462375256295572 -0.09498144005892561 0.04544857926832509 -2.28640118266139 -0.09900543979372343 0.41299129409556523 0.04782112752084877
12 108 0 0 0 0.5439201323942044 0.03095992217304414 0.04550301134752064 -2.2864011826613684 -0.09900543979373314 0.4129912940955421 0.047821127520848536
12 108 0 0 0 0.4145696191743716 0.008013132312318772 0.04544374197887293 -2.2864011826613857 -0.09900543979373021 0.412991294095541 0.047821127520848716
12 108 0 0 0 0.5360435093212538 -0.022831694817561803 0.09427588600497663 -3.579503163819008 -0.05590190610740573 1.1096488618638642 0.08132273859863598
12 108 0 0 0 0.5059802676010517 -0.06171662326755181 0.09426615554671575 -3.579503163818948 -0.055901906107395434 1.109648861863881 0.08132273859863712
12 108 0 0 0 0.3949103085950704 0.03798254142048077 0.045442423226105665 -2.2864011826613844 -0.09900543979372514 0.4129912940955732 0.0478211275208485
12 108 0 0 0 0.44782279379848383 0.02853383902607345 0.09427588973026593 -3.5795031638188854 -0.055901906107390306 1.1096488618639253 0.08132273859863741
13 117 0 0 0 0.4647702919622384 -0.09699683265057357 0.04910264678942187 -2.7480851265453343 -0.15578198320993875 0.28923887117222064 0.05963692523827617
12 108 0 0 0 0.39949754166162965 0.01777907768728482 0.04544747285710589 -2.2864011826613693 -0.099005439793727 0.41299129409557234 0.04782112752084842
13 117 0 0 0 0.5463151680608714 0.028944529581396497 0.04915707886861841 -2.7480851265453166 -0.15578198320994652 0.2892388711721989 0.059636925238275934
13 117 0 0 0 0.5536276864014575 -0.02732679313606002 0.06657676015805211 -2.9653445648155063 -0.10402094885915188 0.016392717435250732 0.08264511667542461
13 117 0 0 0 0.4169646548410387 0.005997739720671371 0.04909780949997103 -2.7480851265453308 -0.15578198320994593 0.28923887117219105 0.059636925238275997
13 117 0 0 0 0.5235644446812562 -0.06621172158605029 0.066567029699791 -2.96534456481546 -0.10402094885914218 0.016392717435269703 0.08264511667542566
13 117 0 0 0 0.4654069708786883 0.02403874070757367 0.06657676388334077 -2.9653445648154277 -0.10402094885913683 0.016392717435313627 0.08264511667542628
13 117 0 0 0 0.39730534426173786 0.0359671488288332 0.04909649074720374 -2.748085126545342 -0.15578198320993658 0.28923887117223834 0.05963692523827598
14 126 0 0 0 0.4628475703053082 -0.09958966487178644 0.06989110783373284 -2.8463539122198505 -0.16572476755237703 -0.19552050247563676 0.058479638855891004
13 117 0 0 0 0.40189257732829664 0.015763685095636897 0.049101540378203246 -2.7480851265453308 -0.1557819832099385 0.2892388711722355 0.05963692523827588
14 126 0 0 0 0.5443924464039409 0.02635169736018383 0.06994553991292977 -2.8463539122198136 -0.16572476755238472 -0.1955205024756568 0.05847963885589086
14 126 0 0 0 0.4150419331841083 0.0034049074994591433 0.06988627054428227 -2.8463539122198345 -0.16572476755238394 -0.19552050247566527 0.05847963885589076
14 126 0 0 0 0.5667932782991175 -0.07737935849290871 0.13984458025862556 -3.696526326443891 -0.1400298064675803 -0.43608104609146664 0.09357496632085593
14 126 0 0 0 0.536730036578915 -0.11626428694289997 0.13983484980036234 -3.696526326443825 -0.14002980646756968 -0.4360810460914442 0.09357496632085721
14 126 0 0 0 0.478572562776346 -0.02601382464927701 0.13984458398391125 -3.6965263264437853 -0.1400298064675602 -0.43608104609137033 0.09357496632085824
14 126 0 0 0 0.39538262260480783 0.03337431660762015 0.06988495179151488 -2.8463539122198727 -0.16572476755237367 -0.19552050247561772 0.05847963885589098
14 126 0 0 0 0.39996985567136645 0.01317085287442367 0.0698900014225142 -2.8463539122198553 -0.16572476755237586 -0.1955205024756206 0.05847963885589088
15 135 0 0 0 0.44575771891986926 -0.10391050208268386 0.04146641924908408 -3.136315420482411 -0.12889136754637187 -0.5081853223263201 0.05531045455573764
15 135 0 0 0 0.5295978987414703 0.02045918708631732 0.040474535947647466 -3.0623053762303987 -0.13838034325814788 -0.4234580445265791 0.05704845165393509
15 135 0 0 0 0.40024738552163797 -0.0024876027744072304 0.04041526657899997 -3.0623053762304293 -0.13838034325814547 -0.4234580445265897 0.05704845165393505
15 135 0 0 0 0.573312204301776 -0.03686678761435505 0.11139623102073348 -2.814444821436585 -0.17748627142274986 0.3636819212208538 0.07835672574994205
15 135 0 0 0 0.5432489625815747 -0.07575171606434591 0.11138650056247212 -2.814444821436543 -0.17748627142273793 0.36368192122087784 0.07835672574994326
15 135 0 0 0 0.4850914887790067 0.014498746229277739 0.11139623474602234 -2.8144448214365028 -0.17748627142273307 0.36368192122092374 0.07835672574994404
15 135 0 0 0 0.3782927712193685 0.029053479396721725 0.04146026320686645 -3.1363154204824117 -0.12889136754636826 -0.5081853223263015 0.055310454555738166
16 144 0 0 0 0.45468027810106904 -0.09531170535948513 0.019040408192930725 -3.1812397503964824 -0.19517416478725733 -0.588762852760612 0.051758573728178034
15 135 0 0 0 0.385175308008896 0.007278342600557305 0.0404189974572315 -3.0623053762304497 -0.1383803432581367 -0.4234580445265403 0.057048451653935114
16 144 0 0 0 0.5410255168266226 0.029210599877265514 0.02906122333359117 -3.2750003010755817 -0.07708006221534691 -0.5609104864869172 0.04076448437668143
16 144 0 0 0 0.3978628353829414 0.0056437756781995705 0.02414144711578045 -2.937780148550944 -0.11854732771020712 -0.14734836228701403 0.053882042417403075
16 144 0 0 0 0.566998107958486 -0.035240828833344055 0.10497768994071201 -2.710053250263629 -0.17618959995698205 0.9753261428773874 0.08738052596460638
16 144 0 0 0 0.5342176409883225 -0.07158233577147834 0.10949903159596384 -2.8273613226355647 -0.20739488600031972 0.5699068297593637 0.08947631509443625
16 144 0 0 0 0.4787773924357156 0.01612470501028942 0.10497769366599996 -2.71005325026351 -0.17618959995696612 0.9753261428774592 0.08738052596460806
16 144 0 0 0 0.3872153304005673 0.03765227611991991 0.019034252150711927 -3.1812397503964696 -0.19517416478725647 -0.5887628527606006 0.05175857372817863
17 153 0 0 0 0.4445068338825686 -0.09122129607647675 0.02138494105187957 -3.4669325523282732 -0.10493358603712766 -0.4704729275020825 0.05129308050586815
16 144 0 0 0 0.39660292609404857 0.01602975539150584 0.029005684843175675 -3.2750003010756275 -0.07708006221533656 -0.5609104864868811 0.04076448437668147
17 153 0 0 0 0.5310083390977792 0.04008468564569117 0.03531434905485494 -3.3812523480595917 0.04123016037064586 -0.5400819521988629 0.04049847027543007
17 153 0 0 0 0.40510337161008453 -0.0005894397767050221 0.03881129656297209 -3.5011348440726997 -0.16159012147622004 0.15596009385076912 0.05997973687937244
17 153 0 0 0 0.5647901838959714 -0.0019995828732893013 0.09583656345094278 -3.0326135628759916 -0.2343072475337502 1.8102308082543066 0.08539343774052392
17 153 0 0 0 0.5231178111194233 -0.04370444414588376 0.0891204533151021 -3.2946988712897447 -0.20515108758582776 1.1295246419591607 0.0916266218280777
17 153 0 0 0 0.47656946837320174 0.04936595097034503 0.09583656717623286 -3.0326135628758704 -0.23430724753373527 1.8102308082543677 0.08539343774052548
17 153 0 0 0 0.37704188618206674 0.041742685402928484 0.021378785009659663 -3.4669325523282595 -0.10493358603712759 -0.47047292750206937 0.05129308050586859
18 162 0 0 0 0.4586465875147983 -0.08469334638910961 0.0200890451534209 -3.6088841220856214 -0.14293173053910482 -0.46123303896342416 0.0452527384206543
17 153 0 0 0 0.3865857483652056 0.026903841159932575 0.035258810564440586 -3.38125234805961 0.041230160370654995 -0.5400819521988327 0.040498470275430125
18 162 0 0 0 0.5442103982301472 0.0378948228896887 0.06790838312412426 -3.3844534482342272 0.06807005043846165 -0.3538389889012846 0.035571289476419736
18 162 0 0 0 0.4074821228640149 0.00716242834297156 0.023913928767057543 -3.250706614767965 -0.16082087949272927 0.4976339466863979 0.058017840783872725
18 162 0 0 0 0.5728785899173231 0.0014535909370037602 0.07284036105681292 -3.390380803112152 -0.1735333154623829 2.409927830409177 0.09089444070764932
18 162 0 0 0 0.513518428949443 -0.03359951407998454 0.10585138555170107 -3.508062540390814 -0.2392098330287967 0.7317165528580658 0.10161096034146178
18 162 0 0 0 0.48465787439455266 0.05281912478063872 0.07284036478210343 -3.390380803111988 -0.17353331546236586 2.4099278304092446 0.09089444070765096
18 162 0 0 0 0.3911816398142955 0.04827063509029545 0.020082889111199383 -3.6088841220856103 -0.14293173053910815 -0.46123303896341733 0.04525273842065445
19 171 0 0 0 0.46076468703558643 -0.09467772978979544 0.021734382406741165 -3.5814383343348513 -0.12916688411416558 -0.5376168692306306 0.04772492650609273
18 162 0 0 0 0.3997878074975734 0.024713978403930272 0.06785284463371029 -3.3844534482342357 0.0680700504384692 -0.3538389889012525 0.035571289476419764
19 171 0 0 0 0.5214366274350992 0.03993582424589054 0.061078052478035084 -3.0211708312228818 0.004996521107606753 -0.2431804776760367 0.04516613282537026
19 171 0 0 0 0.40649324454743907 0.00941900051995509 0.015896201660704788 -3.089674629746361 -0.16219609300923216 0.7162215684647385 0.05407994861019003
19 171 0 0 0 0.575344007682299 0.01324280194147752 0.04597402484955309 -3.1798060452250443 -0.2051473528703212 2.1153878547102702 0.08058031477856761
19 171 0 0 0 0.5327868324555842 -0.051772335301526855 0.07391862358389949 -3.2062905228765404 -0.20765741968291612 0.553370336293769 0.10141133967516258
19 171 0 0 0 0.3932997393350841 0.03828625168960989 0.021728226364520632 -3.5814383343348464 -0.12916688411416685 -0.537616869230619 0.04772492650609295
19 171 0 0 0 0.48712329215953015 0.06460833578511246 0.04597402857484488 -3.1798060452249284 -0.2051473528703046 2.115387854710328 0.08058031477856924
20 180 0 0 0 0.453494007736576 -0.09051384733273285 0.010544096105776392 -3.4355398744420453 -0.10635061638649228 -0.7502337065796683 0.047860927502018515
19 171 0 0 0 0.3770140367025251 0.02675497976013174 0.06102251398762062 -3.021170831222898 0.004996521107614675 -0.24318047767601164 0.04516613282537024
20 180 0 0 0 0.5041796482908006 0.05721839852324556 0.040267166884568814 -3.1259699827075442 0.1019765909168304 -0.4771757285157847 0.03107289989845405
20 180 0 0 0 0.40783801699788375 0.009772265585258287 0.01544088449190274 -3.2189380034781427 -0.1704303237645155 0.6339248510093988 0.05243911531649316
20 180 0 0 0 0.5706534073694565 0.02991811889073732 0.03676525494571422 -3.076283922472782 -0.2507082158485261 2.498452660404975 0.07363011869436896
20 180 0 0 0 0.533081093195167 -0.019030647501535495 0.05747991537080722 -2.906690717976173 -0.20867126381322945 1.330470161042471 0.0933180100327933
20 180 0 0 0 0.4824326918466887 0.08128365273437287 0.03676525867100722 -3.0762839224726863 -0.25070821584851044 2.4984526604050212 0.07363011869437035
20 180 0 0 0 0.38266651025902093 0.04797111744909326 0.026797876534778317 -3.456835504771688 -0.15034546187835462 -0.42113893608297065 0.05420653601815265
21 189 0 0 0 0.44665996088949383 -0.08483662464103206 0.01484581930388117 -3.267142658714862 -0.11033319719388889 -0.8306631193816547 0.05334086425497018
20 180 0 0 0 0.35975705755822696 0.04403755403748755 0.04021162839415519 -3.1259699827075527 0.10197659091683729 -0.47717572851577317 0.031072899898454104
21 189 0 0 0 0.5098526436898174 0.04510615775893616 0.033398749175229954 -3.5335338821513087 0.08747006085088513 -0.14189411752152348 0.02616293972670906
21 189 0 0 0 0.40887611715912475 0.023339023854101273 0.01935189223581884 -2.999058418561204 -0.19142247539311705 0.5391234697777129 0.05164387155014239
21 189 0 0 0 0.5756974583089667 0.032485825632648936 0.03948677789654712 -3.2779271726817645 -0.13839500329125803 2.720745505777031 0.06686735488216533
21 189 0 0 0 0.5527247629894312 -0.016705995183215104 0.04716636301020163 -2.4759395201868726 -0.21635642891171278 1.8015822188701194 0.08486925475786661
21 189 0 0 0 0.3791611268472413 0.04628900263685771 0.02054505812468739 -3.389057498317172 -0.1768198410562702 -0.49283879552404125 0.05063274189629117
21 189 0 0 0 0.48703227766249335 0.07793143749346634 0.03856805939503629 -3.2015565169365345 -0.13479920744508278 2.601453583580359 0.06730674859652605
22 198 0 0 0 0.4480073605241312 -0.08113994329678613 0.007200927842286953 -3.0678258294970155 -0.0510434575416407 -0.8414764354326109 0.05092013380502629
21 189 0 0 0 0.36543005295724346 0.03192531327317837 0.03334321068481581 -3.5335338821513074 0.08747006085089569 -0.14189411752150227 0.02616293972670907
22 198 0 0 0 0.5232672775333322 0.049974007831441535 0.023046330233831142 -3.943667427092065 0.10905383971712374 -0.41871892359502644 0.03190777847505788
22 198 0 0 0 0.5822884222770053 0.023622695414751083 0.050299311729514504 -3.1665059265229103 -0.21938193647294932 2.667534205738981 0.07268760175175058
22 198 0 0 0 0.40483977287572326 0.02294264129244099 0.006889967288874687 -3.3202345992105537 -0.19581438053408312 0.4414831208710554 0.049255684387566855
22 198 0 0 0 0.5445247868254431 -0.01836594070758446 0.029433078961850486 -2.7857552946937454 -0.2786017921767361 1.9841209086148999 0.08424618272759474
22 198 0 0 0 0.37971418263363843 0.04127370483649183 0.012555650842128849 -3.0604363749898127 -0.14395839600786833 -0.4399084539774102 0.05064382976394664
22 198 0 0 0 0.4794022676942161 0.07488886809714544 0.050085520843875714 -2.7730661263368925 -0.21996750109458577 2.3212843469732434 0.07184521026524877
22 198 0 0 0 0.3744349349949713 0.04233987113437698 0.02311042379427683 -3.8234813616197143 0.117509187080142 -0.4251950329191444 0.031679766710408355
23 207 0 0 0 0.4465139138238913 -0.07912041197895897 0.0064073828717018865 -3.32843523740519 -0.06797295898362056 -0.5747710397456198 0.053184506207836886
23 207 0 0 0 0.5291225234847385 0.03987984576089508 0.00951760494009767 -3.6513641571307343 0.12232014207171857 -0.19901742323168484 0.038928245415960364
23 207 0 0 0 0.576792913693344 0.012615471593980104 0.026422939135429067 -3.1768351067648277 -0.144999230550487 2.6563638344334257 0.08092336320473084
23 207 0 0 0 0.4085604823157448 0.013663989614736966 0.007871374256146457 -3.3072272347837575 -0.18271761870024933 0.6301774438322104 0.046434700100874235
23 207 0 0 0 0.540975723220175 -0.0016429012342906158 0.02901200467525348 -3.079632542244035 -0.2520314790672535 2.5574648181261295 0.08176732749703032
23 207 0 0 0 0.3847775563899894 0.04397250155668439 0.02078754143508691 -3.089257706906862 -0.1608208767682935 -0.4283990237170934 0.050660256751372104
23 207 0 0 0 0.47435505108559733 0.06421363448653052 0.04149031300821737 -2.8960122047781587 -0.1696441493387275 2.179923483746127 0.07609235125417713
23 207 0 0 0 0.38327130754060657 0.030039026396346858 0.009988888700798927 -3.5704944480825267 0.12567236424737696 -0.17784403751345063 0.03791114319101039
24 216 0 0 0 0.4403697022368389 -0.07498709064719539 0.01488227540408183 -3.3620843017102824 -0.04957233341254135 -0.3802691755288123 0.04997083600526629
24 216 0 0 0 0.5411066619774687 0.03512554870512597 0.02217149131781397 -3.524012574848251 0.13640010642911074 0.04582093899802133 0.04673409140106392
24 216 0 0 0 0.5674161218785568 0.020622800058565798 0.03732182083210112 -2.9940252039324706 -0.17219289395354004 2.4499119193010075 0.07870096667635673
24 216 0 0 0 0.5264695323745749 0.00026238945998640473 0.03397117633070536 -3.342370954710645 -0.2507288096880604 2.3722713317094524 0.08863268425386708
24 216 0 0 0 0.41352030391391503 0.012086991105804412 0.011754671294232216 -3.31625685687681 -0.1766449297890607 0.6083403522104716 0.04962653522006773
24 216 0 0 0 0.46337088438467466 0.05494962124557526 0.021108816209200323 -2.886512185139269 -0.14907502227139652 2.1628191421681886 0.06670016366200349
24 216 0 0 0 0.3882034069752874 0.04799661016710795 0.01313922035425936 -2.974536982704584 -0.15971581600707815 -0.5009626956402271 0.04336318054541001
24 216 0 0 0 0.3819339762380713 0.036922027373904924 0.011091758605315473 -3.322792637696952 0.11341314310023706 0.23217818610167598 0.037571073777861265
25 225 0 0 0 0.43454264757756716 -0.06656437837407883 0.009794631327326143 -3.444370028587948 -0.09103130174369256 -0.36762335382878064 0.05399514767284557
25 225 0 0 0 0.5346645120076304 0.046029963378731616 0.021073269819583178 -3.55382626692757 0.16806716513800832 0.45369991058122155 0.03817920143868204
25 225 0 0 0 0.5668379134532124 0.030000315471098268 0.030594637300154784 -2.9976460733921826 -0.19236690576882728 2.284380126980842 0.06605472823242274
25 225 0 0 0 0.4120048816055365 0.010760199982959306 0.010020822954154478 -3.2227140261988576 -0.1973577177839149 0.5852304677194564 0.05293219125098048
25 225 0 0 0 0.5234158607702674 -0.011247720906885621 0.022630106385111353 -3.148692090901944 -0.27182615706944213 2.137426386516003 0.10309985468491109
25 225 0 0 0 0.45224584751764985 0.0390055300091221 0.020410284907945525 -3.2479642924083088 -0.1621185421822267 2.417677432946879 0.0727626680586018
25 225 0 0 0 0.38759443955350187 0.04152731527511412 0.007777607084883937 -3.0104334402300372 -0.17288513874913597 -0.6852790542792274 0.04855928587582826
26 234 0 0 0 0.4335509170073985 -0.07151061578358324 0.012811690633508826 -3.314764057709272 -0.06479509647383523 -0.4900967142337998 0.053006856070354554
25 225 0 0 0 0.3821888380359357 0.05388882467375778 0.020023174478480912 -3.606229465511229 0.11998882397190026 0.41489687173342965 0.03967833486090685
26 234 0 0 0 0.5424661311769855 0.04473665742279268 0.027312128263135605 -3.463932161753323 0.13015190008069277 0.474821315719164 0.04523482292089535
26 234 0 0 0 0.5536695788399717 0.042892461462336516 0.02443546814322444 -2.9142887317976887 -0.16289848960061057 2.6443243454874743 0.06397691618033062
26 234 0 0 0 0.5106469606920822 -0.0032365887840664184 0.030115850642913253 -3.0755574117489526 -0.2597492479031736 2.108466227443767 0.11224576986622067
26 234 0 0 0 0.41439663455055054 0.013301099213881291 0.016168704111903402 -3.276436223853296 -0.185965322102063 0.6951052453449602 0.05493876718908083
26 234 0 0 0 0.44302407540999766 0.04391655744395055 0.019015176533870734 -3.4429346919067574 -0.19774154782506273 2.5412637474508655 0.0762289129000505
26 234 0 0 0 0.37792685585743113 0.0365252634775654 0.008434792884287444 -3.231669939311388 -0.18068590857767688 -0.7866548102105483 0.050075150355970946
27 243 0 0 0 0.4321480346695173 -0.07808461435037121 0.01574256335774767 -3.2848450671838263 -0.03458030256453986 -0.39848041695586806 0.05091870089174216
26 234 0 0 0 0.3882194619201266 0.047542531280178095 0.010391542132823695 -3.2844273894921647 0.16834878702398712 0.46120832700237946 0.04462961873903483
27 243 0 0 0 0.549095380068591 0.03889727616562977 0.018672651435445366 -3.3755518515474625 0.1729341409224967 0.28840868458066654 0.03988724398700261
27 243 0 0 0 0.54110905587378 0.048091429025439204 0.023790789791175843 -2.8813133835099984 -0.17552485524478134 2.516289153723974 0.06534168159543001
27 243 0 0 0 0.5218715656196796 -0.003423376515196125 0.02889890309247512 -3.057963157408426 -0.2850049312909326 2.386436277251182 0.1195895836816208
27 243 0 0 0 0.4024318345810539 0.015172657575457753 0.007953249375435642 -3.2376391041480104 -0.19993605812489937 0.7006550941621464 0.0522144274778255
27 243 0 0 0 0.4435215278975199 0.04483050710811772 0.026973954180111517 -3.221272010273832 -0.2137882418079651 2.3166196226885454 0.07507684415536685
27 243 0 0 0 0.37992414415526765 0.04040751546472002 0.010155944675709112 -3.2943736705435525 -0.1726216664053103 -0.7246792777887621 0.05138629116951619
28 252 0 0 0 0.4321876731377715 -0.07551799458281486 0.005937438356084268 -3.32540548180323 -0.012077525228260007 -0.5318194073231108 0.04912860306499389
27 243 0 0 0 0.38092990222982953 0.04661184257119181 0.006935158409120007 -3.2415563040191344 0.12785190168303676 0.3755570157572707 0.04817652162517682
28 252 0 0 0 0.5536514168223312 0.04668765527073075 0.02479672492216165 -3.217197344636907 0.27495475351413473 0.6985192332572369 0.038335452431736035
28 252 0 0 0 0.5530536430288114 0.04209323343706248 0.033486194106081044 -2.8349297782685485 -0.17695621142566473 2.418176071853929 0.06233407227759977
28 252 0 0 0 0.5005065695477613 -0.0028645899141146697 0.046039915168177625 -2.6712150098412644 -0.2940430720115238 1.6859671997150603 0.1185316882969479
28 252 0 0 0 0.40614413246076014 0.02071683076213274 0.008112498329725578 -3.280365684178205 -0.18003550177666572 0.9266275029194831 0.05468004117886272
28 252 0 0 0 0.3828898672860049 0.048580197875382786 0.008011854525803707 -3.321447928918761 -0.20922146804462027 -0.882770769552313 0.04922590940914434
28 252 0 0 0 0.4540561863869909 0.057746201577547555 0.024966019783894716 -3.3102442179002556 -0.26403866106485824 2.402548137751823 0.08191805279456871
29 261 0 0 0 0.554137478904643 0.043687322918301644 0.02098034298570129 -3.2733151616769716 0.3076037727307758 0.6693478475384004 0.04588299817584358
28 252 0 0 0 0.38298455901772055 0.047339870275642085 0.020941936658272837 -3.1691282367342537 0.14020986759685747 0.5606437942630007 0.04735879766674183
29 261 0 0 0 0.43729178098764754 -0.07580928873800277 0.005344899116418549 -3.200419913421283 0.007920572100327827 -0.5978933525114382 0.04999168136212083
29 261 0 0 0 0.5538097279304867 0.04311881301035979 0.027062406031292195 -2.6786996853543643 -0.19454543391827744 2.408874846799735 0.05614882853061544
29 261 0 0 0 0.5012981087507768 -0.023798991308561404 0.030464862560917218 -3.038225834685486 -0.2915009842827712 1.9496996381767755 0.12369031152910472
29 261 0 0 0 0.40332392894611285 0.026087027675192363 0.0056151960180303995 -3.1954429032066813 -0.19304567710591708 1.0297044473549206 0.053142144597983644
29 261 0 0 0 0.3825667022111148 0.04933175422650148 0.005681724278173213 -3.245275430979454 -0.19747975158515652 -1.06166038374388 0.04875279413034678
29 261 0 0 0 0.45660148455843264 0.061995130270598435 0.022337106121259134 -3.351910509187487 -0.30660550654302715 2.6984428252358064 0.07915979091642902
30 270 0 0 0 0.5411128865544322 0.051841272589890734 0.018328231059081976 -3.185129220045172 0.33373172834018383 0.7984322640331231 0.048165053750187564
29 261 0 0 0 0.3927097390312396 0.05163839063007529 0.016140257963071555 -3.2497518496216826 0.09789031242080674 0.8055888326107766 0.0452618481572929
30 270 0 0 0 0.43798558790763836 -0.07638967295710097 0.00918559744664077 -3.2671220366287494 0.005351537289744738 -0.621578721451046 0.05067595954608021
30 270 0 0 0 0.5467620040876472 0.03542569671492029 0.02000697734698728 -2.81722459643926 -0.19749270487560544 2.0511713497565007 0.05219828929774602
30 270 0 0 0 0.5002028093519745 -0.0014680115919462053 0.01426536433385668 -3.3874657906473 -0.2907391841977735 2.1304693647025865 0.13759649832859575
30 270 0 0 0 0.40195744788323906 0.02241312164659718 0.004627972756841156 -3.3378563484944483 -0.19135884452284596 1.065800146788541 0.05626450572955726
30 270 0 0 0 0.3884512012720179 0.04333407734926141 0.008037478087976292 -3.1513177414928903 -0.1963137224612413 -1.0512827324031901 0.04844010146168484
30 270 0 0 0 0.44755151377668245 0.05273713290221232 0.014212099257201108 -3.38191444564798 -0.3103081996459077 3.113983197565481 0.08350058906488667
30 270 0 0 0 0.3960912812676453 0.04347643073951253 0.008585787558639951 -3.245839879654446 0.1576706265585955 0.6044124875387737 0.04333073239958624
31 279 0 0 0 0.43908951081196623 -0.0777426826794352 0.0035616873747485044 -3.2164424075429667 0.026159897591698938 -0.5743893530254656 0.049726537531944955
31 279 0 0 0 0.533891825666334 0.06252583473859413 0.01917083684504542 -3.3971489546651448 0.21779371765880545 0.6013218171144075 0.049724201616332446
31 279 0 0 0 0.5346693561135624 0.03794231153302056 0.01257007213961811 -3.1820881536942585 -0.17937024085907594 2.310692225529065 0.05940587395954343
31 279 0 0 0 0.4816693891648599 -0.04763085070049061 0.029401573873344525 -3.2525708415836236 -0.3388260751306979 1.971950340302977 0.13147420513026017
31 279 0 0 0 0.40616158631140686 0.017503085867695264 0.010409688986924367 -3.1124550417383396 -0.18957183419169246 1.194062742850616 0.05478294291506981
31 279 0 0 0 0.38937250179875604 0.04876971283839046 0.006901280931451248 -3.364102621986129 -0.2245096154991977 -1.1673977897888634 0.0513539505292647
31 279 0 0 0 0.4569298746460197 0.052295896312578055 0.023832191986545136 -3.4762061498991796 -0.2632070481128485 3.1109425246163203 0.07811114733261004
32 288 0 0 0 0.5273441756750937 0.060369365839799044 0.012374626239971116 -3.3009869609681184 0.26872179731720436 0.8010878972822748 0.05651567289326714
32 288 0 0 0 0.43894422933969435 -0.079297281080349 0.004286565158718845 -3.368534022636229 0.011248718076686055 -0.5514674935018687 0.04901072110068703
31 279 0 0 0 0.3979925766492303 0.041898951239078684 0.019964446652783744 -3.447005537303065 0.13245046194663418 0.6028496081201036 0.04839856761189323
32 288 0 0 0 0.5310869679373702 0.030367088168233282 0.013188208840364837 -3.3281338812439647 -0.1797266641649195 2.6208099142915353 0.059403153549580444
32 288 0 0 0 0.46152854225209 -0.030568576073741232 0.02728023378892254 -3.286857152268398 -0.48965326807405574 1.8618380382865907 0.1402148583064224
32 288 0 0 0 0.3907272425473427 0.048164832024596996 0.0081662977329947 -3.2663845062941115 -0.2551654936464292 -1.18273765107972 0.05240069263498429
32 288 0 0 0 0.40580124880043345 0.01924667227357476 0.014506820194452336 -3.037327344232368 -0.203866569052561 1.1815046042962118 0.05355987487764106
32 288 0 0 0 0.45610692761599764 0.041654976975534636 0.01872364189902151 -3.475772053956964 -0.2977267458173988 2.995602731259236 0.07473494709794287
33 297 0 0 0 0.5227860280178747 0.06413193309739922 0.014392589378205714 -3.3622103506930405 0.3075930345851331 0.6755024796697381 0.05582652449102089
33 297 0 0 0 0.44168647381244247 -0.08193785903744016 0.003808333043098203 -3.4431981174554918 0.0030800123951298464 -0.5361110373407936 0.050192212784629424
32 288 0 0 0 0.39699668213736305 0.04494324660629416 0.01136892563497432 -3.5745267816649067 0.12782176783961727 0.4723192779020745 0.04563251737891072
33 297 0 0 0 0.52624977868118 0.027807258381491003 0.010680260567850939 -3.391009014408539 -0.20100226985131842 2.8428561511154284 0.04535219605933936
33 297 0 0 0 0.4776642636132011 -0.03204619623557241 0.022922154820038346 -3.382685516760633 -0.44228136432293136 2.2061384240940334 0.14202638741221207
33 297 0 0 0 0.3910087228165534 0.049067499339613505 0.008642907182583611 -3.320653731572864 -0.2679436730690741 -1.1585858031286411 0.054058364947012084
33 297 0 0 0 0.4656984636343305 0.06367861734631078 0.016766771872607514 -3.2912708610279293 -0.32210448035456085 3.052567723047075 0.07497623760905515
33 297 0 0 0 0.40696629929958245 0.027829051409581702 0.007694560940898038 -3.3267692842773537 -0.21501964369318846 1.201510066250215 0.051234419982718174
34 306 0 0 0 0.5146332156943243 0.06256452344871777 0.010996073360546785 -3.383797192418027 0.30517936132155643 0.5621348585558977 0.054056536713036486
34 306 0 0 0 0.43926360260679337 -0.08052085812417786 0.004855447182048609 -3.4236737541793394 -0.001174478571655378 -0.562422799933267 0.050737950342679694
33 297 0 0 0 0.39588241814078834 0.04887529496197208 0.008482625166480356 -3.5023176020219537 0.10691741827873633 0.5835047827956952 0.051801714400838576
34 306 0 0 0 0.5253275689807122 0.026183916927149754 0.012444797398008264 -3.411782761785385 -0.1533665262200122 2.702991104408849 0.045487335266993625
34 306 0 0 0 0.4753704703885149 -0.02284118282858815 0.032013597734001524 -3.3687428107852084 -0.522724894723491 2.2573746838826962 0.14685825366089986
34 306 0 0 0 0.39877749036295446 0.04627028374358962 0.00800169831621218 -3.3719996261561893 -0.2409102228572608 -1.0860682972407476 0.04798659585728574
34 306 0 0 0 0.4708939856266686 0.06399747897647419 0.018088445590675215 -3.2396906180592175 -0.31421975713044353 3.206204297925079 0.07183467036389438
34 306 0 0 0 0.4072514189420442 0.03339223610061123 0.006913121544249365 -3.2526063097219713 -0.20989070058412926 1.1861499012108174 0.05141638214465091
35 315 0 0 0 0.529467410630111 0.05606606877839762 0.011559260153952632 -3.420236691213949 0.33216227416456834 0.698820576329683 0.05381783537134047
35 315 0 0 0 0.44254410742568523 -0.08238655160058349 0.002517300543674129 -3.4302051725457634 0.006291276408533702 -0.5487509514512003 0.05176930144322283
34 306 0 0 0 0.39375664993445003 0.047876953588759624 0.010477021925477618 -3.4374544476390794 0.10456461357285991 0.687890904628653 0.05329084805966331
35 315 0 0 0 0.541934326371701 0.025550189817915767 0.014391156198046155 -3.085326782896536 -0.16294426633443576 2.34117050115786 0.05247619150147198
35 315 0 0 0 0.5011055373165846 -0.04986048317214132 0.011655290862422724 -3.180373914986265 -0.42708502804900084 2.254414390582299 0.15103454820210882
35 315 0 0 0 0.39537566261883894 0.04499311497724505 0.00577064078023792 -3.272661656389441 -0.2245289452599203 -1.0639902080841042 0.04634253561653426
35 315 0 0 0 0.4564114498656626 0.05937626215468181 0.023425113056324463 -3.3046084200422285 -0.3023728820298188 3.0901162437146037 0.0736436057191556
35 315 0 0 0 0.4087361328179153 0.029619534374173716 0.00938642169998776 -3.21404129850448 -0.19334693529422425 1.185060361914667 0.05273481499003754
36 324 0 0 0 0.5288447191202328 0.05107548574436871 0.01411972117581545 -3.1545264395514407 0.27855557859916225 0.6636172009313666 0.05229128418485045
35 315 0 0 0 0.39589519286023417 0.04306713085601894 0.009551168086289327 -3.570692818554951 0.09937372276024246 0.6187939499995041 0.05693423266510746
36 324 0 0 0 0.4408415792639965 -0.08055920826406401 0.0047076093827346155 -3.4477932995621603 -0.00967738178282073 -0.5805065910001356 0.052308674868954345
36 324 0 0 0 0.5540405473568603 0.030294888718695477 0.025320453172446737 -3.08060252407749 -0.22717112485160634 2.565680244530838 0.05091833068458152
36 324 0 0 0 0.4882660024274229 -0.03403709366573882 0.03779487443578195 -3.762415186474479 -0.43197475327129364 1.9191827646145085 0.156090939240953
36 324 0 0 0 0.45272518885039387 0.05345091496791735 0.013440776106648317 -3.2528419143043443 -0.30570406104985065 2.9122789133203573 0.07208301336125889
36 324 0 0 0 0.40187639369146233 0.038444833312357554 0.006774638078153679 -3.2010845052979455 -0.20445181753938022 -0.9622224721138238 0.04653349080778691
36 324 0 0 0 0.4109754069294695 0.02821796180200952 0.0030338059834951986 -3.2513218735929175 -0.16266393702625184 1.2885004490482912 0.05215606756922939
37 333 0 0 0 0.5310471447031581 0.050372808387858015 0.009809502373974481 -3.204841561604042 0.24470337926396704 0.6527420772891717 0.05282523890618485
36 324 0 0 0 0.3971090906868366 0.03904476090896098 0.007753167635274349 -3.33248809466397 0.12159556223354229 0.48165809880804783 0.05755977935303302
37 333 0 0 0 0.43927176568943 -0.07583469502737238 0.0042293078250045125 -3.434338905185234 -0.01648317842465663 -0.6276833289429442 0.05260329221091538
37 333 0 0 0 0.546617227734405 0.03592799291329705 0.018650888579466347 -2.9779128081599446 -0.24694886440185945 2.238506376439114 0.043924625942372286
37 333 0 0 0 0.4781404265721264 -0.02442734974379864 0.03361351152786914 -3.7927355827762583 -0.4713659091001355 1.5134573922938654 0.17367086555343794
37 333 0 0 0 0.45217506274329405 0.059904982387061635 0.013607362407349508 -3.23133225732744 -0.34049100729173754 2.8110928342117347 0.07040649292446002
37 333 0 0 0 0.3905599975436558 0.03658952679840034 0.003647460818626361 -3.2912346873991387 -0.19295476093247266 -1.0576884535321567 0.04959580838933318
37 333 0 0 0 0.4116678212093847 0.022847571130022785 0.0034494012679157048 -3.248826441089239 -0.16358955781129475 1.3228345972135622 0.05435006740418422
37 333 0 0 0 0.39124455378316336 0.03998674477693139 0.003857702279444122 -3.4347990571873797 0.14853775826489815 0.31150258356725 0.05334963457365356
38 342 0 0 0 0.5352266818519805 0.04588591520313235 0.003342085944287703 -3.2138151934489803 0.22399724635395157 0.6078853853973882 0.060563077956841536
38 342 0 0 0 0.4407564563197635 -0.07653928426132477 0.0002692902084966843 -3.3817746908959103 -0.014156232204959773 -0.6579911671699958 0.05252302739536645
38 342 0 0 0 0.5478747229010362 0.03906910774655924 0.013024284527545017 -3.119200907807963 -0.25155594613265375 2.559920809715565 0.04147531654508871
38 342 0 0 0 0.4873002992458373 -0.012190114843792923 0.018530644173472364 -3.5850554752346344 -0.5230533262605666 1.884553013623133 0.15428389305989215
38 342 0 0 0 0.38505963270026583 0.0400669061260752 0.00476531366084357 -3.2347936348373003 -0.1841877403264013 -1.0024282495524417 0.04898544565797174
38 342 0 0 0 0.44687349883580435 0.05352121990725227 0.012026337717238196 -3.374559368215083 -0.355544946972492 2.9355280582919443 0.0730639260264659
38 342 0 0 0 0.4133921274886769 0.02069642385574475 0.0019241397891101453 -3.2017422283518657 -0.12532990289060472 1.4060045487441208 0.05486195540707439
38 342 0 0 0 0.3951992845946281 0.03997176957207409 0.00496035034527586 -3.4536392585455062 0.13206374063350987 0.25624802644953143 0.05206057434024704
39 351 0 0 0 0.5372183201836571 0.04820791595317803 0.005594105645015646 -3.1251020551583304 0.23745864250828339 0.7618115483342208 0.06357413468699734
39 351 0 0 0 0.5455095478151805 0.032269363080203284 0.01886225143007171 -3.0554159668661316 -0.25119226243806114 2.3378341366414 0.03731946289837219
39 351 0 0 0 0.4425433165426964 -0.07840522843302157 0.0009121219980581984 -3.417540009978247 -0.008597618420925586 -0.6168979308154833 0.052631841570805186
39 351 0 0 0 0.49306457619757765 -0.001222517060273035 0.01880162765534647 -3.1061886883235874 -0.5127054173650784 2.0621960215663564 0.14458332009105201
39 351 0 0 0 0.3841412458764231 0.035243985089932185 0.005493929455966557 -3.2990861338929145 -0.16791260658228538 -0.8701661898835041 0.04860260444233836
39 351 0 0 0 0.4464221184047547 0.048356992066065876 0.012441375555285974 -3.4824589252262887 -0.3560734724458803 3.1061203976564453 0.07544369609230324
39 351 0 0 0 0.4143730226596715 0.020152226863937635 0.0025120263265166268 -3.1965202350117035 -0.1009247823360998 1.491659375103824 0.05693274397022961
39 351 0 0 0 0.3979352898435121 0.0398085666405418 0.0039656064450899736 -3.470134787389142 0.14200402883284788 0.342908625114302 0.05539522490269532
40 360 0 0 0 0.5291437358956826 0.05211683448339175 0.006790703679139139 -3.2003686242567646 0.24848043552165472 0.5513600076793888 0.06529505430481389
40 360 0 0 0 0.5366036357393409 0.030841413836201783 0.013441176722311748 -3.1575567812425396 -0.19845501858911446 2.5564484399776184 0.03891321227060925
40 360 0 0 0 0.4454412446388637 -0.0788841539348347 0.0028250481103959117 -3.3119696752348116 -0.008234611395351706 -0.6600843194764706 0.05091210370244869
40 360 0 0 0 0.5025652126743615 -0.008240300491254376 0.011237956442137912 -3.413116847381265 -0.5454410681896639 1.6348076501696733 0.15454700095666216
40 360 0 0 0 0.3839311505671503 0.03698183164636254 0.006530845006138688 -3.2651483608661427 -0.18242646639396354 -0.9729481832345744 0.04714613877206291
40 360 0 0 0 0.41572831141364175 0.021709900624474532 0.004986722229478172 -3.1883700631094816 -0.1266374596922536 1.4353235203548145 0.05211526970629993
40 360 0 0 0 0.4463722867913738 0.048354893638844494 0.008633606207202278 -3.3324856328630146 -0.33530660000628476 3.2681717708047495 0.07218196249966198
40 360 0 0 0 0.39936697501728996 0.038806455000633115 0.005031983213623537 -3.3847336080542187 0.15258796289328766 0.3723817133669117 0.05522262047900288
41 369 0 0 0 0.5348284187325542 0.046567680127128454 0.00840444086108968 -3.244705162239314 0.27507140716573913 0.6223484006396305 0.05722651177144401
41 369 0 0 0 0.4908215500947354 0.0116420294688085 0.017045829339282313 -3.5457456942950434 -0.5493192534394279 1.4459929041773596 0.158004121703044
41 369 0 0 0 0.5423598118080334 0.025307360770164364 0.015972980850035134 -3.236462194023305 -0.22373339706091086 2.580141967762404 0.0403137583694052
41 369 0 0 0 0.4441764975321653 -0.0759313590608814 0.0036166505788991607 -3.380214249684766 -0.020817647353136084 -0.6078290025210843 0.05184740111505401
41 369 0 0 0 0.3899083089239562 0.04132368070079623 0.004938248326345723 -3.1883594341268915 -0.18645894719010764 -0.8457684969119247 0.04467088800716727
41 369 0 0 0 0.41094978530895865 0.018539099736723814 0.005739085532678053 -3.27642271696595 -0.12703055195847754 1.3999759477427245 0.053793723552842045
41 369 0 0 0 0.43931644473641873 0.04341901842353221 0.005025025953036756 -3.2414601814779003 -0.3036948708154187 3.65421726488325 0.07238870353723874
41 369 0 0 0 0.4031855103847702 0.03522612871610786 0.0032098351255126214 -3.4351838436462563 0.17182335200275073 0.3534083967225513 0.05434257700566508
42 378 0 0 0 0.5326334477645767 0.04849731243666171 0.008621145495894615 -3.3143562705443976 0.2773352946648089 0.614494844847179 0.05243138147511722
42 378 0 0 0 0.5359446101468223 0.02287193251885187 0.01656252475224973 -3.3672117417292604 -0.21565195968185782 2.688873036136808 0.03819398514227774
42 378 0 0 0 0.4450723795432452 -0.07552938090075385 0.0031677646707470495 -3.3947673846054967 -0.019973142195028288 -0.5532263421013842 0.05120027068412314
42 378 0 0 0 0.4877475324935549 0.010324608043587464 0.013720676304586078 -3.618001161222839 -0.5333389507679465 1.6501118455568389 0.155139363208873
42 378 0 0 0 0.39028861442083673 0.04348641045691947 0.003591969421652809 -3.3279699022823928 -0.1859798420360091 -1.0326072125122703 0.045155769423212457
42 378 0 0 0 0.4097115503056267 0.022077293985330267 0.005305955566904062 -3.233482566696726 -0.12626028439859238 1.5345087163220004 0.05690437261343399
42 378 0 0 0 0.4392770138734229 0.04114516851830868 0.010564254098194208 -3.515873766302785 -0.29691657020948586 3.8255825175188933 0.07430049821547337
42 378 0 0 0 0.40224946591061206 0.03593927693233216 0.004888968988139542 -3.4420998764752406 0.16588189716141 0.3778321832672642 0.052025527822883735
43 387 0 0 0 0.535788822271396 0.045779508812399256 0.005159909109649968 -3.193912882166705 0.23741346967693577 0.4239824086787643 0.05569594183038225
43 387 0 0 0 0.5269782380163088 0.026478556985406177 0.011429666946058088 -3.1985338713004245 -0.21978633787545962 2.5681329559495736 0.028801105921805605
43 387 0 0 0 0.5052964405467555 0.0010689442870132338 0.011790623363552497 -3.3341818397515834 -0.5015624076432784 1.3554577389095213 0.15268951935141212
43 387 0 0 0 0.44917328683443525 -0.07603402307421114 0.0007767796364420104 -3.3188600071119083 -0.024930252515327305 -0.555831320816631 0.05026896446730653
43 387 0 0 0 0.39810263768350623 0.044549233073696876 0.005144833890119397 -3.2256153807585033 -0.19205727603139122 -1.0921776704894393 0.04090690286796581
43 387 0 0 0 0.40569981952135636 0.022265796632571902 0.004568372187357991 -3.230859844641032 -0.12399916086178885 1.6868669473021163 0.054127234425663785
43 387 0 0 0 0.43825106404248876 0.03298832100874373 0.01454260179759583 -3.3621710961625815 -0.271337806141254 3.7018136234904766 0.07437852074348243
43 387 0 0 0 0.40200968656820146 0.03882099041719629 0.003710504645913575 -3.4737774455597306 0.15455596812727176 0.42963543054831044 0.054167666947968554
44 396 0 0 0 0.5356695391497542 0.04601211112639725 0.004391265615509551 -3.1789896049075197 0.21401797847294426 0.38762822446078593 0.055204627490648236
44 396 0 0 0 0.5254929959436674 0.025414903173758167 0.008556684436257749 -3.2222022085392075 -0.19978376208148807 2.4160721876707716 0.02629479503348927
44 396 0 0 0 0.4500982255039417 -0.07585013065748764 0.0006831142071975127 -3.333123513313423 -0.02564242690805179 -0.5440871978243413 0.050425031618680616
44 396 0 0 0 0.5022483257618019 -0.012999574303764815 0.014010687172639499 -3.4611631247396586 -0.4673524926092017 1.585380941717111 0.15781237207546142
44 396 0 0 0 0.3945998069220244 0.04240934732817518 0.0045609786216262264 -3.2629761192502853 -0.18609486249761376 -1.2187171044982392 0.04022989876048076
44 396 0 0 0 0.40078349302946953 0.039926420453050636 0.004728213253688413 -3.421611026387982 0.1517061154364889 0.5316261384533968 0.05697167066047525
44 396 0 0 0 0.4089543504080974 0.021553910284309762 0.002454073156119308 -3.28853297759689 -0.09709395746421974 1.7920769279523174 0.056374118640690224
44 396 0 0 0 0.43665367504432023 0.03321422986963408 0.014223645323681103 -3.398206479726803 -0.2672665086002697 3.716083952015496 0.07704694442109157
45 405 0 0 0 0.5356119040678091 0.046367465235912335 0.005542146210326912 -3.176144605738904 0.20798065133924926 0.36905756308383814 0.05471128983766435
45 405 0 0 0 0.5167690699915193 0.027590111578777773 0.011901747489154667 -3.2742495580944984 -0.18231584210469817 2.467402659031661 0.022393283891805588
45 405 0 0 0 0.45395513213483024 -0.07847909986177265 0.0008799446205067929 -3.3191504173701447 -0.018727300789088967 -0.5262879049113334 0.0487534206907038
45 405 0 0 0 0.493477550876681 -0.003681014725184071 0.017371949676104424 -3.3161411984434515 -0.39848840944530173 1.2571567885604737 0.16259913645089802
45 405 0 0 0 0.39588725180240675 0.048468069069418716 0.00561940722769294 -3.3167237953374875 -0.22189738172729292 -1.389058070120841 0.040823209465122266
45 405 0 0 0 0.3974832728427269 0.043150022274187794 0.0022247346683993948 -3.4237020659969692 0.13731005511542663 0.5337275912161211 0.05486069040020857
45 405 0 0 0 0.4084215736535997 0.02491587411174392 0.0016618089310744507 -3.303820682797721 -0.08282457946811574 1.9690125832954801 0.05635661664532333
46 414 0 0 0 0.5326214766019309 0.048904393604242286 0.0074438637690480884 -3.262760131918381 0.2557233433388564 0.48360658451723604 0.05256564915105002
45 405 0 0 0 0.4356462062811388 0.043408320250844235 0.01880433772480185 -3.444500990270053 -0.253284944214336 3.860088133683033 0.071255024836009
46 414 0 0 0 0.4547256588751797 -0.07832402854885291 0.0003181519396638785 -3.341071061181786 -0.029039639312227587 -0.5620084316095594 0.04857265366477921
46 414 0 0 0 0.5198355750501847 0.018969787940470998 0.013409905223884362 -3.2172362930804645 -0.19417091296760483 2.3052254431591734 0.020613259958180124
46 414 0 0 0 0.5002387874359776 0.00018770339810304782 0.017374341279425404 -3.209907039298508 -0.39671595706083984 1.090673816144693 0.1754784278979625
46 414 0 0 0 0.39656175651646136 0.05257633020444755 0.005488446232046415 -3.226224441066513 -0.2250501211946533 -1.4892820445739414 0.04024092379253583
46 414 0 0 0 0.3990450663320436 0.04729344198858357 0.002201029831735664 -3.35843743262872 0.13156588675266387 0.5886916376454427 0.05733424497764704
46 414 0 0 0 0.40650047059869965 0.024699041957342696 0.0006811874712987556 -3.322154711682581 -0.09166769459827524 1.7444409072400817 0.0557736562028607
46 414 0 0 0 0.44110337425030993 0.048076383852843456 0.01919744688196765 -3.4867245871243013 -0.2111717435951317 3.877868160658541 0.0666011149341079
47 423 0 0 0 0.5318695539999976 0.046307087832288346 0.004724882216630799 -3.338853680259111 0.2512909886012994 0.424286087248805 0.05161160179736724
47 423 0 0 0 0.45442710196047026 -0.07825705518578756 0.00025522479740724627 -3.3090182283915968 -0.028302957922101645 -0.608159211690221 0.04712019131257511
47 423 0 0 0 0.5124672677543716 0.023296068947418643 0.010837312220333016 -3.2196079994726357 -0.18279162239097482 2.4658027473480035 0.020136486365917573
47 423 0 0 0 0.5038672762446453 0.0058835224753965385 0.0116137529644409 -3.2337839402362554 -0.4176794161624478 1.406962564688122 0.18167663342731138
47 423 0 0 0 0.39690212672862263 0.05520152712223807 0.006366073816715922 -3.176531969078464 -0.2200772884378116 -1.585774678946161 0.03907893159625623
47 423 0 0 0 0.3973472784764887 0.04211180525260836 0.0024185093957434602 -3.3389646182475725 0.1426223191212496 0.5488694971415781 0.058606384190188175
47 423 0 0 0 0.40961625282573455 0.02106948612540011 0.0010423968975261356 -3.313066290443604 -0.09200299106552078 1.753362674567022 0.055609881882656455
47 423 0 0 0 0.43724276259747696 0.049144191799148106 0.01372771291606795 -3.4115069420471666 -0.2033279474387197 3.812083904370766 0.06331317839819203
48 432 0 0 0 0.5347258911655951 0.046542021591468204 0.003619418413633827 -3.2994763852108067 0.26417525136241354 0.5013362233998715 0.0504203760609104
48 432 0 0 0 0.45186176956438623 -0.07800383954000409 0.0010662875654528254 -3.2876753513369916 -0.028796608998839682 -0.5374820898741541 0.047599452662977014
48 432 0 0 0 0.5091186747410718 0.026189661997631477 0.011053444621647594 -2.9450629941046595 -0.16601864059264698 2.376629549363002 0.011527716792285658
48 432 0 0 0 0.492144976119186 0.04258544186132699 0.01501909022502708 -2.90853350491156 -0.45393379334848893 1.6885807506798183 0.1901196148939285
48 432 0 0 0 0.39616930224498903 0.050775151500949744 0.005620991216752442 -3.200895069710757 -0.17860852357735746 -1.1504555237152327 0.04348724783771772
48 432 0 0 0 0.39881646542693705 0.044067418165023194 0.002638449399610483 -3.300752837325093 0.11257820633282634 0.6402584538932011 0.0597492552551465
48 432 0 0 0 0.4081324975917119 0.025124016038727597 0.0015254817852827225 -3.2504513221693165 -0.10767262890377423 1.8437352783251526 0.05424146285432485
48 432 0 0 0 0.44195446814170036 0.05662161514283654 0.015194886348625786 -3.63107855122413 -0.20203401816266617 4.030397897265925 0.05854395315423575
49 441 0 0 0 0.5358723841976811 0.045377800254911865 0.004049207484610123 -3.250154498623066 0.2393393546853517 0.4902493429896127 0.052870582202214474
49 441 0 0 0 0.45264206126162926 -0.07793194803862824 0.0009607489713973522 -3.30093430384775 -0.0323942320291996 -0.5517500989472591 0.04825940440703295
49 441 0 0 0 0.49101348802364475 0.015974351854530847 0.025078228472955027 -3.0481477859857784 -0.41807340258080256 1.7200680534493304 0.19012014897724036
49 441 0 0 0 0.511786282471652 0.025030464317493086 0.016134264702350496 -2.986195094890984 -0.18819403656429903 2.368887028263609 0.01522980113798784
49 441 0 0 0 0.3943151601455581 0.04680694000585712 0.005814724166743929 -3.1421335547218665 -0.15436685753041296 -1.156858539836695 0.04338389450048155
49 441 0 0 0 0.4001829068049691 0.04165930349336517 0.0018327263728083688 -3.340686924215574 0.1431262875350721 0.5844020480422596 0.05750838626817381
49 441 0 0 0 0.4074578214107305 0.027557023133478114 0.002216935766701954 -3.238921598084775 -0.11510098553178687 1.8215017602204902 0.053426770623465326
49 441 0 0 0 0.44172577229578075 0.04934277781437648 0.014254116746931377 -3.607879910571188 -0.18221086589165367 3.8983978453806953 0.05835295574826296
50 450 0 0 0 0.5352052173407642 0.04675616598103177 0.002589800017267608 -3.26436606621478 0.23652628132123193 0.5683080355243165 0.05424484996905069
50 450 0 0 0 0.4540426780332555 -0.07695110257205084 0.0013027794271811073 -3.2298062493692474 -0.03205245944187955 -0.5980081003919824 0.04749091169962741
50 450 0 0 0 0.4900675530119951 -0.00047296770527243494 0.022384595942504405 -3.1522451759362586 -0.3799925567758356 1.433674292699136 0.20363796401110631
50 450 0 0 0 0.5170999113307895 0.024416560112561964 0.014519153957673501 -2.878939724901588 -0.20224428424066837 2.058368126802335 0.01691389875496889
50 450 0 0 0 0.3909750572959206 0.04866898277688471 0.0052798056767879645 -3.1406888240564674 -0.16654263474822378 -1.342687944033822 0.041941838456987665
50 450 0 0 0 0.4008568949874613 0.04267852048388001 0.001526319796535914 -3.2814088780759505 0.13020030495115698 0.5817368249730809 0.05942772463527663
50 450 0 0 0 0.40648505952236047 0.02719223098109549 0.001755028242659668 -3.2104110025588617 -0.10774582464406769 1.9127179769799545 0.05233311016219802
50 450 0 0 0 0.4422233384764463 0.04534141679952445 0.011565387665330796 -3.4917147154570056 -0.1724357044578406 3.5806045306387992 0.058894478281927586
51 459 0 0 0 0.5342111944041804 0.04691967885144961 0.0028984221997735747 -3.1874569184767187 0.24064763759030003 0.5952706996056413 0.05626265831855571
51 459 0 0 0 0.4940987217266129 0.008479370595346746 0.022057592284203165 -3.3136617193100624 -0.3715260735787574 1.3594990879203677 0.20667666364502144
51 459 0 0 0 0.4541143329854928 -0.07476792412109186 0.0010777529956752874 -3.2617694291056627 -0.031241162847184416 -0.5837330510927664 0.047047035842709244
51 459 0 0 0 0.5141778552229357 0.024731279662685336 0.010980916167129826 -2.9106955649073982 -0.21366451412838952 1.7298656942381743 0.019022985195097476
51 459 0 0 0 0.3931653554398575 0.04763365081382591 0.005146464826027072 -3.1357296232366325 -0.13522242322718903 -1.306629479764787 0.03767582208297104
51 459 0 0 0 0.3981823385961958 0.040663352305415144 0.00048722767213642135 -3.237969885758374 0.11610782387181995 0.5945599254768816 0.05975375693226762
51 459 0 0 0 0.406802620056728 0.026972200601715554 0.0013980213465948472 -3.2377552911291625 -0.10915437423180492 1.8832846672545918 0.05137249369754658
51 459 0 0 0 0.44563278663683437 0.05343136500577721 0.01204253599288462 -3.4465244194328233 -0.1292116864239209 3.7573155524852546 0.05432086841304244
52 468 0 0 0 0.5326275523669127 0.04667184090782427 0.00224885368107622 -3.2429968849863413 0.2513371986000536 0.557733635213374 0.05396201704000058
52 468 0 0 0 0.4890326453544128 0.009874005666783344 0.019787685235547327 -3.412139954525752 -0.3444416201888764 1.6252407975185617 0.22000045843785193
52 468 0 0 0 0.45296773945979674 -0.0741789278681136 0.0010015793746366017 -3.2690117749402146 -0.03239629564690018 -0.6278666103369536 0.0477854360706971
52 468 0 0 0 0.5037900674535947 0.025695280266516806 0.011809197379544376 -2.9516095265781934 -0.17007371313098865 1.5959746753026451 0.0166861491366267
52 468 0 0 0 0.38905813504143677 0.0434423603764692 0.004013427729497086 -3.1284948327929554 -0.11887281930247393 -1.1435899883147198 0.03955302973810293
52 468 0 0 0 0.3970483618180985 0.03741628797017956 0.0001309058109822918 -3.275215818618388 0.13279898071707502 0.5078550671908019 0.059193770742980746
52 468 0 0 0 0.40908214536167686 0.028011084224427475 0.001885984907406973 -3.237579650920534 -0.1279417943813631 1.7863521928091828 0.0514825766283096
52 468 0 0 0 0.43824864213112996 0.05253449969195134 0.006443555431552353 -3.425791893525337 -0.10855687516008322 3.8546608570660084 0.05174512047233142
53 477 0 0 0 0.5335613024437014 0.046607372731895906 0.00262488160041132 -3.2383346427024184 0.25797648257286393 0.5740512435727447 0.05206005354180832
53 477 0 0 0 0.4903445338647576 0.0018065197692536926 0.014898174116844761 -3.856498447215122 -0.317598989036043 1.8567843289158168 0.23019821763690168
53 477 0 0 0 0.45160340456188003 -0.07235603304777004 0.0007618905413549299 -3.2635750084588007 -0.03141451866607574 -0.6267361208292093 0.047683242837336576
53 477 0 0 0 0.5075437329539817 0.028602802917381178 0.013639777783945541 -2.8543550282716006 -0.19636462493759674 1.4404032698799376 0.015472273911357423
53 477 0 0 0 0.3878027326963829 0.04510901941553121 0.004542730397047122 -3.1516725088827533 -0.12464768805510622 -1.3253091071085417 0.03928210482349688
53 477 0 0 0 0.3965810036121471 0.03638391665039991 0.00016385409929961102 -3.2855168091635534 0.12574817649795056 0.5022536650200116 0.05882576536045445
53 477 0 0 0 0.40751930459537067 0.025813343709090095 0.0020427783098533204 -3.2002135586398923 -0.12495446400736218 1.8054189872587956 0.05049096438368675
53 477 0 0 0 0.43696834050329114 0.058768021767633724 0.01006755813278972 -3.5860345065904715 -0.1603570479597728 3.9598033814605262 0.05370653542331099
54 486 0 0 0 0.5345421509056176 0.04642022138015695 0.004119637471622284 -3.294090442851875 0.2772679711131977 0.5499774891099101 0.05063892823190578
54 486 0 0 0 0.49182970234636364 0.0164959611589077 0.02409776043382357 -3.5935486296507606 -0.3065545001853421 1.7841124080512303 0.2323559131939877
54 486 0 0 0 0.45012151339165873 -0.07064909000044792 0.0011177969696953064 -3.282328166597856 -0.0391024881612753 -0.6304180120640991 0.048515370172081476
54 486 0 0 0 0.5058835500635868 0.02348086969748798 0.01191925278222621 -2.7806088795296846 -0.20204259246255626 1.2915286645892017 0.009771491640080817
54 486 0 0 0 0.39049757682644937 0.04657935472202445 0.004921462377851027 -3.093345449464868 -0.1478618919474244 -1.263739095071377 0.035522165039418345
54 486 0 0 0 0.3962503161928693 0.035353371127540584 0.0014486473974514025 -3.281372666219365 0.12215944278876914 0.4447784937282036 0.057147369666740694
54 486 0 0 0 0.40785446263397795 0.024596431794688112 0.0022673452853091023 -3.186482302439643 -0.11517462372353257 1.902413965955997 0.049024664567552584
54 486 0 0 0 0.440054416378753 0.06357744177631867 0.013300907670738158 -3.492389508353789 -0.17870819779175331 3.9601702008648814 0.04408127472996463
55 495 0 0 0 0.5344988714323929 0.0478986616252277 0.0032270678285177706 -3.308858284685863 0.27391425477429104 0.54894618628743 0.05110105997061123
55 495 0 0 0 0.4940376447912097 0.017707801869547336 0.02623841366472701 -3.597680968794429 -0.177001512657324 1.572673986924542 0.22851218123554623
55 495 0 0 0 0.44836700214123076 -0.06970323993124473 0.0010066721386645537 -3.282743352265569 -0.04319403620915482 -0.6471744363789456 0.04801377506767537
55 495 0 0 0 0.5069160159466575 0.018189763170397957 0.014501244961099061 -2.918496112544327 -0.1892706526035328 1.506208936764302 0.007818520807385114
55 495 0 0 0 0.3893093257158992 0.05166819347541577 0.0033951400206553876 -3.214116587149279 -0.16269128907478272 -1.3782808359747467 0.03772885578381385
55 495 0 0 0 0.39678728814769665 0.03434215623097649 0.0018956974590583339 -3.2929710287354608 0.10496594356440218 0.5216946670417915 0.056274467739260585
55 495 0 0 0 0.4066933561443722 0.026436112276848448 0.0015579116024940485 -3.2148494835505073 -0.11538342013286702 1.8797467373958134 0.048692250400705475
55 495 0 0 0 0.44171574651825357 0.05873038847529865 0.013820134116103297 -3.4088261627663323 -0.1657220491734479 3.843102233596928 0.04321597838468361
56 504 0 0 0 0.5342314138929276 0.04824683593520119 0.003780175770219653 -3.275555164000569 0.28268081690119773 0.5564804446239215 0.05059955729596663
56 504 0 0 0 0.49525932788506327 -0.011482805351637199 0.03196691802575343 -3.438921316267306 -0.20778872191014847 1.5056949245290931 0.229463902766149
56 504 0 0 0 0.4519837612481807 -0.06994686495006605 0.0006158362817415384 -3.2891920731582407 -0.04136287087426023 -0.6049624525064288 0.04791923240433038
56 504 0 0 0 0.5104426211341437 0.018591553868471358 0.014827425202341529 -2.74714135566578 -0.18421538213694091 1.5889908954826488 0.007007100953793358
56 504 0 0 0 0.38862776276496136 0.05093294864749299 0.003046870561484067 -3.2832043051056354 -0.14942645701975973 -1.515466882619132 0.03731092994081697
56 504 0 0 0 0.3982434605782153 0.03452268071768374 0.0008155380531905707 -3.241254791001582 0.1149936781192436 0.5342956818939355 0.0544583817510577
56 504 0 0 0 0.40894383046666916 0.02733572315019512 0.0019698999591274023 -3.232892617565348 -0.1153029496088222 1.7863326881718238 0.04962048442468211
56 504 0 0 0 0.43954416887722875 0.05161787160571663 0.013405149078272578 -3.185895089472612 -0.17727389277695263 3.725982962811648 0.04459600315113298
57 513 0 0 0 0.5341686727755004 0.04758018004632605 0.002941814472021164 -3.258115147379999 0.27596437386770145 0.5638160374065434 0.0505554359393146
57 513 0 0 0 0.4916664518635307 -0.014059557928378761 0.024055345475758272 -3.4706127596662246 -0.18604709603566363 1.760612730420468 0.2279117662278806
57 513 0 0 0 0.45123213775928733 -0.06981023654847252 0.0009610881739060585 -3.2914954999140367 -0.038206722051158895 -0.6479205164256289 0.04831092076793451
57 513 0 0 0 0.5114492425025523 0.01875819474297855 0.017504492062923694 -2.735321797047923 -0.1743786275440042 1.7963458654377384 0.0058280889927566385
57 513 0 0 0 0.3902761580779835 0.04713219907756851 0.004699614245246993 -3.2546170312998837 -0.13930622800091863 -1.4431957768923303 0.03644571495340532
57 513 0 0 0 0.39620584154422983 0.034733968226187406 0.0021048307038755345 -3.2723251041512005 0.13310675352676118 0.510094701347832 0.05537369500546114
57 513 0 0 0 0.4085865421343813 0.027395682330683766 0.0018839663175785728 -3.205574170613751 -0.11886863437779671 1.816947004604618 0.04938491961089075
57 513 0 0 0 0.4327450402977358 0.05577604073054153 0.018841222158728393 -3.214233457521249 -0.1814538279644624 3.778314613003362 0.03665298846596989
58 522 0 0 0 0.5333857349270086 0.04771239654754096 0.00266761050347199 -3.2862017828156405 0.2703778509479019 0.5343787200831481 0.04969250753028402
58 522 0 0 0 0.4896875558318894 -0.01761071182043652 0.020780189497201552 -3.4733340397214723 -0.14143308572468494 1.6460194241779247 0.232201460721854
58 522 0 0 0 0.452877074311875 -0.07096655058938801 0.0009149406329865577 -3.28930512264347 -0.03815783210800815 -0.645708555336261 0.04839718016397735
58 522 0 0 0 0.5135632437089473 0.01841733839738737 0.014046662022241464 -2.854603763552206 -0.19831515992050108 1.6480881534653606 0.011926613133370158
58 522 0 0 0 0.38726252261273914 0.046001110208111776 0.003866452488413393 -3.2520269624752083 -0.1302389318134784 -1.4509112897466936 0.03503416706831986
58 522 0 0 0 0.3955104874492629 0.03572004824702562 0.0014055353291430419 -3.282691297358843 0.14204326676392437 0.5002018874915034 0.05463232961728547
58 522 0 0 0 0.4076815083660841 0.026703958616555196 0.0017192550639592316 -3.1796865778107106 -0.11491422995256909 1.8378987263254216 0.049715510718159155
58 522 0 0 0 0.4318912366050409 0.05789779488967884 0.013183169634962221 -3.1186039045574665 -0.12750211134099415 3.7807288170289155 0.03430226702458781
59 531 0 0 0 0.5336993703185204 0.04812649424530175 0.002700138996536198 -3.284217063464427 0.27145267377041915 0.5166786458405231 0.04886387044729787
59 531 0 0 0 0.4874519595197262 -0.020721255576530505 0.021616094919524674 -3.500753815085095 -0.1213437977732045 1.538516664165652 0.2316082243329533
59 531 0 0 0 0.4524666660098522 -0.07100611182421816 0.0008266402069824594 -3.289361450576917 -0.03375815109881207 -0.6903272129893996 0.048267113422440035
59 531 0 0 0 0.5082807378876981 0.020204012660246726 0.013042325843798197 -2.833606524821965 -0.19047855578077064 1.5024092220295988 0.00603537552036112
59 531 0 0 0 0.38678674550823744 0.04588579542215743 0.0028736198783307545 -3.238264231574784 -0.12416955356511247 -1.394554302286564 0.038090664048030166
59 531 0 0 0 0.39502718631350836 0.03594105562919903 0.0017611490228030579 -3.3157811202163017 0.1512492567585886 0.44261097140075245 0.052484003655847475
59 531 0 0 0 0.4077123509141226 0.02590726302600215 0.0017665890909969182 -3.174873513392594 -0.10996620367323368 1.8831129000700761 0.04967904394319699
59 531 0 0 0 0.4304546872023858 0.05791768812994443 0.011558276470435008 -3.4190242737962695 -0.12157360374709167 4.187889628835793 0.039688944186439735
60 540 0 0 0 0.5334030164498051 0.0474579014988525 0.0033657538009231837 -3.279035421035865 0.2603673512415351 0.46447762231453543 0.047925833435156204
60 540 0 0 0 0.4901977773241369 -0.01892870786634365 0.01444833814766442 -3.5859885417714854 -0.11439093012020604 1.834286487337393 0.23193238369671182
60 540 0 0 0 0.45162526142179193 -0.06954752740562477 0.00038881778693581655 -3.3138953515943967 -0.03724114653171126 -0.7008509712730698 0.048700098385379295
60 540 0 0 0 0.5049910511696329 0.01665231023089223 0.011562698426650888 -2.8694773028124807 -0.18586191626915397 1.5156114158816083 0.0024158397885034755
60 540 0 0 0 0.3894507970077051 0.04504070417678062 0.004077238818952193 -3.1566765000688943 -0.14354313740535607 -1.3799115594981977 0.03687679162426875
60 540 0 0 0 0.39739711155601376 0.03573281941638603 0.0016255280253484423 -3.3565835611984767 0.16268185489514342 0.4779751889589282 0.053930229540778564
60 540 0 0 0 0.40717593274039154 0.026607854653102156 0.0013876079075209678 -3.2029225649996604 -0.11310412024930225 1.869648318061903 0.05046629236604123
60 540 0 0 0 0.43941944911664715 0.06547223705331151 0.010781372230843337 -3.557555923028324 -0.1281063581534922 4.11432288583207 0.036737949457337146
61 549 0 0 0 0.53334364999063 0.04730018432670839 0.0032120739683314616 -3.2857042188206527 0.28013625265479986 0.5093142209392478 0.04780260369652766
61 549 0 0 0 0.4845860119186925 -0.018306458053214656 0.015152103114257555 -3.4775477572307816 -0.15933663207616733 1.6867097591686329 0.24053989858833774
61 549 0 0 0 0.4538228728952118 -0.07009724689006115 0.00036486899877023467 -3.2941696019949083 -0.04147261913690449 -0.7017272908378255 0.04828068082113061
61 549 0 0 0 0.49711052562468944 0.01139333704721699 0.009940953473288274 -3.0666259776134126 -0.19400384508066387 1.3500421869351074 0.007244237137767182
61 549 0 0 0 0.3896007810301576 0.04702774200642857 0.003973456125782374 -3.2139028026413765 -0.16753181832916214 -1.577456908670537 0.03631195514968675
61 549 0 0 0 0.40662869024945186 0.027148050121196816 0.0008816709396300319 -3.234936248973415 -0.11638200765186558 1.8425902596266674 0.050609596216425544
61 549 0 0 0 0.3957485344106884 0.038823314051779 0.0018974313245976155 -3.3243926062705063 0.15447718367076796 0.5291449895821204 0.05509860865687318
62 558 0 0 0 0.5335784736684669 0.04772897705403202 0.0038703234122360332 -3.254424732083044 0.2816435780364398 0.47440005024785814 0.04700708007311071
61 549 0 0 0 0.4456822630800639 0.06657997018160679 0.00953533173942491 -3.3278797625924765 -0.13737777480930005 3.7830147018452602 0.03657764947651364
62 558 0 0 0 0.4884392566879625 -0.01800084292472293 0.017868842192074668 -3.3347908875706334 -0.18975508637779734 1.84981956464787 0.24785313662112654
62 558 0 0 0 0.45229517834426514 -0.06916325953172071 0.0005557577507444761 -3.242355478600728 -0.035808033174687365 -0.7584403139562543 0.048290029899943465
62 558 0 0 0 0.49870825731187585 0.016191729155072547 0.012292842295115946 -2.9655481909962997 -0.19284993875489892 1.31214936763598 0.010089826003924192
62 558 0 0 0 0.38802323438542624 0.04879556982440545 0.0036685147742116235 -3.2030481713458414 -0.15809054460271862 -1.5495253275615597 0.03824860749380956
62 558 0 0 0 0.39854861406360176 0.037280260075456366 0.001320971708081368 -3.2636779650036654 0.17211750369536394 0.49193461615450634 0.053773204185895464
62 558 0 0 0 0.40533183555158214 0.027289722821407462 0.0014677548556699524 -3.2020557459075505 -0.12029864904180246 1.8739413747956084 0.05028290860028963
63 567 0 0 0 0.5329827218283569 0.047901929061946485 0.0034284401969995543 -3.242310695613762 0.274210456122237 0.465953749767527 0.04644232656424104
62 558 0 0 0 0.4414805231017847 0.06252951699478351 0.011359691223167472 -3.2676949950158285 -0.10509130941554383 3.8111503372929048 0.03529112120574266
63 567 0 0 0 0.4875982682619319 -0.01379960249247938 0.016947347180007923 -3.149062905945274 -0.1892207890766627 1.7085596062554556 0.23678151807361697
63 567 0 0 0 0.4530260073003309 -0.07055989282631757 0.00028330066296281117 -3.2388496639442037 -0.02719460551680564 -0.7648771497748462 0.048710770925462415
63 567 0 0 0 0.3880658216099897 0.04757796444982064 0.003514502841939797 -3.238020544872859 -0.15877330355762784 -1.5324996326903095 0.03834328915294823
63 567 0 0 0 0.4966587182371926 0.00810717436801715 0.008366148339253856 -3.032526563586708 -0.18560058817775305 1.1944988668980276 0.006635083346816699
63 567 0 0 0 0.3990560442021282 0.036798367794432345 0.0020687145210520146 -3.3299503530991528 0.17527901046356942 0.4918704251843999 0.0517618184722546
63 567 0 0 0 0.40462502011599605 0.026866758300212925 0.0012140762843343054 -3.204679909473465 -0.11204435384240786 1.925954003573411 0.05037509724499631
64 576 0 0 0 0.532659292278554 0.04887374653288614 0.0038149209468737915 -3.254030796775951 0.2859962231760215 0.4675708022024655 0.045207829333831544
63 567 0 0 0 0.4390359055570146 0.05545806227578793 0.00961838032981589 -3.343504939877948 -0.0877215160090408 3.7942618854916783 0.03193634785797091
64 576 0 0 0 0.4873813511838338 -0.022803117831401085 0.016744497964059937 -3.1402061244269626 -0.15821693747499202 1.5896804168100742 0.2437065616636847
64 576 0 0 0 0.45436793882644444 -0.0699477636173662 0.0010693742898918235 -3.2295332373479746 -0.03146874039049412 -0.7671205294825126 0.04831046428676494
64 576 0 0 0 0.3887170767788119 0.04958634665215823 0.003340174703905778 -3.235807709424695 -0.1686168590715185 -1.5829633090850126 0.03731593661680881
64 576 0 0 0 0.4935713270315674 0.007798697212329382 0.010397128933497231 -2.9518543405622033 -0.15549783273714768 0.9826383902483834 0.0026426578910984807
64 576 0 0 0 0.3988225755973268 0.036739285020844864 0.0019383061218893275 -3.3737154631961217 0.17750060039531268 0.45592656546234483 0.051475562671643
64 576 0 0 0 0.4040566438242666 0.02765184610124115 0.0015811912615700328 -3.189202068899413 -0.1176093102539326 1.9591601479630671 0.04979684838760354
64 576 0 0 0 0.4364149152300841 0.06045542040861062 0.011187565930849644 -3.51212919079029 -0.06881925519617163 4.071994219795401 0.03250082072457768
65 585 0 0 0 0.5316738400533956 0.048932823759597295 0.00388024645843031 -3.26124990135775 0.2919539515121045 0.5020413818712194 0.04662339919197229
65 585 0 0 0 0.4867829079260001 -0.01938762689410144 0.01566610633415449 -3.227093555295374 -0.12390067082104171 1.702395079127105 0.24245707268948713
65 585 0 0 0 0.4548913962647995 -0.0720018405789498 0.00042420709186830144 -3.2122706580881815 -0.029112141527253166 -0.7558255688210507 0.04860354070965338
65 585 0 0 0 0.3894798026692759 0.04983909562846601 0.003591516053654044 -3.236852199716468 -0.17019794589449894 -1.6319819569269025 0.036907580112155586
65 585 0 0 0 0.4923660089269858 0.006052398836296838 0.01100813835946216 -3.095088444690958 -0.1444581784091694 0.9661238788097773 0.005554105815131522
65 585 0 0 0 0.39908310946885667 0.0374018373612437 0.0016663974267416923 -3.346438547049566 0.17409194873091005 0.4539969077620803 0.05096827396049512
65 585 0 0 0 0.40449110070303224 0.027394650422771206 0.0016859150049632196 -3.1722399290590677 -0.12316767010081914 1.9300954409019992 0.04952022039832411
65 585 0 0 0 0.43719254532663004 0.05885512744006315 0.008645772419505478 -3.479797869177985 -0.06873618059215568 4.0550579544809855 0.03303050673495163
66 594 0 0 0 0.4857160659673039 -0.009973100809666322 0.012161755056197873 -3.3141432983581485 -0.176412446897028 1.8155834877876469 0.24336967847397686
66 594 0 0 0 0.5316772848877015 0.04823173917664701 0.0040518471401518145 -3.249937509542992 0.29591552692715767 0.5087598772634513 0.04471222661527995
66 594 0 0 0 0.4553358069398315 -0.07145946308429067 0.0003681734297167616 -3.205138525684318 -0.023572411367621234 -0.748854368773574 0.04844312680327707
66 594 0 0 0 0.3891271485910573 0.04898669889829977 0.0030745014458747966 -3.22074165304896 -0.1636313195743347 -1.6085703807901655 0.03718323242195783
66 594 0 0 0 0.4935689628453498 0.003278472381653359 0.011452289274823786 -2.9917873402572948 -0.16501606397722204 0.6689044728059226 0.0014672882800076505
66 594 0 0 0 0.40137533514899404 0.03682882865081013 0.0020241266905497548 -3.367171023651818 0.1711251093435551 0.45158147408399496 0.04958834216002815
66 594 0 0 0 0.40479854284938543 0.02732208178319943 0.0014817412678334255 -3.1865636174266525 -0.12296384610425663 1.9283125330487878 0.04995046067177678
66 594 0 0 0 0.43297181720836053 0.06054974661358212 0.010010924769182935 -3.4880918046253346 -0.041276137966331714 4.1476756304573446 0.031229819287767482
67 603 0 0 0 0.48745347714181425 -0.013418407841334789 0.011864916982636059 -3.262158456485045 -0.17087095138852812 1.8248573833054813 0.2404125448279173
67 603 0 0 0 0.5316164401135199 0.04741749358225772 0.0037790885111751923 -3.2523743056211596 0.28803273494392007 0.5006665187107686 0.04543532259830659
67 603 0 0 0 0.4553488525349638 -0.07036681484053202 0.0002019051296111668 -3.231667438395104 -0.027571566670395276 -0.7633013599476484 0.04793727220218075
67 603 0 0 0 0.48745347714181425 -0.013418407841334789 0.011864916982636059 -3.262158456485045 -0.17087095138852812 1.8248573833054813 0.2404125448279173
67 603 0 0 0 0.5316164401135199 0.04741749358225772 0.0037790885111751923 -3.2523743056211596 0.28803273494392007 0.5006665187107686 0.04543532259830659
67 603 0 0 0 0.4553488525349638 -0.07036681484053202 0.0002019051296111668 -3.231667438395104 -0.027571566670395276 -0.7633013599476484 0.04793727220218075
67 603 0 0 0 0.38906982047418276 0.04949523056768073 0.0031315865215565206 -3.2342888260578837 -0.1668242782354347 -1.6474352172449191 0.03707940165398992
67 603 0 0 0 0.38906982047418276 0.04949523056768073 0.0031315865215565206 -3.2342888260578837 -0.1668242782354347 -1.6474352172449191 0.03707940165398992
67 603 0 0 0 0.4924622304644924 0.006691234593876242 0.007596361427355782 -3.163751810614888 -0.18140433030700126 0.7615533130928435 0.003532417499740757
67 603 0 0 0 0.4924622304644924 0.006691234593876242 0.007596361427355782 -3.163751810614888 -0.18140433030700126 0.7615533130928435 0.003532417499740757
67 603 0 0 0 0.4004762838259299 0.037111149264371875 0.0020876652881970355 -3.322922258663131 0.1582486867449502 0.45794850510262275 0.04973267302881199
67 603 0 0 0 0.4067087033794249 0.027258489902541292 0.001331884712133774 -3.187493488713863 -0.1224367416802453 1.918208671797837 0.04992261916431815
67 603 0 0 0 0.4004762838259299 0.037111149264371875 0.0020876652881970355 -3.322922258663131 0.1582486867449502 0.45794850510262275 0.04973267302881199
67 603 0 0 0 0.4067087033794249 0.027258489902541292 0.001331884712133774 -3.187493488713863 -0.1224367416802453 1.918208671797837 0.04992261916431815
67 603 0 0 0 0.42590748587102917 0.06006860291651712 0.010802174039745954 -3.437597198792087 -0.02791189519807165 4.228082194583833 0.030193363693992288
67 603 0 0 0 0.42590748587102917 0.06006860291651712 0.010802174039745954 -3.437597198792087 -0.02791189519807165 4.228082194583833 0.030193363693992288
