% # columns="iteration, evaluation, sigma, axis ratio, bestever, best, median, worst objective function value, interquartile range, 25%tile, current best feasible f-value, elapsed wallclock time [s], further/more values", seed=2567, Fri Aug 28 18:29:29 2026, <python>{}</python>
1 9 0.940977190652212 1.0000428580612375 44.9932734844169 4.4993273484416903e+01 50.04141476649599 57.93799261342782 3.352850299755467 48.871951888769324 nan 0.5   
1 9 0.940977190652212 1.0000428580612375 44.99326681314576 4.4993266813145759e+01 50.04143212121338 57.938005719268844 3.3402315186753953 48.88266433482259 nan 0.5   
2 18 1.1403966876785345 1.272971945869228 41.956774761115845 4.1956774761115845e+01 48.23043118111888 60.07780934528643 3.7524601753189657 46.17113171999485 nan 0.7   
2 18 1.140396687678535 1.272971945869228 41.956795708944384 4.1956795708944384e+01 48.23043080645985 60.0778988535762 3.7544509941892414 46.169134940512535 nan 0.8   
2 18 1.1403966876785345 1.2729719458692277 41.95681190504549 4.1956811905045491e+01 48.23041696513924 60.077915616184605 3.7555679830800983 46.168021908023405 nan 0.8   
2 18 1.1403966876785347 1.272971945869228 41.95679235554261 4.1956792355542611e+01 48.230457983556775 60.07782828231339 3.755630280331488 46.1679778903981 nan 0.8   
3 27 1.2800398004380782 1.453198277469 41.956774761115845 4.2228523197157926e+01 46.396806498936115 49.87462442926606 4.561096000774569 44.2124523960626 nan 1.0   
3 27 1.2800398004380786 1.453198277468999 41.95679235554261 4.2228533926767078e+01 46.396812362678766 49.874635581243126 4.561115743334966 44.212460611912306 nan 1.1   
3 27 1.2800398004380793 1.4531982774690002 41.956795708944384 4.2228534475054786e+01 46.396856030611076 49.87467821583671 4.561062325002467 44.21247913377723 nan 1.1   
3 27 1.2800398004380784 1.4531982774689995 41.95681190504549 4.2228553906132881e+01 46.39686456540808 49.87468494593777 4.5610664315402545 44.21248425348171 nan 1.2   
4 36 1.4027438750181573 1.4833454835102617 41.956774761115845 4.2028240811400060e+01 45.27554481293484 49.21035348076949 1.8180022577701962 44.526679881667235 nan 1.4   
4 36 1.402743875018158 1.4833454835102613 41.95679235554261 4.2028263063866106e+01 45.27555963717313 49.210332772457114 1.8179901994944672 44.526690430360574 nan 1.5   
4 36 1.4027438750181587 1.4833454835102622 41.956795708944384 4.2028232733921350e+01 45.275570489815685 49.21045446276753 1.8179957337190515 44.52671936053467 nan 1.6   
4 36 1.402743875018158 1.4833454835102613 41.95681190504549 4.2028244649373562e+01 45.27558260477072 49.21045908006828 1.81799057808783 44.52673740893826 nan 1.6   
5 45 1.4634365355213057 1.6356990033306 41.956774761115845 4.3797200892432180e+01 47.945654290505736 50.333232883131444 3.279655497931749 45.49306181971769 nan 1.8   
5 45 1.4634365355213073 1.6356990033306003 41.95679235554261 4.3797225072615539e+01 47.94567631999493 50.33325277944333 3.2796700816102202 45.49307079087731 nan 1.8   
5 45 1.4634365355213077 1.6356990033305996 41.956795708944384 4.3797200580141201e+01 47.945651785569325 50.33324347362353 3.2796075650440386 45.49311402481602 nan 2.0   
5 45 1.4634365355213073 1.6356990033306003 41.95681190504549 4.3797213770132046e+01 47.94565810017563 50.33326448052508 3.279594421683271 45.49311757315709 nan 2.0   
6 54 1.4308075992636164 1.6807010425909439 41.956774761115845 4.2043463723232094e+01 46.01151642275469 54.34000450786791 3.749056301128199 44.36175081907971 nan 2.1   
6 54 1.4308075992636184 1.6807010425909437 41.95679235554261 4.2043460867263178e+01 46.011545686681224 54.340013634579115 3.749052718404613 44.36177647297702 nan 2.2   
6 54 1.4308075992636187 1.6807010425909437 41.956795708944384 4.2043503399764923e+01 46.011537391637056 54.340120923478004 3.749084373104168 44.361761603836726 nan 2.3   
6 54 1.4308075992636184 1.6807010425909437 41.95681190504549 4.2043521465449047e+01 46.01154151474892 54.34010277790297 3.749077400254997 44.361773508223976 nan 2.3   
7 63 1.227517295724345 1.7120671161802756 41.956774761115845 4.2027458162005736e+01 46.19557445763797 48.17652520640375 2.4501521318685704 44.64682949503912 nan 2.5   
7 63 1.2275172957243468 1.7120671161802767 41.95679235554261 4.2027464575707469e+01 46.1956058890982 48.17653955605388 2.450132028656384 44.64685034708559 nan 2.6   
7 63 1.227517295724347 1.7120671161802783 41.956795708944384 4.2027491814510270e+01 46.195592370410424 48.17655576240474 2.450167645885827 44.64685078211562 nan 2.7   
7 63 1.227517295724347 1.7120671161802763 41.95681190504549 4.2027507779197471e+01 46.19557591313441 48.17656789299487 2.4501672797405334 44.646863358658045 nan 2.7   
8 72 1.16806336972026 1.8856390546009874 41.956774761115845 4.2586054345031130e+01 45.320035450198134 46.89349183118431 1.9646022324145918 43.97236023154397 nan 2.8   
8 72 1.1680633697202623 1.8856390546009878 41.95679235554261 4.2586048485471778e+01 45.32005267080191 46.89351979039088 1.9646053836624944 43.972379762958305 nan 3.0   
9 81 1.0575439740009096 1.9218670332071057 41.956774761115845 4.4326938617311065e+01 46.225417613972425 57.85412037880509 3.929600838404916 45.81017510004314 nan 3.1   
8 72 1.1680633697202623 1.8856390546009878 41.956795708944384 4.2586174972333239e+01 45.32006188482826 46.89349070268107 1.9645832611006284 43.97236622698338 nan 3.1   
8 72 1.1680633697202627 1.8856390546009887 41.95681190504549 4.2586158494046458e+01 45.320073844244014 46.89349735685762 1.9645904536408736 43.97237609230642 nan 3.2   
9 81 1.057543974000912 1.9218670332071064 41.95679235554261 4.4326955458699139e+01 46.22545105310054 57.854128102395315 3.9293615624155294 45.81019022149528 nan 3.3   
9 81 1.0575439740009125 1.9218670332071064 41.95681190504549 4.4326955046758897e+01 46.22542935858315 57.854175646978156 3.9279374069610142 45.810220658637355 nan 3.5   
9 81 1.0575439740009118 1.9218670332071053 41.956795708944384 4.4326961733616699e+01 46.22543242395369 57.8541713994241 3.9336550891660025 45.810213744179606 nan 3.5   
10 90 1.0185093567113166 1.8982127806779134 41.956774761115845 4.2369620329278298e+01 44.158610945280955 46.87433484439533 1.8011900938334762 43.06680094549047 nan 3.5   
10 90 1.0185093567113188 1.8982127806779139 41.95679235554261 4.2369613417522622e+01 44.15864383025381 46.8743379085252 1.801173560417503 43.066817538370515 nan 3.6   
10 90 1.0185093567113195 1.898212780677914 41.95681190504549 4.2369685349097182e+01 44.15864671416398 46.874365614739546 1.801192565391787 43.06683343126479 nan 3.8   
10 90 1.0185093567113193 1.8982127806779139 41.956795708944384 4.2369674312662163e+01 44.15865450698772 46.874341302975694 1.801154698347034 43.06684703303062 nan 3.8   
11 99 1.003896963133257 1.9706264227481614 41.956774761115845 4.2350224557371178e+01 44.00100096241952 45.52747795163587 2.311398476085799 42.916071133765215 nan 3.9   
11 99 1.0038969631332588 1.9706264227481602 41.95679235554261 4.2350240652094108e+01 44.00101055960692 45.527474100316475 2.311389356021351 42.91607960377454 nan 4.0   
12 108 0.9698129948321937 1.9983251057874756 41.70054998056194 4.1700549980561938e+01 43.43501869415538 46.52008169525028 3.3132097838722387 42.19895722323696 nan 4.2   
11 99 1.0038969631332595 1.9706264227481627 41.956795708944384 4.2350245931709615e+01 44.00108161773833 45.527544510923676 2.3114486518107427 42.91610285833131 nan 4.2   
11 99 1.0038969631332595 1.9706264227481614 41.95681190504549 4.2350250980393987e+01 44.00106506610566 45.527548754154104 2.3114576755245224 42.916105828953334 nan 4.2   
12 108 0.9698129948321951 1.9983251057874751 41.700545829804945 4.1700545829804945e+01 43.43501105830525 46.520098469654975 3.313225992950599 42.19894421303212 nan 4.3   
13 117 0.9270647800751467 2.2835497947721155 41.70054998056194 4.2120928023960680e+01 44.439384482248 48.44715400474366 2.8478627157378753 43.087190484610296 nan 4.5   
12 108 0.9698129948321959 1.9983251057874751 41.700647028946975 4.1700647028946975e+01 43.435135900802656 46.5201086092947 3.313186837786425 42.19905841803584 nan 4.6   
12 108 0.9698129948321962 1.9983251057874762 41.700646285518225 4.1700646285518225e+01 43.43512676129634 46.52012215755134 3.3131788301679705 42.19905852605511 nan 4.6   
13 117 0.927064780075148 2.283549794772114 41.700545829804945 4.2120923962424143e+01 44.439377224141154 48.44715150736037 2.8478866099192857 43.087182304666854 nan 4.7   
14 126 0.8995488288194536 2.4043436620070917 41.70054998056194 4.1901899451392907e+01 44.5328655197921 45.877499228709105 1.952723318842061 43.31009215840663 nan 4.8   
13 117 0.9270647800751488 2.2835497947721146 41.700647028946975 4.2121028089023135e+01 44.439518631719366 48.44724798167752 2.847811907915009 43.08729451062742 nan 4.9   
13 117 0.9270647800751491 2.283549794772116 41.700646285518225 4.2121022192797291e+01 44.43952234943695 48.45842974856588 2.847788576186332 43.08731188877066 nan 5.0   
14 126 0.899548828819455 2.404343662007094 41.700545829804945 4.1901910367992137e+01 44.53286618165864 45.87749443279043 1.9527251591576018 43.31009774302414 nan 5.0   
15 135 0.8157890821845064 2.6260245920794563 41.70054998056194 4.1751747628066120e+01 42.898891619555975 47.93974162636091 2.519880293575355 41.93542289611448 nan 5.1   
14 126 0.8995488288194556 2.4043436620070917 41.700647028946975 4.1901969021757743e+01 44.5329478410593 45.87761997833755 1.9527250827547604 43.310150295123556 nan 5.3   
14 126 0.8995488288194561 2.4043436620070926 41.700646285518225 4.1901993515031208e+01 44.532956335529725 45.87763936860462 1.9527413182655522 43.310129764574484 nan 5.4   
15 135 0.8157890821845072 2.6260245920794554 41.700545829804945 4.1751763970745216e+01 42.89888953263696 47.93974864769006 2.519877303798907 41.93542786396606 nan 5.4   
16 144 0.7354967205723852 2.5918716152005756 41.70054998056194 4.2009274321503007e+01 42.93537356045768 45.243083112137704 0.7929536431700015 42.58131418369298 nan 5.4   
15 135 0.8157890821845079 2.6260245920794567 41.700647028946975 4.1751815668764245e+01 42.89898820963886 47.93987123128842 2.531381784339132 41.93549658003215 nan 5.6   
17 153 0.7156164036751645 2.6343184956515016 41.70054998056194 4.1709321751759454e+01 42.58150365653664 44.860405854374186 1.7410203804410713 42.174806799662804 nan 5.7   
16 144 0.735496720572386 2.5918716152005743 41.700545829804945 4.2009274518410152e+01 42.935367011621075 45.24308300882967 0.7929395664898706 42.58132513682767 nan 5.7   
15 135 0.8157890821845083 2.626024592079457 41.700646285518225 4.1751801408140416e+01 42.89898418423825 47.93986358460402 2.531820459870609 41.93549549584561 nan 5.7   
18 162 0.68606750016212 2.858592363427418 41.70054998056194 4.1774988709597352e+01 42.66047339135127 44.58087247523875 1.0023731576087656 42.187120191454724 nan 5.9   
17 153 0.7156164036751652 2.6343184956515024 41.700545829804945 4.1709316887576833e+01 42.58150720672803 44.86042513056356 1.7410132793531545 42.17481204775142 nan 6.0   
16 144 0.7354967205723869 2.5918716152005756 41.700647028946975 4.2009334807864775e+01 42.93545115767385 45.24316143704808 0.7929303640779253 42.581385831269465 nan 6.0   
16 144 0.735496720572387 2.5918716152005765 41.700646285518225 4.2009319650372397e+01 42.935434441614966 45.26002901926727 0.7929178732902429 42.581380293285896 nan 6.1   
19 171 0.6485368146589023 3.024130320867814 41.70054998056194 4.1917684233687737e+01 42.284580407477144 44.15095855726596 0.9930984809154069 41.96226812566299 nan 6.1   
18 162 0.6860675001621206 2.858592363427418 41.700545829804945 4.1774981767650956e+01 42.66048274710699 44.58086753575935 1.002379465715137 42.18711829579007 nan 6.3   
20 180 0.6038656896428437 3.247777861789939 41.70054998056194 4.1935422038515242e+01 42.94718275829639 44.2146016549455 1.501267336462675 42.162548544306695 nan 6.4   
17 153 0.7156164036751664 2.6343184956515002 41.700647028946975 4.1730410101678665e+01 42.58156387320502 44.86043815104183 1.7410241341322248 42.17489471890034 nan 6.4   
17 153 0.7156164036751662 2.634318495651503 41.700646285518225 4.1709445994967702e+01 42.58156320697534 44.860423432385645 1.7410271658021017 42.17488008787315 nan 6.5   
19 171 0.6485368146589027 3.024130320867808 41.700545829804945 4.1917701689034750e+01 42.284593657278414 44.15095958488116 1.0027254398462588 41.96226772300854 nan 6.6   
21 189 0.5652188821780618 3.179303242216304 41.70054998056194 4.1823039068396689e+01 42.42290529974307 43.856287525936594 0.8889684655412537 41.999973154582094 nan 6.7   
20 180 0.603865689642844 3.247777861789935 41.700545829804945 4.1935422786670813e+01 42.94719105197356 44.21458703799587 1.501107744973524 42.16255318856395 nan 6.8   
18 162 0.6860675001621218 2.8585923634274177 41.700647028946975 4.1787803160158610e+01 42.660560985715634 44.58100761851809 1.0023326535417851 42.18724028127893 nan 6.8   
18 162 0.6860675001621217 2.858592363427419 41.700646285518225 4.1775123171246669e+01 42.66055996103226 44.58100537470406 1.002305833936866 42.18725079072436 nan 6.9   
22 198 0.5627067554384215 3.1164299561493136 41.70054998056194 4.1767719409532077e+01 42.139173926920066 44.68609569365703 0.9784000916002995 41.95981649019117 nan 6.9   
21 189 0.5652188821780622 3.1793032422163043 41.700545829804945 4.1823048044006072e+01 42.42290451586918 43.856287200540194 0.8889650822001371 41.999981645609346 nan 7.0   
19 171 0.648536814658904 3.0241303208678136 41.700647028946975 4.1917749948957955e+01 42.28464375079174 44.15107816377789 0.9921387103260031 41.96237879421092 nan 7.1   
19 171 0.6485368146589039 3.024130320867812 41.700646285518225 4.1917777682519109e+01 42.28465086828909 44.16826278358487 0.9954975134995578 41.96239411631296 nan 7.2   
23 207 0.5428242331131021 3.3007212557639294 41.70054998056194 4.1752849587830347e+01 42.89308318309001 44.66501580996632 1.730570153010504 41.92444774954768 nan 7.2   
22 198 0.5627067554384217 3.1164299561493087 41.700545829804945 4.1767728878008406e+01 42.139170376480024 44.68610866666442 0.9782896888384442 41.95982719563106 nan 7.2   
20 180 0.6038656896428453 3.2477778617899347 41.700647028946975 4.1935514436605061e+01 42.94727459227394 44.23154912658939 1.5006742576524417 42.16264106859881 nan 7.4   
23 207 0.5428242331131025 3.300721255763929 41.700545829804945 4.1752868901698811e+01 42.89309244492275 44.66502092761546 1.730566463509355 41.9244533830867 nan 7.5   
24 216 0.5559295065282636 3.4616839778448396 41.68675731232138 4.1686757312321383e+01 42.073021479018294 42.819589473086026 0.45588774910986984 41.84954298619573 nan 7.5   
20 180 0.6038656896428456 3.2477778617899347 41.700646285518225 4.1935516294889226e+01 42.94725331135535 44.23648069533022 1.5006776842901246 42.16264387155489 nan 7.5   
21 189 0.5652188821780633 3.1793032422163043 41.700647028946975 4.1823132620507707e+01 42.42295817054481 43.85642427255842 0.8889772689668902 42.00004724598863 nan 7.7   
24 216 0.5559295065282639 3.46168397784484 41.68677018889275 4.1686770188892751e+01 42.07303549523277 42.81961022605382 0.45587772669274784 41.84955562107177 nan 7.7   
25 225 0.5369590117770535 3.800768797792176 41.68675731232138 4.1767615581619310e+01 42.01150958137323 42.99460344756687 0.3090056101803782 41.83011986609039 nan 7.8   
21 189 0.5652188821780638 3.179303242216302 41.700646285518225 4.1823135006045746e+01 42.422980571312245 43.87624507007502 0.9023679985623261 42.0000572957788 nan 7.8   
25 225 0.536959011777054 3.8007687977921694 41.68677018889275 4.1767626386493376e+01 42.01153010828951 42.994601957385605 0.3090100294474354 41.8301295564727 nan 8.0   
22 198 0.5627067554384229 3.1164299561493127 41.700647028946975 4.1767812407183030e+01 42.1392983468803 44.686166204484614 0.9797817672189382 41.95989827213347 nan 8.0   
22 198 0.5627067554384234 3.116429956149312 41.700646285518225 4.1767806485360381e+01 42.13930307060223 44.686190908873535 0.9683132381977799 41.970334715527784 nan 8.1   
26 234 0.5601250477960896 3.8708608160503997 41.680819550918294 4.1680819550918294e+01 41.884745382341784 43.79094787881187 0.8424586051813279 41.69102138042835 nan 8.1   
26 234 0.5601250477960903 3.8708608160504 41.68083218448427 4.1680832184484267e+01 41.884750479831744 43.790953841774844 0.8424427570316055 41.69104213048645 nan 8.2   
23 207 0.5428242331131033 3.3007212557639245 41.700647028946975 4.1752921570089754e+01 42.89314123659854 44.66511946407429 1.730587535593628 41.92453517987819 nan 8.3   
23 207 0.5428242331131037 3.3007212557639303 41.700646285518225 4.1752952419242796e+01 42.893151794556964 44.69890556188304 1.7305891408517056 41.92453916913769 nan 8.4   
27 243 0.5189204561683981 3.991155906331523 41.68083218448427 4.1684048016237924e+01 41.8587497371031 43.49861270373539 0.4315236850976447 41.69665989892292 nan 8.5   
24 216 0.5559295065282644 3.461683977844836 41.68681640473965 4.1686816404739652e+01 42.07309805784785 42.81966943028263 0.4558809799182484 41.84960973353751 nan 8.5   
27 243 0.5189204561683972 3.991155906331523 41.680819550918294 4.1684039873803677e+01 41.85874148527945 43.49859098968291 0.4315335732291601 41.69664344359387 nan 8.5   
24 216 0.5559295065282647 3.461683977844837 41.686850178231936 4.1686850178231936e+01 42.10020787170338 42.819702582014884 0.45588769310744937 41.84962570318935 nan 8.7   
25 225 0.5369590117770544 3.800768797792173 41.68681640473965 4.1767686092358431e+01 42.011584524556184 42.99465932813083 0.30901046304350643 41.83018893528207 nan 8.7   
28 252 0.5019721831755403 4.055870123606535 41.68083218448427 4.1694799642480682e+01 42.2817043741141 43.02817971703312 0.7098644991793677 41.93792831140495 nan 8.7   
28 252 0.5019721831755392 4.055870123606538 41.680819550918294 4.1694782014687483e+01 42.2816918148476 43.0281706180135 0.7098687181087371 41.93791156662391 nan 8.8   
25 225 0.5369590117770546 3.8007687977921707 41.686850178231936 4.1767707956457215e+01 42.01161534877294 42.99468498339785 0.30902543651921377 41.830196339350906 nan 8.9   
29 261 0.5350255024844365 4.481857249386032 41.68083218448427 4.1725296264055814e+01 41.79611917267635 42.89238460603817 0.11592834915352768 41.73950255996897 nan 9.0   
26 234 0.5601250477960906 3.870860816050403 41.680867152854994 4.1680867152854994e+01 41.88483089991505 43.791124352142994 0.8424616808154184 41.69109277067422 nan 9.0   
26 234 0.560125047796091 3.870860816050404 41.68087930432437 4.1680879304324371e+01 41.884837268638755 43.79105920932791 0.8424285776879117 41.691125806039224 nan 9.2   
29 261 0.5350255024844353 4.4818572493860325 41.680819550918294 4.1725279734474867e+01 41.796108474613064 42.892369467651456 0.11593116466622178 41.739486132851994 nan 9.2   
27 243 0.5189204561683982 3.991155906331525 41.680867152854994 4.1684095648184552e+01 41.85880087439318 43.49863407114939 0.4315240708220287 41.69671285626599 nan 9.2   
30 270 0.5520524585975238 4.849126576595832 41.68083218448427 4.1889941126777444e+01 42.0991866039982 42.363580495302635 0.3014042341216765 41.937236852396566 nan 9.2   
27 243 0.5189204561683987 3.991155906331523 41.68087930432437 4.1684101894715361e+01 41.858808684266755 43.49865248744098 0.4315069768949087 41.69673388425172 nan 9.4   
31 279 0.5530839704948695 5.538225763086289 41.68083218448427 4.1936400155840865e+01 42.37223685690451 43.32523095831898 0.6107107104056837 42.110483965148866 nan 9.5   
28 252 0.5019721831755403 4.055870123606537 41.680867152854994 4.1694854467192592e+01 42.281732907492795 43.02823438962303 0.7098855983010921 41.93795548136535 nan 9.5   
30 270 0.552052458597522 4.849126576595836 41.680819550918294 4.1889907603179097e+01 42.09916088829793 42.363560803667745 0.30139167897431207 41.93722700238007 nan 9.5   
28 252 0.5019721831755407 4.055870123606536 41.68087930432437 4.1694870369056723e+01 42.28174223726108 43.028245420622135 0.7098813553378704 41.93796930340715 nan 9.7   
32 288 0.5167993325822237 5.70749606596832 41.68083218448427 4.1774883095879787e+01 42.16351303051784 43.236196626998726 0.2087312989560246 42.05122154521958 nan 9.7   
29 261 0.5350255024844366 4.481857249386032 41.680867152854994 4.1725300029774097e+01 41.79617466496757 42.892452670200115 0.11594424595612907 41.73953639818686 nan 9.7   
29 261 0.5350255024844369 4.481857249386025 41.68087930432437 4.1725298870997150e+01 41.796182130491914 42.89246650923519 0.12620594363787774 41.73955072703227 nan 9.9   
31 279 0.5530839704948679 5.538225763086285 41.680819550918294 4.1936382632124918e+01 42.37221420039322 43.32520679170781 0.6107164539754564 42.110463707814965 nan 10.0   
33 297 0.47306085415864363 5.425096034051402 41.68083218448427 4.1740852726155744e+01 41.88022217850746 42.458209069200805 0.26980061680636425 41.81116747745462 nan 10.0   
30 270 0.5520524585975235 4.84912657659583 41.680867152854994 4.1889907094341254e+01 42.099156612973914 42.3635906244252 0.3013988855805252 41.937265474490516 nan 10.0   
30 270 0.5520524585975239 4.849126576595831 41.68087930432437 4.1889916496857332e+01 42.099153306495936 42.36358413121835 0.3014027852808425 41.937268050629285 nan 10.2   
34 306 0.41238482529298404 5.787778310976164 41.676135163324886 4.1676135163324886e+01 42.04935797317773 42.69804312249628 0.34645398598603805 41.921509378168714 nan 10.3   
31 279 0.5530839704948689 5.538225763086291 41.680867152854994 4.1936412722448864e+01 42.37221230393449 43.3252167001646 0.6107091650065115 42.11049249001614 nan 10.3   
32 288 0.5167993325822221 5.7074960659683125 41.680819550918294 4.1774870385973195e+01 42.16348819437413 43.23617615383482 0.2087246791801789 42.05121281338277 nan 10.4   
31 279 0.5530839704948695 5.538225763086294 41.68087930432437 4.1936406356282376e+01 42.37220209135804 43.32521412294187 0.6107145701387466 42.11049499512133 nan 10.5   
35 315 0.3754767816769667 6.193732750876384 41.676135163324886 4.1706534949459503e+01 41.765272469315164 42.21197989246678 0.15693113315889917 41.71941512226816 nan 10.6   
32 288 0.5167993325822231 5.707496065968308 41.680867152854994 4.1774919026285566e+01 42.163513941536564 43.236141557974676 0.2087222885025426 42.05126257617981 nan 10.6   
33 297 0.47306085415864224 5.425096034051384 41.680819550918294 4.1740832235963786e+01 41.88021259741325 42.45819776458697 0.26980335941305356 41.81115475087109 nan 10.7   
32 288 0.5167993325822238 5.707496065968316 41.68087930432437 4.1774938205773580e+01 42.16351070136386 43.23612960993217 0.20873246997664552 42.05126720049096 nan 10.8   
36 324 0.38548911628227306 5.95244681394268 41.676135163324886 4.1696540192954714e+01 41.75298947067794 42.057774976316324 0.07509851922058886 41.74804212730838 nan 10.8   
33 297 0.4730608541586433 5.42509603405139 41.680867152854994 4.1740855048957762e+01 41.88027510496339 42.45827164299721 0.26978720055606686 41.81120570042149 nan 10.9   
34 306 0.41238482529298276 5.7877783109761625 41.67611365388752 4.1676113653887519e+01 42.04935468731129 42.698036628271524 0.3464630761129541 41.921489226963445 nan 11.0   
33 297 0.4730608541586438 5.42509603405139 41.68087930432437 4.1740857874918788e+01 41.88029185459907 42.45827590353118 0.2697714400741589 41.81121948698579 nan 11.1   
37 333 0.3963325129212552 6.437471515084461 41.6730983450622 4.1673098345062201e+01 41.73553039356645 41.92904875968137 0.07168436718460214 41.70408806606942 nan 11.2   
34 306 0.4123848252929837 5.7877783109761705 41.676152293609526 4.1676152293609526e+01 42.04940022428809 42.698108471067215 0.3464607725864468 41.92153201596824 nan 11.2   
35 315 0.37547678167696563 6.193732750876379 41.67611365388752 4.1706525186095121e+01 41.76526193337351 42.21196428727444 0.1569350907717606 41.71939662960244 nan 11.4   
34 306 0.4123848252929841 5.787778310976168 41.67615588119254 4.1676155881192543e+01 42.04939005480857 42.69810788283368 0.3464520392889838 41.92153226788556 nan 11.4   
38 342 0.3687518778712532 6.797657855215854 41.6730983450622 4.1674976692954196e+01 41.77923420672492 42.01488793785332 0.07761526461715818 41.74886033785789 nan 11.5   
35 315 0.375476781676966 6.193732750876393 41.676152293609526 4.1706569113186227e+01 41.765299647831306 42.21201658660021 0.15691004587136348 41.71944745510976 nan 11.5   
35 315 0.37547678167696663 6.193732750876387 41.67615588119254 4.1706581794859432e+01 41.778466998804326 42.2120394374899 0.15689681600950678 41.7194558024117 nan 11.7   
36 324 0.385489116282272 5.952446813942684 41.67611365388752 4.1696512652584239e+01 41.75297575673168 42.05776240327717 0.07509531204242137 41.74803043948357 nan 11.8   
39 351 0.39229293503890234 7.105164764223427 41.6730983450622 4.1673872980082315e+01 41.74543553170726 41.90219014358816 0.13449653977548337 41.69629676421374 nan 11.8   
36 324 0.3854891162822727 5.952446813942679 41.676152293609526 4.1696546467388970e+01 41.753024614811935 42.057824757272414 0.0750680349890871 41.748083245502684 nan 11.8   
36 324 0.38569738186115726 5.947890998496723 41.67615588119254 4.1696966837289430e+01 41.753354151453436 42.05696689715581 0.07467433438638693 41.747975096296635 nan 12.0   
37 333 0.3963325129212541 6.437471515084452 41.67307787865166 4.1673077878651661e+01 41.73549948989974 41.92902898557735 0.07167621132877855 41.70407365076744 nan 12.1   
40 360 0.35457607153793624 8.49637241293573 41.6730983450622 4.1677840958502387e+01 41.817136705455816 41.94386454640474 0.1364028004156026 41.7536148509699 nan 12.1   
37 333 0.39633251292125504 6.43747151508445 41.67313254422807 4.1673132544228068e+01 41.73552642996111 41.929087481353385 0.0716859748760541 41.70410989970776 nan 12.1   
37 333 0.39671114508863614 6.434862163949995 41.67312857514487 4.1673128575144872e+01 41.735839707955876 41.92852778018065 0.07158240002352301 41.70416512755674 nan 12.3   
38 342 0.3687518778712521 6.797657855215832 41.67307787865166 4.1674964757913919e+01 41.77921567281955 42.01487422738828 0.07762039008820665 41.748842920745034 nan 12.4   
41 369 0.3248178884394581 8.58384387586024 41.6730983450622 4.1682637438536347e+01 41.710462354283806 41.88766081378647 0.06410450036335646 41.68816700984626 nan 12.4   
38 342 0.3687518778712531 6.797657855215838 41.67313254422807 4.1675041591559371e+01 41.77926264426204 42.01492715985503 0.07762809509267754 41.74887049642135 nan 12.4   
38 342 0.36912977595163177 6.794946156992892 41.67312857514487 4.1675293942508887e+01 41.777315998364365 42.01272748928983 0.07981920167100753 41.750881648276845 nan 12.6   
42 378 0.2846647502382832 8.582173022803596 41.6730983450622 4.1673586932390769e+01 41.69944041041141 41.99822750643918 0.048161093473368055 41.67885775363951 nan 12.7   
39 351 0.3922929350389018 7.105164764223411 41.67307787865166 4.1673856670642948e+01 41.74542619062734 41.90217559965627 0.1344930171032459 41.69628111594887 nan 12.7   
39 351 0.3922929350389028 7.10516476422343 41.67313254422807 4.1673897945461249e+01 41.74546501993685 41.90223881578586 0.13448948248609582 41.69633487741713 nan 12.7   
39 351 0.39563119892085463 7.102032494586859 41.67312857514487 4.1674692652416901e+01 41.734833061999495 41.912819474030485 0.12488510172412504 41.70058305793466 nan 12.9   
43 387 0.29525887391416494 8.964590739156545 41.6730983450622 4.1687070036549066e+01 41.7097415161646 41.76700767707007 0.0345990102315028 41.69439753172466 nan 13.0   
40 360 0.3545760715379367 8.496372412935761 41.67313254422807 4.1677877796669001e+01 41.817177177283206 41.94390772605883 0.13640588426949307 41.75364952784736 nan 13.0   
40 360 0.35457607153793597 8.496372412935742 41.67307787865166 4.1677823458341855e+01 41.817125796854306 41.94385017280698 0.13639529544033735 41.753605190800855 nan 13.0   
40 360 0.35451499500955347 8.446620603463884 41.67312857514487 4.1681648921547428e+01 41.83420181894388 41.96425369814336 0.14482129689976375 41.75605539800263 nan 13.2   
41 369 0.32481788843945864 8.583843875860259 41.67313254422807 4.1682671585841490e+01 41.71051762538721 41.88765115156001 0.06412840422794375 41.68817870316981 nan 13.3   
44 396 0.3164069862868964 9.49489578347864 41.6730983450622 4.1674046569686155e+01 41.714066448149 41.82105776144143 0.04173003211892734 41.69705694093917 nan 13.3   
41 369 0.324817888439458 8.583843875860236 41.67307787865166 4.1682628076741473e+01 41.710452320007434 41.88764240106085 0.06411861658603613 41.68813898421228 nan 13.3   
41 369 0.3231805061441328 8.523197157796732 41.67312857514487 4.1681708744959778e+01 41.727393016771316 41.8445740775204 0.05835733436089896 41.69100622972645 nan 13.5   
42 378 0.2846647502382838 8.582173022803648 41.67313254422807 4.1673614416883744e+01 41.69949260555394 41.99825271516644 0.04819079898280876 41.678875807681976 nan 13.5   
42 378 0.284664750238283 8.582173022803625 41.67307787865166 4.1673567092907234e+01 41.699429191503796 41.99821592734296 0.04816653065776677 41.6788403054684 nan 13.6   
45 405 0.30763900941307387 10.71019068972269 41.6730983450622 4.1673808627918277e+01 41.71473973677848 41.783221005534806 0.03246258882536068 41.69346707023735 nan 13.6   
42 378 0.2964497424661492 8.526225150799586 41.67312857514487 4.1673707690466102e+01 41.709179600426765 42.024478013141376 0.07471692395602503 41.67986596094618 nan 13.7   
43 387 0.2952588739141657 8.964590739156558 41.67313254422807 4.1687093077500826e+01 41.70974541454361 41.76703495844623 0.03461579139893445 41.694406533873625 nan 13.8   
43 387 0.29525887391416494 8.964590739156547 41.67307787865166 4.1687051295014356e+01 41.70971782401239 41.76699531643899 0.03460684199870201 41.694368624781276 nan 13.9   
46 414 0.30879392910305725 10.49844496294959 41.6730983450622 4.1676879052268120e+01 41.6883834368013 41.768399533230586 0.03690053430977258 41.68315687957492 nan 13.9   
43 387 0.26755361786741505 9.044118889570964 41.67312857514487 4.1687981837295574e+01 41.71864817874036 41.805987254117085 0.06369501526132382 41.69680463610954 nan 14.0   
44 396 0.31640698628689734 9.49489578347864 41.67313254422807 4.1674061430400762e+01 41.71410568000062 41.82106836811846 0.041746505803715195 41.697050694891274 nan 14.1   
44 396 0.31640698628689645 9.494895783478611 41.67307787865166 4.1674019095029152e+01 41.71405162340107 41.82103421076867 0.041730394958491956 41.69702763372044 nan 14.2   
47 423 0.3136378844993389 10.537596089999031 41.6730983450622 4.1680112009057645e+01 41.68257114002466 41.74614907029721 0.016085744089551213 41.68110467344832 nan 14.2   
44 396 0.23738642098577184 9.469255690202685 41.67312857514487 4.1673892054682412e+01 41.699552221490315 41.83819157356063 0.044892497786747754 41.68264624094945 nan 14.3   
45 405 0.30763900941307465 10.710190689722767 41.67313254422807 4.1673825781146711e+01 41.714769326956144 41.783196702268356 0.032447393056799 41.69345949444127 nan 14.4   
45 405 0.30763900941307387 10.71019068972275 41.67307787865166 4.1673781759737437e+01 41.71471911950374 41.783185781452985 0.032459455999862996 41.69343587485635 nan 14.5   
48 432 0.309564078539403 11.538203884642384 41.6730983450622 4.1678787577498866e+01 41.71030986909782 41.77796692801631 0.058710100980825075 41.69237879654239 nan 14.5   
45 405 0.2370062560288799 9.832010432488826 41.67312857514487 4.1676350515183600e+01 41.690833198984436 41.748260794820254 0.04161335111479758 41.682518944159916 nan 14.5   
46 414 0.30879392910305803 10.498444962949657 41.67313254422807 4.1676892566708084e+01 41.68839779644152 41.768384156742336 0.036895470058041724 41.68317839627231 nan 14.7   
46 414 0.30879392910305736 10.498444962949614 41.67307787865166 4.1676852262329142e+01 41.68835555781494 41.76836418909477 0.036899351798517444 41.68313304354646 nan 14.8   
46 414 0.2381886086748617 10.580358827788128 41.67312857514487 4.1675256827618483e+01 41.68610328118726 41.72510562345661 0.011227870568987441 41.68079611024407 nan 14.8   
49 441 0.2820865514969119 11.424993764464839 41.6730983450622 4.1673509440617849e+01 41.69204006522274 41.737938131517296 0.018990101756088507 41.68957090678958 nan 14.8   
47 423 0.31363788449933977 10.537596089999003 41.67313254422807 4.1680141778201971e+01 41.682572377176534 41.74616553595024 0.016076399040741762 41.68111341276518 nan 15.0   
47 423 0.31363788449933905 10.537596089998933 41.67307787865166 4.1680088891712415e+01 41.68254068654167 41.74612208346881 0.016084108888392734 41.68107654076964 nan 15.1   
47 423 0.21021958229989193 11.585280173390535 41.67312857514487 4.1674386349747103e+01 41.68436730283983 41.7088836470987 0.009207145436683106 41.68023323342851 nan 15.1   
50 450 0.2674135506853313 12.733894840837413 41.6730983450622 4.1674861248658168e+01 41.68931155532849 41.70383417182814 0.010027259602566119 41.685389067306275 nan 15.1   
48 432 0.30956407853940393 11.538203884642446 41.67313254422807 4.1678820403501653e+01 41.710347476079036 41.7780214318336 0.058760342643950025 41.69237209253684 nan 15.3   
48 432 0.30956407853940315 11.538203884642359 41.67307787865166 4.1678765570011855e+01 41.71029279047467 41.777953125418705 0.05873243122645988 41.692345359607984 nan 15.3   
48 432 0.17561753221792442 12.129956240743027 41.67312857514487 4.1677672516668970e+01 41.68704212930459 41.70683770378011 0.01801719571582794 41.67965489958243 nan 15.4   
51 459 0.2384119213777251 12.276113509672776 41.6730983450622 4.1682897618517266e+01 41.686709727658915 41.73305343387099 0.015307422676542615 41.6847895667025 nan 15.4   
49 441 0.28208655149691286 11.424993764464906 41.67313254422807 4.1673512660157449e+01 41.69203487685316 41.73795191256064 0.018991704047159885 41.68958879418269 nan 15.6   
49 441 0.2820865514969124 11.424993764464885 41.67307787865166 4.1673478148457029e+01 41.69200656523445 41.73791278079924 0.018990221546808073 41.689544114927706 nan 15.6   
52 468 0.2095706831867871 12.144409304358053 41.6730983450622 4.1675305083084673e+01 41.680575395090315 41.72654902572515 0.0170163812065951 41.67785732623782 nan 15.6   
49 441 0.1623156920382158 11.684646080539206 41.67271956005991 4.1672719560059910e+01 41.67835296347344 41.69194519243201 0.006974508070406671 41.67587425716205 nan 15.6   
50 450 0.26741355068533207 12.733894840837394 41.67313254422807 4.1674843009006580e+01 41.6893290679418 41.703817131375466 0.01001322030055718 41.68540265907727 nan 15.9   
50 450 0.26741355068533196 12.733894840837223 41.67307787865166 4.1674824448415279e+01 41.68928383746775 41.70380120461436 0.010022591201753528 41.685360388992585 nan 15.9   
50 450 0.16389956932671915 13.171707927175442 41.67271956005991 4.1673933378625648e+01 41.67806269977793 41.6845740830325 0.0038606699870484817 41.67546295509546 nan 15.9   
53 477 0.17069796304930782 11.772630313433423 41.6730983450622 4.1673570156698901e+01 41.678359033050334 41.69129439732581 0.010625997017569944 41.67666972265397 nan 16.0   
51 459 0.23841192137772566 12.276113509672962 41.67313254422807 4.1682893779098343e+01 41.68671066525127 41.73304508498368 0.015306147126182168 41.68478890551154 nan 16.2   
51 459 0.14662350576232858 12.575793957687923 41.67271956005991 4.1673535397928866e+01 41.675354949217265 41.68930022786115 0.0026506046208254475 41.674793797675974 nan 16.2   
51 459 0.2384119213777254 12.27611350967281 41.67307787865166 4.1682864844579740e+01 41.68667829861264 41.73301961590847 0.015306619664379184 41.68475826272429 nan 16.2   
54 486 0.1770974423823681 11.92642732169519 41.6730983450622 4.1673672139281621e+01 41.67891381852073 41.6823171964964 0.004738924359394048 41.6755942097256 nan 16.4   
52 468 0.1470311180812042 12.537377513934441 41.67270885785518 4.1672708857855177e+01 41.674911419222354 41.69324182666747 0.004760497045204204 41.673448736993564 nan 16.5   
52 468 0.20957068318678782 12.144409304358161 41.67313254422807 4.1675318181021261e+01 41.68057130813089 41.726526207657685 0.01700082997789565 41.677855338753794 nan 16.5   
52 468 0.2095706831867879 12.144409304357998 41.67307787865166 4.1675276180893597e+01 41.680543080760465 41.726516658314345 0.01702093063872212 41.677824114139696 nan 16.6   
55 495 0.16842683581062526 12.943157645783453 41.6730983450622 4.1673295008292818e+01 41.677156522133906 41.68376667546361 0.00525525436464136 41.67610116396998 nan 16.6   
53 477 0.12497919128943319 12.99272855928426 41.67270885785518 4.1672993140358678e+01 41.67444074387088 41.68195620619775 0.004602456448758119 41.67381398322827 nan 16.8   
53 477 0.1702772590487084 11.772630313433394 41.67313254422807 4.1673580787921928e+01 41.67837647226227 41.69130130496159 0.010626368832532762 41.67666780573123 nan 16.8   
53 477 0.17069796304930848 11.772630313433618 41.67307787865166 4.1673540738336222e+01 41.67833211787496 41.691266979179424 0.010621791880559783 41.67664394122079 nan 16.9   
56 504 0.17764998460458464 13.201165026808974 41.6730983450622 4.1673424258334698e+01 41.67714144764786 41.691235045461724 0.006943001226275669 41.67411957969749 nan 16.9   
54 486 0.13647519328020088 13.1529034153843 41.67270885785518 4.1673063309562444e+01 41.67480354492908 41.67969842058211 0.0015065175543043097 41.6738676207011 nan 17.1   
54 486 0.17645853832229297 11.984477446759476 41.67313254422807 4.1673295831150803e+01 41.67857483657635 41.68394987750818 0.0041609158372679644 41.676358080054634 nan 17.1   
54 486 0.17709744238236855 11.926427321695044 41.67307787865166 4.1673638776946383e+01 41.67889172519625 41.68228603895414 0.004743571918062628 41.67556589527038 nan 17.2   
57 513 0.16391980969637115 13.498424245492984 41.6730983450622 4.1673101627206684e+01 41.67627468379654 41.68344994579489 0.00563556898600126 41.675291257165185 nan 17.2   
55 495 0.1384266159190664 13.566400139479423 41.67270885785518 4.1673043124969226e+01 41.67498939727666 41.683004145224004 0.0015709160267718403 41.67445533670481 nan 17.3   
55 495 0.16571656402476576 13.10994974044059 41.67313254422807 4.1673571252209719e+01 41.677761873836374 41.68471721761387 0.004816084387591957 41.675191013194784 nan 17.4   
58 522 0.1581304247358848 13.650372140093909 41.6730983450622 4.1673302998866610e+01 41.67479516309539 41.68357087991345 0.004749707146096682 41.67392264622025 nan 17.4   
55 495 0.1684268358106258 12.943157645783431 41.67307787865166 4.1673264876949546e+01 41.67712194522197 41.68373160179437 0.005255614432272182 41.676068450036624 nan 17.5   
56 504 0.17375356625555816 13.712589011494305 41.67261912976609 4.1672619129766090e+01 41.67394032579394 41.68082701501518 0.0029588661418173956 41.673519246051555 nan 17.6   
56 504 0.16718183767034675 13.526497167524449 41.67313254422807 4.1673495262413958e+01 41.67682102260788 41.690119204989145 0.007256576055269193 41.67430993750517 nan 17.7   
59 531 0.13630612780053547 14.45093126221433 41.673083634442854 4.1673083634442854e+01 41.67475793490203 41.67748971317342 0.0034566819208947663 41.6732911108907 nan 17.7   
56 504 0.17764998460458528 13.20116502680902 41.67307787865166 4.1673394561458707e+01 41.677108873098966 41.691213741023 0.006938164219597809 41.67409111395147 nan 17.7   
57 513 0.1800663371032691 14.35320348738991 41.67261912976609 4.1672621754378468e+01 41.67587233372573 41.67862255230399 0.0032469401972932133 41.67473993029566 nan 17.9   
60 540 0.13287082907037165 15.172302501306438 41.673083634442854 4.1673935010248456e+01 41.674955410366785 41.68302295661419 0.0017074944515229618 41.6745206908432 nan 18.0   
57 513 0.16085815812857515 13.826328705828622 41.67305678442122 4.1673056784421220e+01 41.67501197363872 41.68389691832632 0.007069942778784366 41.673802191239076 nan 18.0   
57 513 0.16391980969637154 13.498424245492998 41.673066908257304 4.1673066908257304e+01 41.67624634730138 41.683427138923165 0.005639458312764134 41.67526019483917 nan 18.0   
58 522 0.17370023372214324 14.674975182187625 41.67261912976609 4.1672721307293848e+01 41.67630958591678 41.6795942618057 0.0033144549710044657 41.67429989491713 nan 18.2   
61 549 0.1630766026782329 16.415656053137734 41.673083634442854 4.1674360839198464e+01 41.67601170480553 41.67880880670475 0.0011379607063517483 41.675369884611534 nan 18.2   
58 522 0.15606257293072695 13.59865021326649 41.67305678442122 4.1673245210000161e+01 41.67414586381837 41.682388184953425 0.0049463898402066775 41.67347417452942 nan 18.3   
58 522 0.15813042473588498 13.650372140093975 41.673066908257304 4.1673272701789003e+01 41.674765160341025 41.68354106079874 0.004754877857109818 41.67388935893273 nan 18.3   
62 558 0.18057972739635889 15.819399419477156 41.673083634442854 4.1674059138490364e+01 41.67810699568393 41.689201884970075 0.005379386422362131 41.67449526328544 nan 18.5   
59 531 0.15950133606317526 15.35652642355506 41.67257239102204 4.1672572391022037e+01 41.67515436925424 41.67782369433522 0.0042178277537914255 41.67269072533324 nan 18.5   
59 531 0.1329787949146356 15.037969688582049 41.67305678442122 4.1673101122450909e+01 41.67546530683847 41.6785148715146 0.00260914193053452 41.673603723026346 nan 18.6   
59 531 0.13630612780053553 14.450931262214667 41.67305109374069 4.1673051093740689e+01 41.674722904501934 41.67745809815653 0.0034523654127127656 41.673261866843205 nan 18.6   
63 567 0.2018162699204907 15.753713027799142 41.673083634442854 4.1673592131347185e+01 41.67711036809921 41.68548017067893 0.004745518593871623 41.67518997652536 nan 18.7   
60 540 0.1563354416403368 15.930030921512122 41.67257239102204 4.1674063172787072e+01 41.67521719014256 41.688968369521014 0.002412008637030283 41.6744007064597 nan 18.8   
60 540 0.13315852878198142 15.67541275457543 41.67305678442122 4.1673606138393460e+01 41.67531103181533 41.68651726439665 0.0020040374858609766 41.674339429730196 nan 18.9   
60 540 0.1328708290703715 15.172302501306477 41.67305109374069 4.1673898974670898e+01 41.67492309004117 41.68299403955309 0.0017004057149208052 41.674495815209816 nan 18.9   
64 576 0.2032767863715258 15.707301007281629 41.673083634442854 4.1673235737741273e+01 41.677804320807205 41.680191949975196 0.0029406960944484695 41.67594424163214 nan 18.9   
61 549 0.16943481958460357 15.830281131312573 41.67257239102204 4.1673363894172063e+01 41.67700103873519 41.68061141406154 0.0030617228944009867 41.67589822836604 nan 19.0   
61 549 0.16307660267823262 16.415656053137145 41.67305109374069 4.1674326270027933e+01 41.675977269242864 41.67877361177438 0.0011393326241773138 41.67533886490786 nan 19.2   
61 549 0.14234080526450887 16.981491368575604 41.67305678442122 4.1673307282470766e+01 41.674849761342905 41.68236456320266 0.004916453813343935 41.67379514645193 nan 19.2   
65 585 0.18539737311415144 17.02933093456456 41.673083634442854 4.1673181726858246e+01 41.67594700285306 41.68790256401802 0.003207957917382487 41.67414976968496 nan 19.2   
62 558 0.19457962375652116 17.212271869091147 41.67257239102204 4.1673164930753913e+01 41.675654900286965 41.68700425114252 0.0035261849479013563 41.67419271050419 nan 19.3   
66 594 0.171080390424295 18.082262940427764 41.67297071421234 4.1672970714212340e+01 41.675804055420414 41.676900310584756 0.002824197901524883 41.67373527623802 nan 19.5   
62 558 0.1805797273963582 15.81939941947741 41.67305109374069 4.1674031465845445e+01 41.67807144773336 41.68916625371957 0.005377975327078843 41.674462874479886 nan 19.5   
62 558 0.13800045332546332 19.343337756298496 41.67305678442122 4.1674401244635028e+01 41.6752233212236 41.67876809049414 0.0012239002839180557 41.67496196884538 nan 19.5   
63 567 0.21790527436220247 18.596836374174494 41.67257239102204 4.1673626185661583e+01 41.67598519379811 41.682282341921535 0.0029630165617220428 41.67496649325274 nan 19.6   
67 603 0.15808004276410825 17.517340766753133 41.67297071421234 4.1673543381860213e+01 41.675398894374844 41.67993587591782 0.00205449990775719 41.674084990531306 nan 19.7   
63 567 0.20181626992048982 15.753713027799002 41.67305109374069 4.1673558764965520e+01 41.677078561921206 41.68544757891376 0.004744211906476892 41.67516064202924 nan 19.8   
63 567 0.1345268617314963 20.949153775077786 41.67305678442122 4.1673326039097532e+01 41.67476751270801 41.67883489232379 0.0024449729869147063 41.67410131820648 nan 19.8   
64 576 0.20099099827793837 18.834633827831507 41.67257239102204 4.1673860384199166e+01 41.67731283114357 41.68396666742648 0.00821851522872663 41.6749939255099 nan 19.8   
64 576 0.20327678637152438 15.707301007281455 41.67305109374069 4.1673216090930495e+01 41.67776918199319 41.680157652828385 0.0029436490069585375 41.67590975789292 nan 20.1   
65 585 0.19417524748234216 20.67528576439702 41.67257239102204 4.1672867799890945e+01 41.6760016921178 41.68043103101021 0.00358758526813574 41.67399892411345 nan 20.1   
64 576 0.13892143247116565 21.201860551409993 41.67304166721835 4.1673041667218349e+01 41.67510579610184 41.67802688014312 0.0021346070208778656 41.67376243195926 nan 20.1   
66 594 0.20889007699991677 23.300136718400147 41.67257239102204 4.1673131286216794e+01 41.67511534532283 41.68310182642597 0.0028339774686401142 41.673897052459 nan 20.4   
65 585 0.13347659420087918 23.332772394276663 41.672969204324424 4.1672969204324424e+01 41.67399668224372 41.6752486651829 0.0013514937197598442 41.67336627320363 nan 20.4   
65 585 0.18539737311414978 17.029330934564758 41.67305109374069 4.1673156645172185e+01 41.67592131243879 41.68787388198852 0.0032078326091991016 41.67411778193641 nan 20.4   
67 603 0.19684156358202326 22.29606188955924 41.67257239102204 4.1673141356256259e+01 41.67615300317996 41.68268751007308 0.002583799745494275 41.675199536838406 nan 20.6   
66 594 0.14162428681176192 25.929341308709624 41.672702295750916 4.1672702295750916e+01 41.67386436089408 41.67530434153922 0.0013021193805613507 41.67329376509285 nan 20.7   
66 594 0.17108039042429346 18.082262940427466 41.67294236379998 4.1672942363799983e+01 41.67577861297289 41.676864140371336 0.0028310827514346215 41.673704111897976 nan 20.7   
67 603 0.15171932662342 25.546976433079237 41.672702295750916 4.1672860583193369e+01 41.67373124718622 41.67601900701863 0.0014594375384291425 41.673257827340315 nan 21.0   
67 603 0.1580800427641069 17.517340766753065 41.67294236379998 4.1673509170902065e+01 41.675373097904846 41.67990948017679 0.002058692079209834 41.67405238031486 nan 21.0   
