% # columns="iteration, evaluation, sigma, beta, void,  sigvec==sigma_vec.scaling factors from diagonal decoding", seed=2567, Fri Aug 28 18:29:29 2026, <python>{}</python>
1 9 0.940977190652212 1 0 0.03749999999999999 0.037500000000000006 0.08996575 0.25132741228718347 0.15707963267948966 0.7696902001294993 0.0175
1 9 0.940977190652212 1 0 0.037500000000000006 0.037500000000000006 0.08996575 0.25132741228718347 0.15707963267948966 0.7696902001294993 0.0175
2 18 1.1403966876785345 1 0 0.03749999999999999 0.037500000000000006 0.08996575 0.25132741228718347 0.15707963267948966 0.7696902001294993 0.0175
2 18 1.140396687678535 1 0 0.037500000000000006 0.037500000000000006 0.08996575 0.25132741228718347 0.15707963267948966 0.7696902001294993 0.0175
2 18 1.1403966876785347 1 0 0.03749999999999999 0.037500000000000006 0.08996575 0.25132741228718347 0.15707963267948966 0.7696902001294993 0.0175
2 18 1.1403966876785345 1 0 0.03749999999999999 0.037500000000000006 0.08996575 0.25132741228718347 0.15707963267948966 0.7696902001294993 0.0175
3 27 1.2800398004380782 1 0 0.03749999999999999 0.037500000000000006 0.08996575 0.25132741228718347 0.15707963267948966 0.7696902001294993 0.0175
3 27 1.2800398004380786 1 0 0.03749999999999999 0.037500000000000006 0.08996575 0.25132741228718347 0.15707963267948966 0.7696902001294993 0.0175
3 27 1.2800398004380793 1 0 0.037500000000000006 0.037500000000000006 0.08996575 0.25132741228718347 0.15707963267948966 0.7696902001294993 0.0175
3 27 1.2800398004380784 1 0 0.03749999999999999 0.037500000000000006 0.08996575 0.25132741228718347 0.15707963267948966 0.7696902001294993 0.0175
4 36 1.4027438750181573 1 0 0.03544043347050328 0.03535883120759879 0.08691493310535167 0.25132741228718347 0.14907321115724356 0.6950577080763229 0.016468659767904018
4 36 1.402743875018158 1 0 0.03544043347050324 0.03535883120759877 0.0869149331053516 0.25132741228718347 0.14907321115724356 0.6950577080763228 0.016468659767903997
4 36 1.4027438750181587 1 0 0.03544043347050326 0.035358831207598765 0.0869149331053516 0.25132741228718347 0.14907321115724345 0.695057708076322 0.016468659767903997
4 36 1.402743875018158 1 0 0.03544043347050322 0.03535883120759878 0.08691493310535157 0.25132741228718347 0.1490732111572435 0.6950577080763228 0.016468659767904004
5 45 1.4634365355213057 1 0 0.03339414680189798 0.03353276690213177 0.08236828179046396 0.25132741228718347 0.1429342802445813 0.6732234462999023 0.015989426229253076
5 45 1.4634365355213073 1 0 0.03339414680189792 0.033532766902131715 0.08236828179046386 0.25132741228718347 0.14293428024458124 0.6732234462999018 0.015989426229253034
5 45 1.4634365355213077 1 0 0.033394146801897936 0.03353276690213173 0.08236828179046388 0.25132741228718347 0.14293428024458107 0.6732234462999009 0.01598942622925304
5 45 1.4634365355213073 1 0 0.033394146801897874 0.03353276690213174 0.08236828179046388 0.25132741228718347 0.14293428024458113 0.673223446299902 0.01598942622925304
6 54 1.4308075992636164 1 0 0.033222522736780384 0.03353276690213177 0.08236828179046396 0.25132741228718347 0.1429342802445813 0.6732234462999023 0.0154848531201347
6 54 1.4308075992636184 1 0 0.03322252273678028 0.033532766902131715 0.08236828179046386 0.25132741228718347 0.14293428024458124 0.6732234462999018 0.015484853120134666
6 54 1.4308075992636187 1 0 0.0332225227367803 0.03353276690213173 0.08236828179046388 0.25132741228718347 0.14293428024458107 0.6732234462999009 0.015484853120134671
6 54 1.4308075992636184 1 0 0.033222522736780245 0.03353276690213174 0.08236828179046388 0.25132741228718347 0.14293428024458113 0.673223446299902 0.015484853120134664
7 63 1.227517295724345 1 0 0.033222522736780384 0.03353276690213177 0.08236828179046396 0.25132741228718347 0.1429342802445813 0.6732234462999023 0.0154848531201347
7 63 1.2275172957243468 1 0 0.03322252273678028 0.033532766902131715 0.08236828179046386 0.25132741228718347 0.14293428024458124 0.6732234462999018 0.015484853120134666
7 63 1.227517295724347 1 0 0.0332225227367803 0.03353276690213173 0.08236828179046388 0.25132741228718347 0.14293428024458107 0.6732234462999009 0.015484853120134671
7 63 1.227517295724347 1 0 0.033222522736780245 0.03353276690213174 0.08236828179046388 0.25132741228718347 0.14293428024458113 0.673223446299902 0.015484853120134664
8 72 1.16806336972026 1 0 0.033222522736780384 0.03353276690213177 0.08236828179046396 0.25132741228718347 0.1429342802445813 0.6732234462999023 0.0154848531201347
8 72 1.1680633697202623 1 0 0.03322252273678028 0.033532766902131715 0.08236828179046386 0.25132741228718347 0.14293428024458124 0.6732234462999018 0.015484853120134666
9 81 1.0575439740009096 1 0 0.033222522736780384 0.03353276690213177 0.08236828179046396 0.25132741228718347 0.1429342802445813 0.6732234462999023 0.0154848531201347
8 72 1.1680633697202623 1 0 0.0332225227367803 0.03353276690213173 0.08236828179046388 0.25132741228718347 0.14293428024458107 0.6732234462999009 0.015484853120134671
8 72 1.1680633697202627 1 0 0.033222522736780245 0.03353276690213174 0.08236828179046388 0.25132741228718347 0.14293428024458113 0.673223446299902 0.015484853120134664
9 81 1.057543974000912 1 0 0.03322252273678028 0.033532766902131715 0.08236828179046386 0.25132741228718347 0.14293428024458124 0.6732234462999018 0.015484853120134666
9 81 1.0575439740009125 1 0 0.033222522736780245 0.03353276690213174 0.08236828179046388 0.25132741228718347 0.14293428024458113 0.673223446299902 0.015484853120134664
9 81 1.0575439740009118 1 0 0.0332225227367803 0.03353276690213173 0.08236828179046388 0.25132741228718347 0.14293428024458107 0.6732234462999009 0.015484853120134671
10 90 1.0185093567113166 1 0 0.033222522736780384 0.03353276690213177 0.08236828179046396 0.25132741228718347 0.1429342802445813 0.6732234462999023 0.0154848531201347
10 90 1.0185093567113188 1 0 0.03322252273678028 0.033532766902131715 0.08236828179046386 0.25132741228718347 0.14293428024458124 0.6732234462999018 0.015484853120134666
10 90 1.0185093567113195 1 0 0.033222522736780245 0.03353276690213174 0.08236828179046388 0.25132741228718347 0.14293428024458113 0.673223446299902 0.015484853120134664
10 90 1.0185093567113193 1 0 0.0332225227367803 0.03353276690213173 0.08236828179046388 0.25132741228718347 0.14293428024458107 0.6732234462999009 0.015484853120134671
11 99 1.003896963133257 1 0 0.033222522736780384 0.03353276690213177 0.08236828179046396 0.25132741228718347 0.1429342802445813 0.6732234462999023 0.0154848531201347
11 99 1.0038969631332588 1 0 0.03322252273678028 0.033532766902131715 0.08236828179046386 0.25132741228718347 0.14293428024458124 0.6732234462999018 0.015484853120134666
12 108 0.9698129948321937 1 0 0.033222522736780384 0.03353276690213177 0.08236828179046396 0.25132741228718347 0.1429342802445813 0.6732234462999023 0.0154848531201347
11 99 1.0038969631332595 1 0 0.0332225227367803 0.03353276690213173 0.08236828179046388 0.25132741228718347 0.14293428024458107 0.6732234462999009 0.015484853120134671
11 99 1.0038969631332595 1 0 0.033222522736780245 0.03353276690213174 0.08236828179046388 0.25132741228718347 0.14293428024458113 0.673223446299902 0.015484853120134664
12 108 0.9698129948321951 1 0 0.03322252273678028 0.033532766902131715 0.08236828179046386 0.25132741228718347 0.14293428024458124 0.6732234462999018 0.015484853120134666
13 117 0.9270647800751467 1 0 0.033222522736780384 0.03353276690213177 0.08236828179046396 0.25132741228718347 0.1429342802445813 0.6732234462999023 0.0154848531201347
12 108 0.9698129948321959 1 0 0.033222522736780245 0.03353276690213174 0.08236828179046388 0.25132741228718347 0.14293428024458113 0.673223446299902 0.015484853120134664
12 108 0.9698129948321962 1 0 0.0332225227367803 0.03353276690213173 0.08236828179046388 0.25132741228718347 0.14293428024458107 0.6732234462999009 0.015484853120134671
13 117 0.927064780075148 1 0 0.03322252273678028 0.033532766902131715 0.08236828179046386 0.25132741228718347 0.14293428024458124 0.6732234462999018 0.015484853120134666
14 126 0.8995488288194536 1 0 0.033222522736780384 0.03353276690213177 0.08236828179046396 0.25132741228718347 0.1429342802445813 0.6732234462999023 0.0154848531201347
13 117 0.9270647800751488 1 0 0.033222522736780245 0.03353276690213174 0.08236828179046388 0.25132741228718347 0.14293428024458113 0.673223446299902 0.015484853120134664
13 117 0.9270647800751491 1 0 0.0332225227367803 0.03353276690213173 0.08236828179046388 0.25132741228718347 0.14293428024458107 0.6732234462999009 0.015484853120134671
14 126 0.899548828819455 1 0 0.03322252273678028 0.033532766902131715 0.08236828179046386 0.25132741228718347 0.14293428024458124 0.6732234462999018 0.015484853120134666
15 135 0.8157890821845064 1 0 0.033222522736780384 0.03353276690213177 0.08236828179046396 0.25132741228718347 0.1429342802445813 0.6732234462999023 0.0154848531201347
14 126 0.8995488288194556 1 0 0.033222522736780245 0.03353276690213174 0.08236828179046388 0.25132741228718347 0.14293428024458113 0.673223446299902 0.015484853120134664
15 135 0.8157890821845072 1 0 0.03322252273678028 0.033532766902131715 0.08236828179046386 0.25132741228718347 0.14293428024458124 0.6732234462999018 0.015484853120134666
14 126 0.8995488288194561 1 0 0.0332225227367803 0.03353276690213173 0.08236828179046388 0.25132741228718347 0.14293428024458107 0.6732234462999009 0.015484853120134671
16 144 0.7354967205723852 1 0 0.033222522736780384 0.03353276690213177 0.08236828179046396 0.25132741228718347 0.1429342802445813 0.6732234462999023 0.0154848531201347
15 135 0.8157890821845079 1 0 0.033222522736780245 0.03353276690213174 0.08236828179046388 0.25132741228718347 0.14293428024458113 0.673223446299902 0.015484853120134664
17 153 0.7156164036751645 1 0 0.033222522736780384 0.03353276690213177 0.08236828179046396 0.25132741228718347 0.1429342802445813 0.6732234462999023 0.0154848531201347
16 144 0.735496720572386 1 0 0.03322252273678028 0.033532766902131715 0.08236828179046386 0.25132741228718347 0.14293428024458124 0.6732234462999018 0.015484853120134666
15 135 0.8157890821845083 1 0 0.0332225227367803 0.03353276690213173 0.08236828179046388 0.25132741228718347 0.14293428024458107 0.6732234462999009 0.015484853120134671
18 162 0.68606750016212 1 0 0.033222522736780384 0.03353276690213177 0.08236828179046396 0.25132741228718347 0.1429342802445813 0.6732234462999023 0.0154848531201347
17 153 0.7156164036751652 1 0 0.03322252273678028 0.033532766902131715 0.08236828179046386 0.25132741228718347 0.14293428024458124 0.6732234462999018 0.015484853120134666
16 144 0.7354967205723869 1 0 0.033222522736780245 0.03353276690213174 0.08236828179046388 0.25132741228718347 0.14293428024458113 0.673223446299902 0.015484853120134664
16 144 0.735496720572387 1 0 0.0332225227367803 0.03353276690213173 0.08236828179046388 0.25132741228718347 0.14293428024458107 0.6732234462999009 0.015484853120134671
19 171 0.6485368146589023 1 0 0.033222522736780384 0.03353276690213177 0.08236828179046396 0.25132741228718347 0.1429342802445813 0.6732234462999023 0.0154848531201347
18 162 0.6860675001621206 1 0 0.03322252273678028 0.033532766902131715 0.08236828179046386 0.25132741228718347 0.14293428024458124 0.6732234462999018 0.015484853120134666
20 180 0.6038656896428437 1 0 0.033222522736780384 0.03353276690213177 0.08236828179046396 0.25132741228718347 0.1429342802445813 0.6732234462999023 0.0154848531201347
17 153 0.7156164036751664 1 0 0.033222522736780245 0.03353276690213174 0.08236828179046388 0.25132741228718347 0.14293428024458113 0.673223446299902 0.015484853120134664
17 153 0.7156164036751662 1 0 0.0332225227367803 0.03353276690213173 0.08236828179046388 0.25132741228718347 0.14293428024458107 0.6732234462999009 0.015484853120134671
19 171 0.6485368146589027 1 0 0.03322252273678028 0.033532766902131715 0.08236828179046386 0.25132741228718347 0.14293428024458124 0.6732234462999018 0.015484853120134666
21 189 0.5652188821780618 1 0 0.033222522736780384 0.03353276690213177 0.08236828179046396 0.25132741228718347 0.1429342802445813 0.6732234462999023 0.0154848531201347
20 180 0.603865689642844 1 0 0.03322252273678028 0.033532766902131715 0.08236828179046386 0.25132741228718347 0.14293428024458124 0.6732234462999018 0.015484853120134666
18 162 0.6860675001621218 1 0 0.033222522736780245 0.03353276690213174 0.08236828179046388 0.25132741228718347 0.14293428024458113 0.673223446299902 0.015484853120134664
18 162 0.6860675001621217 1 0 0.0332225227367803 0.03353276690213173 0.08236828179046388 0.25132741228718347 0.14293428024458107 0.6732234462999009 0.015484853120134671
22 198 0.5627067554384215 1 0 0.033222522736780384 0.03353276690213177 0.08236828179046396 0.25132741228718347 0.1429342802445813 0.6732234462999023 0.0154848531201347
21 189 0.5652188821780622 1 0 0.03322252273678028 0.033532766902131715 0.08236828179046386 0.25132741228718347 0.14293428024458124 0.6732234462999018 0.015484853120134666
19 171 0.648536814658904 1 0 0.033222522736780245 0.03353276690213174 0.08236828179046388 0.25132741228718347 0.14293428024458113 0.673223446299902 0.015484853120134664
19 171 0.6485368146589039 1 0 0.0332225227367803 0.03353276690213173 0.08236828179046388 0.25132741228718347 0.14293428024458107 0.6732234462999009 0.015484853120134671
23 207 0.5428242331131021 1 0 0.033222522736780384 0.03353276690213177 0.08236828179046396 0.25132741228718347 0.1429342802445813 0.6732234462999023 0.0154848531201347
22 198 0.5627067554384217 1 0 0.03322252273678028 0.033532766902131715 0.08236828179046386 0.25132741228718347 0.14293428024458124 0.6732234462999018 0.015484853120134666
20 180 0.6038656896428453 1 0 0.033222522736780245 0.03353276690213174 0.08236828179046388 0.25132741228718347 0.14293428024458113 0.673223446299902 0.015484853120134664
23 207 0.5428242331131025 1 0 0.03322252273678028 0.033532766902131715 0.08236828179046386 0.25132741228718347 0.14293428024458124 0.6732234462999018 0.015484853120134666
24 216 0.5559295065282636 1 0 0.033222522736780384 0.03353276690213177 0.08236828179046396 0.25132741228718347 0.1429342802445813 0.6732234462999023 0.0154848531201347
20 180 0.6038656896428456 1 0 0.0332225227367803 0.03353276690213173 0.08236828179046388 0.25132741228718347 0.14293428024458107 0.6732234462999009 0.015484853120134671
21 189 0.5652188821780633 1 0 0.033222522736780245 0.03353276690213174 0.08236828179046388 0.25132741228718347 0.14293428024458113 0.673223446299902 0.015484853120134664
24 216 0.5559295065282639 1 0 0.03322252273678028 0.033532766902131715 0.08236828179046386 0.25132741228718347 0.14293428024458124 0.6732234462999018 0.015484853120134666
25 225 0.5369590117770535 1 0 0.033222522736780384 0.03353276690213177 0.08236828179046396 0.25132741228718347 0.1429342802445813 0.6732234462999023 0.0154848531201347
21 189 0.5652188821780638 1 0 0.0332225227367803 0.03353276690213173 0.08236828179046388 0.25132741228718347 0.14293428024458107 0.6732234462999009 0.015484853120134671
25 225 0.536959011777054 1 0 0.03322252273678028 0.033532766902131715 0.08236828179046386 0.25132741228718347 0.14293428024458124 0.6732234462999018 0.015484853120134666
22 198 0.5627067554384229 1 0 0.033222522736780245 0.03353276690213174 0.08236828179046388 0.25132741228718347 0.14293428024458113 0.673223446299902 0.015484853120134664
22 198 0.5627067554384234 1 0 0.0332225227367803 0.03353276690213173 0.08236828179046388 0.25132741228718347 0.14293428024458107 0.6732234462999009 0.015484853120134671
26 234 0.5601250477960896 1 0 0.033222522736780384 0.03353276690213177 0.08236828179046396 0.25132741228718347 0.1429342802445813 0.6732234462999023 0.0154848531201347
26 234 0.5601250477960903 1 0 0.03322252273678028 0.033532766902131715 0.08236828179046386 0.25132741228718347 0.14293428024458124 0.6732234462999018 0.015484853120134666
23 207 0.5428242331131033 1 0 0.033222522736780245 0.03353276690213174 0.08236828179046388 0.25132741228718347 0.14293428024458113 0.673223446299902 0.015484853120134664
23 207 0.5428242331131037 1 0 0.0332225227367803 0.03353276690213173 0.08236828179046388 0.25132741228718347 0.14293428024458107 0.6732234462999009 0.015484853120134671
27 243 0.5189204561683981 1 0 0.03322252273678028 0.033532766902131715 0.08236828179046386 0.25132741228718347 0.14293428024458124 0.6732234462999018 0.015484853120134666
24 216 0.5559295065282644 1 0 0.033222522736780245 0.03353276690213174 0.08236828179046388 0.25132741228718347 0.14293428024458113 0.673223446299902 0.015484853120134664
27 243 0.5189204561683972 1 0 0.033222522736780384 0.03353276690213177 0.08236828179046396 0.25132741228718347 0.1429342802445813 0.6732234462999023 0.0154848531201347
24 216 0.5559295065282647 1 0 0.0332225227367803 0.03353276690213173 0.08236828179046388 0.25132741228718347 0.14293428024458107 0.6732234462999009 0.015484853120134671
25 225 0.5369590117770544 1 0 0.033222522736780245 0.03353276690213174 0.08236828179046388 0.25132741228718347 0.14293428024458113 0.673223446299902 0.015484853120134664
28 252 0.5019721831755403 1 0 0.03322252273678028 0.033532766902131715 0.08236828179046386 0.25132741228718347 0.14293428024458124 0.6732234462999018 0.015484853120134666
28 252 0.5019721831755392 1 0 0.033222522736780384 0.03353276690213177 0.08236828179046396 0.25132741228718347 0.1429342802445813 0.6732234462999023 0.0154848531201347
25 225 0.5369590117770546 1 0 0.0332225227367803 0.03353276690213173 0.08236828179046388 0.25132741228718347 0.14293428024458107 0.6732234462999009 0.015484853120134671
29 261 0.5350255024844365 1 0 0.03322252273678028 0.033532766902131715 0.08236828179046386 0.25132741228718347 0.14293428024458124 0.6732234462999018 0.015484853120134666
26 234 0.5601250477960906 1 0 0.033222522736780245 0.03353276690213174 0.08236828179046388 0.25132741228718347 0.14293428024458113 0.673223446299902 0.015484853120134664
26 234 0.560125047796091 1 0 0.0332225227367803 0.03353276690213173 0.08236828179046388 0.25132741228718347 0.14293428024458107 0.6732234462999009 0.015484853120134671
29 261 0.5350255024844353 1 0 0.033222522736780384 0.03353276690213177 0.08236828179046396 0.25132741228718347 0.1429342802445813 0.6732234462999023 0.0154848531201347
27 243 0.5189204561683982 1 0 0.033222522736780245 0.03353276690213174 0.08236828179046388 0.25132741228718347 0.14293428024458113 0.673223446299902 0.015484853120134664
30 270 0.5520524585975238 1 0 0.03322252273678028 0.033532766902131715 0.08236828179046386 0.25132741228718347 0.14293428024458124 0.6732234462999018 0.015484853120134666
27 243 0.5189204561683987 1 0 0.0332225227367803 0.03353276690213173 0.08236828179046388 0.25132741228718347 0.14293428024458107 0.6732234462999009 0.015484853120134671
31 279 0.5530839704948695 1 0 0.03322252273678028 0.033532766902131715 0.08236828179046386 0.25132741228718347 0.14293428024458124 0.6732234462999018 0.015484853120134666
28 252 0.5019721831755403 1 0 0.033222522736780245 0.03353276690213174 0.08236828179046388 0.25132741228718347 0.14293428024458113 0.673223446299902 0.015484853120134664
30 270 0.552052458597522 1 0 0.033222522736780384 0.03353276690213177 0.08236828179046396 0.25132741228718347 0.1429342802445813 0.6732234462999023 0.0154848531201347
28 252 0.5019721831755407 1 0 0.0332225227367803 0.03353276690213173 0.08236828179046388 0.25132741228718347 0.14293428024458107 0.6732234462999009 0.015484853120134671
32 288 0.5167993325822237 1 0 0.03322252273678028 0.033532766902131715 0.08236828179046386 0.25132741228718347 0.14293428024458124 0.6732234462999018 0.015484853120134666
29 261 0.5350255024844366 1 0 0.033222522736780245 0.03353276690213174 0.08236828179046388 0.25132741228718347 0.14293428024458113 0.673223446299902 0.015484853120134664
29 261 0.5350255024844369 1 0 0.0332225227367803 0.03353276690213173 0.08236828179046388 0.25132741228718347 0.14293428024458107 0.6732234462999009 0.015484853120134671
31 279 0.5530839704948679 1 0 0.033222522736780384 0.03353276690213177 0.08236828179046396 0.25132741228718347 0.1429342802445813 0.6732234462999023 0.0154848531201347
33 297 0.47306085415864363 1 0 0.03322252273678028 0.033532766902131715 0.08236828179046386 0.25132741228718347 0.14293428024458124 0.6732234462999018 0.015484853120134666
30 270 0.5520524585975235 1 0 0.033222522736780245 0.03353276690213174 0.08236828179046388 0.25132741228718347 0.14293428024458113 0.673223446299902 0.015484853120134664
30 270 0.5520524585975239 1 0 0.0332225227367803 0.03353276690213173 0.08236828179046388 0.25132741228718347 0.14293428024458107 0.6732234462999009 0.015484853120134671
34 306 0.41238482529298404 1 0 0.03322252273678028 0.033532766902131715 0.08236828179046386 0.25132741228718347 0.14293428024458124 0.6732234462999018 0.015484853120134666
31 279 0.5530839704948689 1 0 0.033222522736780245 0.03353276690213174 0.08236828179046388 0.25132741228718347 0.14293428024458113 0.673223446299902 0.015484853120134664
32 288 0.5167993325822221 1 0 0.033222522736780384 0.03353276690213177 0.08236828179046396 0.25132741228718347 0.1429342802445813 0.6732234462999023 0.0154848531201347
31 279 0.5530839704948695 1 0 0.0332225227367803 0.03353276690213173 0.08236828179046388 0.25132741228718347 0.14293428024458107 0.6732234462999009 0.015484853120134671
35 315 0.3754767816769667 1 0 0.03322252273678028 0.033532766902131715 0.08236828179046386 0.25132741228718347 0.14293428024458124 0.6732234462999018 0.015484853120134666
32 288 0.5167993325822231 1 0 0.033222522736780245 0.03353276690213174 0.08236828179046388 0.25132741228718347 0.14293428024458113 0.673223446299902 0.015484853120134664
33 297 0.47306085415864224 1 0 0.033222522736780384 0.03353276690213177 0.08236828179046396 0.25132741228718347 0.1429342802445813 0.6732234462999023 0.0154848531201347
32 288 0.5167993325822238 1 0 0.0332225227367803 0.03353276690213173 0.08236828179046388 0.25132741228718347 0.14293428024458107 0.6732234462999009 0.015484853120134671
36 324 0.38548911628227306 1 0 0.03322252273678028 0.033532766902131715 0.08236828179046386 0.25132741228718347 0.14293428024458124 0.6732234462999018 0.015484853120134666
33 297 0.4730608541586433 1 0 0.033222522736780245 0.03353276690213174 0.08236828179046388 0.25132741228718347 0.14293428024458113 0.673223446299902 0.015484853120134664
34 306 0.41238482529298276 1 0 0.033222522736780384 0.03353276690213177 0.08236828179046396 0.25132741228718347 0.1429342802445813 0.6732234462999023 0.0154848531201347
33 297 0.4730608541586438 1 0 0.0332225227367803 0.03353276690213173 0.08236828179046388 0.25132741228718347 0.14293428024458107 0.6732234462999009 0.015484853120134671
37 333 0.3963325129212552 1 0 0.03322252273678028 0.033532766902131715 0.08236828179046386 0.25132741228718347 0.14293428024458124 0.6732234462999018 0.015484853120134666
34 306 0.4123848252929837 1 0 0.033222522736780245 0.03353276690213174 0.08236828179046388 0.25132741228718347 0.14293428024458113 0.673223446299902 0.015484853120134664
35 315 0.37547678167696563 1 0 0.033222522736780384 0.03353276690213177 0.08236828179046396 0.25132741228718347 0.1429342802445813 0.6732234462999023 0.0154848531201347
34 306 0.4123848252929841 1 0 0.0332225227367803 0.03353276690213173 0.08236828179046388 0.25132741228718347 0.14293428024458107 0.6732234462999009 0.015484853120134671
38 342 0.3687518778712532 1 0 0.03322252273678028 0.033532766902131715 0.08236828179046386 0.25132741228718347 0.14293428024458124 0.6732234462999018 0.015484853120134666
35 315 0.375476781676966 1 0 0.033222522736780245 0.03353276690213174 0.08236828179046388 0.25132741228718347 0.14293428024458113 0.673223446299902 0.015484853120134664
35 315 0.37547678167696663 1 0 0.0332225227367803 0.03353276690213173 0.08236828179046388 0.25132741228718347 0.14293428024458107 0.6732234462999009 0.015484853120134671
36 324 0.385489116282272 1 0 0.033222522736780384 0.03353276690213177 0.08236828179046396 0.25132741228718347 0.1429342802445813 0.6732234462999023 0.0154848531201347
39 351 0.39229293503890234 1 0 0.03322252273678028 0.033532766902131715 0.08236828179046386 0.25132741228718347 0.14293428024458124 0.6732234462999018 0.015484853120134666
36 324 0.3854891162822727 1 0 0.033222522736780245 0.03353276690213174 0.08236828179046388 0.25132741228718347 0.14293428024458113 0.673223446299902 0.015484853120134664
36 324 0.38569738186115726 1 0 0.0332225227367803 0.03353276690213173 0.08236828179046388 0.25132741228718347 0.14293428024458107 0.6732234462999009 0.015484853120134671
37 333 0.3963325129212541 1 0 0.033222522736780384 0.03353276690213177 0.08236828179046396 0.25132741228718347 0.1429342802445813 0.6732234462999023 0.0154848531201347
40 360 0.35457607153793624 1 0 0.03322252273678028 0.033532766902131715 0.08236828179046386 0.25132741228718347 0.14293428024458124 0.6732234462999018 0.015484853120134666
37 333 0.39633251292125504 1 0 0.033222522736780245 0.03353276690213174 0.08236828179046388 0.25132741228718347 0.14293428024458113 0.673223446299902 0.015484853120134664
37 333 0.39671114508863614 1 0 0.0332225227367803 0.03353276690213173 0.08236828179046388 0.25132741228718347 0.14293428024458107 0.6732234462999009 0.015484853120134671
38 342 0.3687518778712521 1 0 0.033222522736780384 0.03353276690213177 0.08236828179046396 0.25132741228718347 0.1429342802445813 0.6732234462999023 0.0154848531201347
41 369 0.3248178884394581 1 0 0.03322252273678028 0.033532766902131715 0.08236828179046386 0.25132741228718347 0.14293428024458124 0.6732234462999018 0.015484853120134666
38 342 0.3687518778712531 1 0 0.033222522736780245 0.03353276690213174 0.08236828179046388 0.25132741228718347 0.14293428024458113 0.673223446299902 0.015484853120134664
38 342 0.36912977595163177 1 0 0.0332225227367803 0.03353276690213173 0.08236828179046388 0.25132741228718347 0.14293428024458107 0.6732234462999009 0.015484853120134671
42 378 0.2846647502382832 1 0 0.03322252273678028 0.033532766902131715 0.08236828179046386 0.25132741228718347 0.14293428024458124 0.6732234462999018 0.015484853120134666
39 351 0.3922929350389018 1 0 0.033222522736780384 0.03353276690213177 0.08236828179046396 0.25132741228718347 0.1429342802445813 0.6732234462999023 0.0154848531201347
39 351 0.3922929350389028 1 0 0.033222522736780245 0.03353276690213174 0.08236828179046388 0.25132741228718347 0.14293428024458113 0.673223446299902 0.015484853120134664
39 351 0.39563119892085463 1 0 0.0332225227367803 0.03353276690213173 0.08236828179046388 0.25132741228718347 0.14293428024458107 0.6732234462999009 0.015484853120134671
43 387 0.29525887391416494 1 0 0.03322252273678028 0.033532766902131715 0.08236828179046386 0.25132741228718347 0.14293428024458124 0.6732234462999018 0.015484853120134666
40 360 0.3545760715379367 1 0 0.033222522736780245 0.03353276690213174 0.08236828179046388 0.25132741228718347 0.14293428024458113 0.673223446299902 0.015484853120134664
40 360 0.35457607153793597 1 0 0.033222522736780384 0.03353276690213177 0.08236828179046396 0.25132741228718347 0.1429342802445813 0.6732234462999023 0.0154848531201347
40 360 0.35451499500955347 1 0 0.0332225227367803 0.03353276690213173 0.08236828179046388 0.25132741228718347 0.14293428024458107 0.6732234462999009 0.015484853120134671
41 369 0.32481788843945864 1 0 0.033222522736780245 0.03353276690213174 0.08236828179046388 0.25132741228718347 0.14293428024458113 0.673223446299902 0.015484853120134664
44 396 0.3164069862868964 1 0 0.03322252273678028 0.033532766902131715 0.08236828179046386 0.25132741228718347 0.14293428024458124 0.6732234462999018 0.015484853120134666
41 369 0.324817888439458 1 0 0.033222522736780384 0.03353276690213177 0.08236828179046396 0.25132741228718347 0.1429342802445813 0.6732234462999023 0.0154848531201347
41 369 0.3231805061441328 1 0 0.0332225227367803 0.03353276690213173 0.08236828179046388 0.25132741228718347 0.14293428024458107 0.6732234462999009 0.015484853120134671
42 378 0.2846647502382838 1 0 0.033222522736780245 0.03353276690213174 0.08236828179046388 0.25132741228718347 0.14293428024458113 0.673223446299902 0.015484853120134664
42 378 0.284664750238283 1 0 0.033222522736780384 0.03353276690213177 0.08236828179046396 0.25132741228718347 0.1429342802445813 0.6732234462999023 0.0154848531201347
45 405 0.30763900941307387 1 0 0.03322252273678028 0.033532766902131715 0.08236828179046386 0.25132741228718347 0.14293428024458124 0.6732234462999018 0.015484853120134666
42 378 0.2964497424661492 1 0 0.0332225227367803 0.03353276690213173 0.08236828179046388 0.25132741228718347 0.14293428024458107 0.6732234462999009 0.015484853120134671
43 387 0.2952588739141657 1 0 0.033222522736780245 0.03353276690213174 0.08236828179046388 0.25132741228718347 0.14293428024458113 0.673223446299902 0.015484853120134664
43 387 0.29525887391416494 1 0 0.033222522736780384 0.03353276690213177 0.08236828179046396 0.25132741228718347 0.1429342802445813 0.6732234462999023 0.0154848531201347
46 414 0.30879392910305725 1 0 0.03322252273678028 0.033532766902131715 0.08236828179046386 0.25132741228718347 0.14293428024458124 0.6732234462999018 0.015484853120134666
43 387 0.26755361786741505 1 0 0.0332225227367803 0.03353276690213173 0.08236828179046388 0.25132741228718347 0.14293428024458107 0.6732234462999009 0.015484853120134671
44 396 0.31640698628689734 1 0 0.033222522736780245 0.03353276690213174 0.08236828179046388 0.25132741228718347 0.14293428024458113 0.673223446299902 0.015484853120134664
44 396 0.31640698628689645 1 0 0.033222522736780384 0.03353276690213177 0.08236828179046396 0.25132741228718347 0.1429342802445813 0.6732234462999023 0.0154848531201347
47 423 0.3136378844993389 1 0 0.03322252273678028 0.033532766902131715 0.08236828179046386 0.25132741228718347 0.14293428024458124 0.6732234462999018 0.015484853120134666
44 396 0.23738642098577184 1 0 0.0332225227367803 0.03353276690213173 0.08236828179046388 0.25132741228718347 0.14293428024458107 0.6732234462999009 0.015484853120134671
45 405 0.30763900941307465 1 0 0.033222522736780245 0.03353276690213174 0.08236828179046388 0.25132741228718347 0.14293428024458113 0.673223446299902 0.015484853120134664
45 405 0.30763900941307387 1 0 0.033222522736780384 0.03353276690213177 0.08236828179046396 0.25132741228718347 0.1429342802445813 0.6732234462999023 0.0154848531201347
48 432 0.309564078539403 1 0 0.03322252273678028 0.033532766902131715 0.08236828179046386 0.25132741228718347 0.14293428024458124 0.6732234462999018 0.015484853120134666
45 405 0.2370062560288799 1 0 0.0332225227367803 0.03353276690213173 0.08236828179046388 0.25132741228718347 0.14293428024458107 0.6732234462999009 0.015484853120134671
46 414 0.30879392910305803 1 0 0.033222522736780245 0.03353276690213174 0.08236828179046388 0.25132741228718347 0.14293428024458113 0.673223446299902 0.015484853120134664
46 414 0.30879392910305736 1 0 0.033222522736780384 0.03353276690213177 0.08236828179046396 0.25132741228718347 0.1429342802445813 0.6732234462999023 0.0154848531201347
46 414 0.2381886086748617 1 0 0.0332225227367803 0.03353276690213173 0.08236828179046388 0.25132741228718347 0.14293428024458107 0.6732234462999009 0.015484853120134671
49 441 0.2820865514969119 1 0 0.03322252273678028 0.033532766902131715 0.08236828179046386 0.25132741228718347 0.14293428024458124 0.6732234462999018 0.015484853120134666
47 423 0.31363788449933977 1 0 0.033222522736780245 0.03353276690213174 0.08236828179046388 0.25132741228718347 0.14293428024458113 0.673223446299902 0.015484853120134664
47 423 0.31363788449933905 1 0 0.033222522736780384 0.03353276690213177 0.08236828179046396 0.25132741228718347 0.1429342802445813 0.6732234462999023 0.0154848531201347
47 423 0.21021958229989193 1 0 0.0332225227367803 0.03353276690213173 0.08236828179046388 0.25132741228718347 0.14293428024458107 0.6732234462999009 0.015484853120134671
50 450 0.2674135506853313 1 0 0.03322252273678028 0.033532766902131715 0.08236828179046386 0.25132741228718347 0.14293428024458124 0.6732234462999018 0.015484853120134666
48 432 0.30956407853940393 1 0 0.033222522736780245 0.03353276690213174 0.08236828179046388 0.25132741228718347 0.14293428024458113 0.673223446299902 0.015484853120134664
48 432 0.30956407853940315 1 0 0.033222522736780384 0.03353276690213177 0.08236828179046396 0.25132741228718347 0.1429342802445813 0.6732234462999023 0.0154848531201347
48 432 0.17561753221792442 1 0 0.0332225227367803 0.03353276690213173 0.08236828179046388 0.25132741228718347 0.14293428024458107 0.6732234462999009 0.015484853120134671
51 459 0.2384119213777251 1 0 0.03322252273678028 0.033532766902131715 0.08236828179046386 0.25132741228718347 0.14293428024458124 0.6732234462999018 0.015484853120134666
49 441 0.28208655149691286 1 0 0.033222522736780245 0.03353276690213174 0.08236828179046388 0.25132741228718347 0.14293428024458113 0.673223446299902 0.015484853120134664
49 441 0.2820865514969124 1 0 0.033222522736780384 0.03353276690213177 0.08236828179046396 0.25132741228718347 0.1429342802445813 0.6732234462999023 0.0154848531201347
52 468 0.2095706831867871 1 0 0.03322252273678028 0.033532766902131715 0.08236828179046386 0.25132741228718347 0.14293428024458124 0.6732234462999018 0.015484853120134666
49 441 0.1623156920382158 1 0 0.0332225227367803 0.03353276690213173 0.08236828179046388 0.25132741228718347 0.14293428024458107 0.6732234462999009 0.015484853120134671
50 450 0.26741355068533207 1 0 0.033222522736780245 0.03353276690213174 0.08236828179046388 0.25132741228718347 0.14293428024458113 0.673223446299902 0.015484853120134664
50 450 0.26741355068533196 1 0 0.033222522736780384 0.03353276690213177 0.08236828179046396 0.25132741228718347 0.1429342802445813 0.6732234462999023 0.0154848531201347
50 450 0.16389956932671915 1 0 0.0332225227367803 0.03353276690213173 0.08236828179046388 0.25132741228718347 0.14293428024458107 0.6732234462999009 0.015484853120134671
53 477 0.17069796304930782 1 0 0.03322252273678028 0.033532766902131715 0.08236828179046386 0.25132741228718347 0.14293428024458124 0.6732234462999018 0.015484853120134666
51 459 0.23841192137772566 1 0 0.033222522736780245 0.03353276690213174 0.08236828179046388 0.25132741228718347 0.14293428024458113 0.673223446299902 0.015484853120134664
51 459 0.14662350576232858 1 0 0.0332225227367803 0.03353276690213173 0.08236828179046388 0.25132741228718347 0.14293428024458107 0.6732234462999009 0.015484853120134671
51 459 0.2384119213777254 1 0 0.033222522736780384 0.03353276690213177 0.08236828179046396 0.25132741228718347 0.1429342802445813 0.6732234462999023 0.0154848531201347
54 486 0.1770974423823681 1 0 0.03322252273678028 0.033532766902131715 0.08236828179046386 0.25132741228718347 0.14293428024458124 0.6732234462999018 0.015484853120134666
52 468 0.1470311180812042 1 0 0.0332225227367803 0.03353276690213173 0.08236828179046388 0.25132741228718347 0.14293428024458107 0.6732234462999009 0.015484853120134671
52 468 0.20957068318678782 1 0 0.033222522736780245 0.03353276690213174 0.08236828179046388 0.25132741228718347 0.14293428024458113 0.673223446299902 0.015484853120134664
52 468 0.2095706831867879 1 0 0.033222522736780384 0.03353276690213177 0.08236828179046396 0.25132741228718347 0.1429342802445813 0.6732234462999023 0.0154848531201347
55 495 0.16842683581062526 1 0 0.03322252273678028 0.033532766902131715 0.08236828179046386 0.25132741228718347 0.14293428024458124 0.6732234462999018 0.015484853120134666
53 477 0.12497919128943319 1 0 0.0332225227367803 0.03353276690213173 0.08236828179046388 0.25132741228718347 0.14293428024458107 0.6732234462999009 0.015484853120134671
53 477 0.1702772590487084 1 0 0.033222522736780245 0.03353276690213174 0.08236828179046388 0.25132741228718347 0.14293428024458113 0.673223446299902 0.015484853120134664
53 477 0.17069796304930848 1 0 0.033222522736780384 0.03353276690213177 0.08236828179046396 0.25132741228718347 0.1429342802445813 0.6732234462999023 0.0154848531201347
56 504 0.17764998460458464 1 0 0.03322252273678028 0.033532766902131715 0.08236828179046386 0.25132741228718347 0.14293428024458124 0.6732234462999018 0.015484853120134666
54 486 0.13647519328020088 1 0 0.0332225227367803 0.03353276690213173 0.08236828179046388 0.25132741228718347 0.14293428024458107 0.6732234462999009 0.015484853120134671
54 486 0.17645853832229297 1 0 0.033222522736780245 0.03353276690213174 0.08236828179046388 0.25132741228718347 0.14293428024458113 0.673223446299902 0.015484853120134664
54 486 0.17709744238236855 1 0 0.033222522736780384 0.03353276690213177 0.08236828179046396 0.25132741228718347 0.1429342802445813 0.6732234462999023 0.0154848531201347
57 513 0.16391980969637115 1 0 0.03322252273678028 0.033532766902131715 0.08236828179046386 0.25132741228718347 0.14293428024458124 0.6732234462999018 0.015484853120134666
55 495 0.1384266159190664 1 0 0.0332225227367803 0.03353276690213173 0.08236828179046388 0.25132741228718347 0.14293428024458107 0.6732234462999009 0.015484853120134671
55 495 0.16571656402476576 1 0 0.033222522736780245 0.03353276690213174 0.08236828179046388 0.25132741228718347 0.14293428024458113 0.673223446299902 0.015484853120134664
58 522 0.1581304247358848 1 0 0.03322252273678028 0.033532766902131715 0.08236828179046386 0.25132741228718347 0.14293428024458124 0.6732234462999018 0.015484853120134666
55 495 0.1684268358106258 1 0 0.033222522736780384 0.03353276690213177 0.08236828179046396 0.25132741228718347 0.1429342802445813 0.6732234462999023 0.0154848531201347
56 504 0.17375356625555816 1 0 0.0332225227367803 0.03353276690213173 0.08236828179046388 0.25132741228718347 0.14293428024458107 0.6732234462999009 0.015484853120134671
56 504 0.16718183767034675 1 0 0.033222522736780245 0.03353276690213174 0.08236828179046388 0.25132741228718347 0.14293428024458113 0.673223446299902 0.015484853120134664
59 531 0.13630612780053547 1 0 0.03322252273678028 0.033532766902131715 0.08236828179046386 0.25132741228718347 0.14293428024458124 0.6732234462999018 0.015484853120134666
56 504 0.17764998460458528 1 0 0.033222522736780384 0.03353276690213177 0.08236828179046396 0.25132741228718347 0.1429342802445813 0.6732234462999023 0.0154848531201347
57 513 0.1800663371032691 1 0 0.0332225227367803 0.03353276690213173 0.08236828179046388 0.25132741228718347 0.14293428024458107 0.6732234462999009 0.015484853120134671
60 540 0.13287082907037165 1 0 0.03322252273678028 0.033532766902131715 0.08236828179046386 0.25132741228718347 0.14293428024458124 0.6732234462999018 0.015484853120134666
57 513 0.16085815812857515 1 0 0.033222522736780245 0.03353276690213174 0.08236828179046388 0.25132741228718347 0.14293428024458113 0.673223446299902 0.015484853120134664
57 513 0.16391980969637154 1 0 0.033222522736780384 0.03353276690213177 0.08236828179046396 0.25132741228718347 0.1429342802445813 0.6732234462999023 0.0154848531201347
58 522 0.17370023372214324 1 0 0.0332225227367803 0.03353276690213173 0.08236828179046388 0.25132741228718347 0.14293428024458107 0.6732234462999009 0.015484853120134671
61 549 0.1630766026782329 1 0 0.03322252273678028 0.033532766902131715 0.08236828179046386 0.25132741228718347 0.14293428024458124 0.6732234462999018 0.015484853120134666
58 522 0.15606257293072695 1 0 0.033222522736780245 0.03353276690213174 0.08236828179046388 0.25132741228718347 0.14293428024458113 0.673223446299902 0.015484853120134664
58 522 0.15813042473588498 1 0 0.033222522736780384 0.03353276690213177 0.08236828179046396 0.25132741228718347 0.1429342802445813 0.6732234462999023 0.0154848531201347
62 558 0.18057972739635889 1 0 0.03322252273678028 0.033532766902131715 0.08236828179046386 0.25132741228718347 0.14293428024458124 0.6732234462999018 0.015484853120134666
59 531 0.15950133606317526 1 0 0.0332225227367803 0.03353276690213173 0.08236828179046388 0.25132741228718347 0.14293428024458107 0.6732234462999009 0.015484853120134671
59 531 0.1329787949146356 1 0 0.033222522736780245 0.03353276690213174 0.08236828179046388 0.25132741228718347 0.14293428024458113 0.673223446299902 0.015484853120134664
59 531 0.13630612780053553 1 0 0.033222522736780384 0.03353276690213177 0.08236828179046396 0.25132741228718347 0.1429342802445813 0.6732234462999023 0.0154848531201347
63 567 0.2018162699204907 1 0 0.03322252273678028 0.033532766902131715 0.08236828179046386 0.25132741228718347 0.14293428024458124 0.6732234462999018 0.015484853120134666
60 540 0.1563354416403368 1 0 0.0332225227367803 0.03353276690213173 0.08236828179046388 0.25132741228718347 0.14293428024458107 0.6732234462999009 0.015484853120134671
60 540 0.13315852878198142 1 0 0.033222522736780245 0.03353276690213174 0.08236828179046388 0.25132741228718347 0.14293428024458113 0.673223446299902 0.015484853120134664
60 540 0.1328708290703715 1 0 0.033222522736780384 0.03353276690213177 0.08236828179046396 0.25132741228718347 0.1429342802445813 0.6732234462999023 0.0154848531201347
64 576 0.2032767863715258 1 0 0.03322252273678028 0.033532766902131715 0.08236828179046386 0.25132741228718347 0.14293428024458124 0.6732234462999018 0.015484853120134666
61 549 0.16943481958460357 1 0 0.0332225227367803 0.03353276690213173 0.08236828179046388 0.25132741228718347 0.14293428024458107 0.6732234462999009 0.015484853120134671
61 549 0.16307660267823262 1 0 0.033222522736780384 0.03353276690213177 0.08236828179046396 0.25132741228718347 0.1429342802445813 0.6732234462999023 0.0154848531201347
61 549 0.14234080526450887 1 0 0.033222522736780245 0.03353276690213174 0.08236828179046388 0.25132741228718347 0.14293428024458113 0.673223446299902 0.015484853120134664
65 585 0.18539737311415144 1 0 0.03322252273678028 0.033532766902131715 0.08236828179046386 0.25132741228718347 0.14293428024458124 0.6732234462999018 0.015484853120134666
62 558 0.19457962375652116 1 0 0.0332225227367803 0.03353276690213173 0.08236828179046388 0.25132741228718347 0.14293428024458107 0.6732234462999009 0.015484853120134671
66 594 0.171080390424295 1 0 0.03322252273678028 0.033532766902131715 0.08236828179046386 0.25132741228718347 0.14293428024458124 0.6732234462999018 0.015484853120134666
62 558 0.1805797273963582 1 0 0.033222522736780384 0.03353276690213177 0.08236828179046396 0.25132741228718347 0.1429342802445813 0.6732234462999023 0.0154848531201347
62 558 0.13800045332546332 1 0 0.033222522736780245 0.03353276690213174 0.08236828179046388 0.25132741228718347 0.14293428024458113 0.673223446299902 0.015484853120134664
63 567 0.21790527436220247 1 0 0.0332225227367803 0.03353276690213173 0.08236828179046388 0.25132741228718347 0.14293428024458107 0.6732234462999009 0.015484853120134671
67 603 0.15808004276410825 1 0 0.03322252273678028 0.033532766902131715 0.08236828179046386 0.25132741228718347 0.14293428024458124 0.6732234462999018 0.015484853120134666
67 603 0.15808004276410825 1 0 0.03322252273678028 0.033532766902131715 0.08236828179046386 0.25132741228718347 0.14293428024458124 0.6732234462999018 0.015484853120134666
63 567 0.20181626992048982 1 0 0.033222522736780384 0.03353276690213177 0.08236828179046396 0.25132741228718347 0.1429342802445813 0.6732234462999023 0.0154848531201347
63 567 0.1345268617314963 1 0 0.033222522736780245 0.03353276690213174 0.08236828179046388 0.25132741228718347 0.14293428024458113 0.673223446299902 0.015484853120134664
64 576 0.20099099827793837 1 0 0.0332225227367803 0.03353276690213173 0.08236828179046388 0.25132741228718347 0.14293428024458107 0.6732234462999009 0.015484853120134671
64 576 0.20327678637152438 1 0 0.033222522736780384 0.03353276690213177 0.08236828179046396 0.25132741228718347 0.1429342802445813 0.6732234462999023 0.0154848531201347
65 585 0.19417524748234216 1 0 0.0332225227367803 0.03353276690213173 0.08236828179046388 0.25132741228718347 0.14293428024458107 0.6732234462999009 0.015484853120134671
64 576 0.13892143247116565 1 0 0.033222522736780245 0.03353276690213174 0.08236828179046388 0.25132741228718347 0.14293428024458113 0.673223446299902 0.015484853120134664
66 594 0.20889007699991677 1 0 0.0332225227367803 0.03353276690213173 0.08236828179046388 0.25132741228718347 0.14293428024458107 0.6732234462999009 0.015484853120134671
65 585 0.13347659420087918 1 0 0.033222522736780245 0.03353276690213174 0.08236828179046388 0.25132741228718347 0.14293428024458113 0.673223446299902 0.015484853120134664
65 585 0.18539737311414978 1 0 0.033222522736780384 0.03353276690213177 0.08236828179046396 0.25132741228718347 0.1429342802445813 0.6732234462999023 0.0154848531201347
67 603 0.19684156358202326 1 0 0.0332225227367803 0.03353276690213173 0.08236828179046388 0.25132741228718347 0.14293428024458107 0.6732234462999009 0.015484853120134671
67 603 0.19684156358202326 1 0 0.0332225227367803 0.03353276690213173 0.08236828179046388 0.25132741228718347 0.14293428024458107 0.6732234462999009 0.015484853120134671
66 594 0.14162428681176192 1 0 0.033222522736780245 0.03353276690213174 0.08236828179046388 0.25132741228718347 0.14293428024458113 0.673223446299902 0.015484853120134664
66 594 0.17108039042429346 1 0 0.033222522736780384 0.03353276690213177 0.08236828179046396 0.25132741228718347 0.1429342802445813 0.6732234462999023 0.0154848531201347
67 603 0.15171932662342 1 0 0.033222522736780245 0.03353276690213174 0.08236828179046388 0.25132741228718347 0.14293428024458113 0.673223446299902 0.015484853120134664
67 603 0.15171932662342 1 0 0.033222522736780245 0.03353276690213174 0.08236828179046388 0.25132741228718347 0.14293428024458113 0.673223446299902 0.015484853120134664
67 603 0.1580800427641069 1 0 0.033222522736780384 0.03353276690213177 0.08236828179046396 0.25132741228718347 0.1429342802445813 0.6732234462999023 0.0154848531201347
67 603 0.1580800427641069 1 0 0.033222522736780384 0.03353276690213177 0.08236828179046396 0.25132741228718347 0.1429342802445813 0.6732234462999023 0.0154848531201347
