% # columns="iteration, evaluation, sigma, void, void,  stds==sigma*sigma_vec.scaling*sqrt(diag(C))", seed=2567, Fri Aug 28 18:29:29 2026, <python>{}</python>
1 9 0.940977190652212 0 0 0.035456919503289414 0.03613828713342418 0.07911934039958182 0.24441142064039495 0.14583158322912676 0.7092568261260347 0.016548919298876277
1 9 0.940977190652212 0 0 0.0354569195032894 0.03613828713342418 0.07911934039958182 0.24441142064039495 0.14583158322912676 0.7092568261260347 0.016548919298876277
2 18 1.1403966876785345 0 0 0.04582629516394293 0.0423983241329418 0.09603404455194672 0.3027835899423836 0.17796877379057752 0.8963266445118849 0.01974770046605822
2 18 1.140396687678535 0 0 0.04582629516394295 0.04239832413294182 0.09603404455194678 0.30278358994238386 0.17796877379057752 0.8963266445118856 0.019747700466058234
2 18 1.1403966876785345 0 0 0.045826295163942946 0.042398324132941784 0.09603404455194672 0.30278358994238364 0.17796877379057746 0.8963266445118852 0.019747700466058227
2 18 1.1403966876785347 0 0 0.04582629516394294 0.042398324132941805 0.09603404455194677 0.30278358994238375 0.1779687737905775 0.8963266445118854 0.019747700466058223
3 27 1.2800398004380782 0 0 0.049579550063270805 0.04744981836655549 0.1091486552194283 0.31624737944141584 0.20166941492689253 1.0090069450124681 0.02277934801541525
3 27 1.2800398004380786 0 0 0.049579550063270805 0.047449818366555506 0.10914865521942836 0.31624737944141595 0.20166941492689255 1.0090069450124683 0.022779348015415257
3 27 1.2800398004380793 0 0 0.04957955006327083 0.047449818366555534 0.10914865521942839 0.31624737944141645 0.20166941492689275 1.0090069450124695 0.022779348015415257
3 27 1.2800398004380784 0 0 0.04957955006327086 0.047449818366555485 0.10914865521942833 0.31624737944141545 0.20166941492689255 1.009006945012468 0.022779348015415268
4 36 1.4027438750181573 0 0 0.04999999999999998 0.05 0.11995433333333333 0.3301713635609892 0.20943951023931953 1.0262536001726656 0.023333333333333334
4 36 1.402743875018158 0 0 0.04999999999999998 0.05000000000000001 0.11995433333333333 0.33017136356098914 0.2094395102393195 1.0262536001726659 0.023333333333333334
4 36 1.4027438750181587 0 0 0.05 0.05 0.11995433333333333 0.3301713635609897 0.20943951023931953 1.0262536001726656 0.023333333333333338
4 36 1.402743875018158 0 0 0.04999999999999999 0.05 0.11995433333333333 0.33017136356098914 0.2094395102393195 1.0262536001726659 0.023333333333333334
5 45 1.4634365355213057 0 0 0.049999999999999996 0.05000000000000001 0.11995433333333333 0.3209936551559164 0.20943951023931953 1.0262536001726656 0.023333333333333338
5 45 1.4634365355213073 0 0 0.04999999999999999 0.05 0.11995433333333334 0.32099365515591644 0.20943951023931956 1.0262536001726656 0.023333333333333334
5 45 1.4634365355213077 0 0 0.05 0.05 0.11995433333333333 0.32099365515591666 0.20943951023931953 1.0262536001726656 0.023333333333333338
5 45 1.4634365355213073 0 0 0.04999999999999999 0.049999999999999996 0.11995433333333334 0.32099365515591627 0.20943951023931953 1.0262536001726659 0.023333333333333334
6 54 1.4308075992636164 0 0 0.04999999999999998 0.04921095614915923 0.11083194387164962 0.2929512319241331 0.1989832758273306 0.9884320535303237 0.023333333333333338
6 54 1.4308075992636184 0 0 0.04999999999999998 0.049210956149159206 0.11083194387164969 0.29295123192413314 0.19898327582733066 0.9884320535303239 0.023333333333333334
6 54 1.4308075992636187 0 0 0.05 0.0492109561491592 0.11083194387164967 0.2929512319241332 0.1989832758273306 0.9884320535303242 0.023333333333333338
6 54 1.4308075992636184 0 0 0.04999999999999998 0.04921095614915921 0.11083194387164966 0.2929512319241331 0.1989832758273307 0.9884320535303239 0.023333333333333338
7 63 1.227517295724345 0 0 0.04243338424226004 0.04249462651829386 0.09295682420124925 0.2386449812506353 0.16853918943797463 0.8032118915727503 0.020366207723576425
7 63 1.2275172957243468 0 0 0.04243338424226004 0.042494626518293846 0.09295682420124932 0.23864498125063538 0.16853918943797472 0.8032118915727501 0.020366207723576432
7 63 1.227517295724347 0 0 0.04243338424226005 0.042494626518293846 0.09295682420124925 0.2386449812506356 0.16853918943797466 0.8032118915727504 0.020366207723576425
7 63 1.227517295724347 0 0 0.04243338424226004 0.04249462651829386 0.09295682420124929 0.2386449812506355 0.16853918943797477 0.80321189157275 0.020366207723576432
8 72 1.16806336972026 0 0 0.038309982639197944 0.03922313581147633 0.09251501252207978 0.2217553345340429 0.15905018573092897 0.7407690589513459 0.019311257230005638
8 72 1.1680633697202623 0 0 0.03830998263919795 0.03922313581147636 0.09251501252207989 0.2217553345340431 0.1590501857309291 0.7407690589513461 0.01931125723000565
9 81 1.0575439740009096 0 0 0.03428542868746782 0.03582150452076614 0.08008720189127946 0.19249724005305385 0.14005326417608285 0.6902723943999656 0.017544162001104785
8 72 1.1680633697202623 0 0 0.03830998263919797 0.03922313581147632 0.09251501252207982 0.22175533453404345 0.15905018573092897 0.740769058951346 0.01931125723000565
8 72 1.1680633697202627 0 0 0.03830998263919798 0.039223135811476365 0.09251501252207989 0.22175533453404314 0.1590501857309292 0.7407690589513464 0.019311257230005655
9 81 1.057543974000912 0 0 0.03428542868746785 0.03582150452076618 0.08008720189127959 0.19249724005305408 0.14005326417608302 0.6902723943999655 0.017544162001104816
9 81 1.0575439740009125 0 0 0.03428542868746788 0.035821504520766205 0.08008720189127959 0.19249724005305405 0.14005326417608305 0.6902723943999659 0.01754416200110482
9 81 1.0575439740009118 0 0 0.034285428687467846 0.03582150452076615 0.0800872018912795 0.19249724005305424 0.1400532641760829 0.6902723943999659 0.017544162001104795
10 90 1.0185093567113166 0 0 0.03363584122780377 0.03462717344132015 0.0747046239059019 0.1812811478222141 0.13604449672973506 0.6569377765195891 0.017370416823340507
10 90 1.0185093567113188 0 0 0.03363584122780383 0.03462717344132018 0.07470462390590202 0.18128114782221427 0.1360444967297353 0.6569377765195886 0.017370416823340517
10 90 1.0185093567113195 0 0 0.03363584122780384 0.03462717344132021 0.07470462390590209 0.1812811478222142 0.13604449672973531 0.6569377765195887 0.017370416823340548
10 90 1.0185093567113193 0 0 0.03363584122780386 0.034627173441320165 0.07470462390590198 0.18128114782221466 0.1360444967297353 0.6569377765195897 0.01737041682334051
11 99 1.003896963133257 0 0 0.03244421372174337 0.03421869448301955 0.07336611494965396 0.17361203210676596 0.12849137556980927 0.6774697278088411 0.016628228133650856
11 99 1.0038969631332588 0 0 0.0324442137217434 0.034218694483019584 0.07336611494965403 0.17361203210676618 0.12849137556980933 0.6774697278088403 0.016628228133650853
12 108 0.9698129948321937 0 0 0.032501082370674964 0.034249726287352907 0.0696902324871438 0.15814586604309464 0.12188300969870093 0.6660306065806616 0.015868750979655052
11 99 1.0038969631332595 0 0 0.03244421372174343 0.0342186944830196 0.07336611494965402 0.17361203210676637 0.12849137556980936 0.6774697278088412 0.016628228133650856
11 99 1.0038969631332595 0 0 0.032444213721743394 0.034218694483019625 0.0733661149496541 0.17361203210676612 0.12849137556980939 0.6774697278088405 0.016628228133650884
12 108 0.9698129948321951 0 0 0.032501082370674984 0.03424972628735291 0.06969023248714386 0.1581458660430948 0.12188300969870088 0.6660306065806606 0.015868750979655045
13 117 0.9270647800751467 0 0 0.030672201293206438 0.033247753264815785 0.06507181257169548 0.14041392302192865 0.11574081457718614 0.6291167831774386 0.014946164137421333
12 108 0.9698129948321959 0 0 0.032501082370675 0.034249726287352955 0.06969023248714393 0.15814586604309525 0.12188300969870096 0.6660306065806606 0.015868750979655063
12 108 0.9698129948321962 0 0 0.03250108237067504 0.03424972628735295 0.06969023248714387 0.1581458660430948 0.12188300969870099 0.6660306065806622 0.015868750979655063
13 117 0.927064780075148 0 0 0.030672201293206466 0.0332477532648158 0.06507181257169549 0.1404139230219288 0.11574081457718614 0.6291167831774377 0.01494616413742133
14 126 0.8995488288194536 0 0 0.030088086546708758 0.03170371106379834 0.06367701068590066 0.1248902219249053 0.11359124818921229 0.6401519756023811 0.014065502753101792
13 117 0.9270647800751488 0 0 0.030672201293206473 0.03324775326481584 0.06507181257169559 0.14041392302192904 0.11574081457718621 0.6291167831774376 0.014946164137421347
13 117 0.9270647800751491 0 0 0.03067220129320651 0.033247753264815834 0.06507181257169557 0.14041392302192893 0.1157408145771862 0.6291167831774391 0.01494616413742134
14 126 0.899548828819455 0 0 0.03008808654670879 0.03170371106379833 0.06367701068590068 0.12489022192490533 0.11359124818921236 0.6401519756023808 0.014065502753101783
15 135 0.8157890821845064 0 0 0.02735001894891138 0.0285019834236676 0.054327306273383266 0.11152515431074601 0.0980338683652516 0.578079972718437 0.012617128380733792
14 126 0.8995488288194556 0 0 0.030088086546708793 0.03170371106379838 0.06367701068590076 0.12489022192490525 0.11359124818921233 0.6401519756023807 0.014065502753101814
15 135 0.8157890821845072 0 0 0.02735001894891138 0.028501983423667575 0.05432730627338323 0.11152515431074596 0.09803386836525167 0.5780799727184364 0.012617128380733776
14 126 0.8995488288194561 0 0 0.030088086546708838 0.03170371106379837 0.06367701068590075 0.12489022192490551 0.11359124818921242 0.6401519756023818 0.014065502753101792
16 144 0.7354967205723852 0 0 0.023979656405518527 0.02552335322778059 0.04868230591011732 0.0932548287972757 0.08826713426938808 0.5021814364689607 0.011300010228886551
15 135 0.8157890821845079 0 0 0.02735001894891137 0.028501983423667616 0.05432730627338335 0.11152515431074586 0.09803386836525171 0.5780799727184363 0.012617128380733809
17 153 0.7156164036751645 0 0 0.02414047613786137 0.02378108348890248 0.04876801898083146 0.0843760337675095 0.08451611772849957 0.4876637018369183 0.011088632912966984
16 144 0.735496720572386 0 0 0.023979656405518524 0.02552335322778058 0.04868230591011728 0.09325482879727573 0.08826713426938815 0.5021814364689601 0.011300010228886543
15 135 0.8157890821845083 0 0 0.027350018948911432 0.028501983423667616 0.05432730627338332 0.11152515431074618 0.09803386836525173 0.5780799727184373 0.012617128380733781
18 162 0.68606750016212 0 0 0.023315452024575682 0.02224346925624414 0.04599526082761061 0.07627932201400836 0.07826080698177766 0.4767141557006436 0.010531622121050282
17 153 0.7156164036751652 0 0 0.024140476137861373 0.023781083488902455 0.04876801898083138 0.0843760337675094 0.08451611772849961 0.4876637018369177 0.011088632912966974
16 144 0.7354967205723869 0 0 0.023979656405518524 0.025523353227780633 0.04868230591011743 0.09325482879727563 0.08826713426938826 0.5021814364689601 0.011300010228886572
16 144 0.735496720572387 0 0 0.023979656405518565 0.02552335322778062 0.048682305910117366 0.09325482879727594 0.08826713426938823 0.502181436468961 0.011300010228886541
19 171 0.6485368146589023 0 0 0.022528276873789485 0.02031443443111042 0.04214683827832789 0.0718101457243809 0.07356982028735445 0.4676833142411306 0.010148746798535741
18 162 0.6860675001621206 0 0 0.023315452024575682 0.022243469256244115 0.045995260827610525 0.07627932201400829 0.07826080698177766 0.47671415570064335 0.010531622121050273
20 180 0.6038656896428437 0 0 0.01885554107853524 0.020432159587402236 0.037661816482783154 0.06667709354204998 0.06736631457366343 0.43555429787909816 0.009637967019831904
17 153 0.7156164036751664 0 0 0.024140476137861366 0.023781083488902507 0.048768018980831614 0.08437603376750946 0.08451611772849979 0.48766370183691776 0.011088632912967014
17 153 0.7156164036751662 0 0 0.024140476137861397 0.02378108348890249 0.048768018980831565 0.08437603376750964 0.0845161177284997 0.4876637018369187 0.011088632912966969
19 171 0.6485368146589027 0 0 0.02252827687378949 0.020314434431110404 0.0421468382783278 0.0718101457243808 0.07356982028735436 0.46768331424113013 0.010148746798535724
21 189 0.5652188821780618 0 0 0.017269404912550256 0.01947633093819133 0.03237761248898183 0.06274994021395384 0.06241391615265065 0.39283020922730233 0.009256403990333673
20 180 0.603865689642844 0 0 0.018855541078535237 0.02043215958740223 0.037661816482783106 0.06667709354204993 0.06736631457366335 0.43555429787909766 0.009637967019831889
18 162 0.6860675001621218 0 0 0.02331545202457567 0.022243469256244167 0.04599526082761075 0.07627932201400839 0.0782608069817779 0.4767141557006434 0.010531622121050306
18 162 0.6860675001621217 0 0 0.0233154520245757 0.022243469256244156 0.045995260827610726 0.07627932201400839 0.07826080698177777 0.4767141557006442 0.010531622121050273
22 198 0.5627067554384215 0 0 0.017516895761023353 0.0186822693676125 0.03190396372113757 0.058060448097736084 0.06280504380407874 0.4004682527263094 0.009084548555960414
21 189 0.5652188821780622 0 0 0.01726940491255025 0.019476330938191334 0.03237761248898176 0.0627499402139538 0.06241391615265052 0.3928302092273023 0.009256403990333652
19 171 0.648536814658904 0 0 0.02252827687378947 0.020314434431110466 0.042146838278328005 0.0718101457243809 0.07356982028735465 0.46768331424112997 0.010148746798535774
19 171 0.6485368146589039 0 0 0.0225282768737895 0.02031443443111045 0.04214683827832799 0.07181014572438091 0.07356982028735455 0.46768331424113124 0.010148746798535724
23 207 0.5428242331131021 0 0 0.01744254066646195 0.017823807694363106 0.030162628921581832 0.05320437783683694 0.057175766758622674 0.3964407508548 0.008520946232817033
22 198 0.5627067554384217 0 0 0.017516895761023357 0.018682269367612483 0.031903963721137484 0.058060448097736035 0.06280504380407868 0.4004682527263091 0.009084548555960394
20 180 0.6038656896428453 0 0 0.018855541078535237 0.0204321595874023 0.03766181648278325 0.06667709354204997 0.0673663145736636 0.4355542978790975 0.00963796701983193
23 207 0.5428242331131025 0 0 0.017442540666461965 0.01782380769436308 0.03016262892158175 0.053204377836836944 0.057175766758622716 0.39644075085479985 0.00852094623281701
24 216 0.5559295065282636 0 0 0.01971228775388625 0.018122377257626807 0.029992127332834323 0.05095744164017655 0.05613489623656889 0.39708197734862166 0.008756435390100684
20 180 0.6038656896428456 0 0 0.01885554107853526 0.020432159587402295 0.037661816482783245 0.06667709354205005 0.06736631457366361 0.435554297879099 0.009637967019831896
21 189 0.5652188821780633 0 0 0.017269404912550242 0.01947633093819139 0.03237761248898191 0.0627499402139538 0.06241391615265079 0.39283020922730205 0.009256403990333693
24 216 0.5559295065282639 0 0 0.01971228775388626 0.01812237725762678 0.029992127332834254 0.050957441640176536 0.05613489623656893 0.39708197734862133 0.008756435390100657
25 225 0.5369590117770535 0 0 0.019004541869779408 0.017630100067196244 0.029009895324549374 0.048293470854951004 0.053060662465191 0.3834332225680309 0.00839948016497974
21 189 0.5652188821780638 0 0 0.01726940491255029 0.019476330938191403 0.03237761248898188 0.06274994021395394 0.06241391615265082 0.39283020922730333 0.00925640399033367
25 225 0.536959011777054 0 0 0.019004541869779422 0.01763010006719621 0.029009895324549312 0.04829347085495087 0.05306066246519106 0.383433222568031 0.00839948016497972
22 198 0.5627067554384229 0 0 0.017516895761023343 0.018682269367612536 0.03190396372113766 0.05806044809773607 0.06280504380407888 0.40046825272630926 0.009084548555960434
22 198 0.5627067554384234 0 0 0.017516895761023405 0.01868226936761255 0.03190396372113764 0.05806044809773617 0.06280504380407892 0.40046825272631015 0.00908454855596041
26 234 0.5601250477960896 0 0 0.020243866154034337 0.019441348659708507 0.02923390571160719 0.04987761217014983 0.05305929659545524 0.39934743584593296 0.008745741844755853
26 234 0.5601250477960903 0 0 0.020243866154034364 0.01944134865970847 0.029233905711607132 0.04987761217014968 0.05305929659545536 0.3993474358459332 0.008745741844755838
23 207 0.5428242331131033 0 0 0.017442540666461948 0.017823807694363123 0.030162628921581915 0.053204377836837034 0.05717576675862281 0.3964407508547998 0.008520946232817047
23 207 0.5428242331131037 0 0 0.01744254066646199 0.017823807694363134 0.030162628921581894 0.05320437783683697 0.05717576675862285 0.3964407508548007 0.008520946232817019
27 243 0.5189204561683981 0 0 0.018732218974434826 0.018342152789948264 0.02666524171197302 0.04456724270519795 0.048985480956806556 0.35480346789077155 0.007751668066575453
24 216 0.5559295065282644 0 0 0.01971228775388625 0.018122377257626807 0.029992127332834385 0.05095744164017671 0.05613489623656896 0.3970819773486208 0.00875643539010069
27 243 0.5189204561683972 0 0 0.018732218974434788 0.018342152789948295 0.026665241711973073 0.044567242705198 0.04898548095680642 0.35480346789077083 0.007751668066575465
24 216 0.5559295065282647 0 0 0.019712287753886264 0.01812237725762681 0.029992127332834368 0.05095744164017648 0.05613489623656898 0.39708197734862216 0.008756435390100662
25 225 0.5369590117770544 0 0 0.019004541869779415 0.017630100067196227 0.029009895324549433 0.048293470854951046 0.053060662465191075 0.3834332225680305 0.00839948016497975
28 252 0.5019721831755403 0 0 0.018151710277692506 0.018248419667697472 0.025775115901531823 0.03963016293930278 0.04572824833238016 0.3407422175529924 0.00774250135587141
28 252 0.5019721831755392 0 0 0.018151710277692454 0.018248419667697496 0.025775115901531875 0.03963016293930269 0.04572824833238001 0.3407422175529914 0.007742501355871424
25 225 0.5369590117770546 0 0 0.01900454186977943 0.017630100067196237 0.029009895324549412 0.0482934708549508 0.05306066246519114 0.38343322256803153 0.00839948016497972
29 261 0.5350255024844365 0 0 0.019069967663711027 0.021244772461823404 0.02810122154384247 0.041093872711515884 0.04667243882783666 0.3684315711877357 0.008471556440358864
26 234 0.5601250477960906 0 0 0.020243866154034378 0.019441348659708462 0.029233905711607246 0.04987761217014987 0.053059296595455385 0.3993474358459323 0.008745741844755864
26 234 0.560125047796091 0 0 0.02024386615403437 0.019441348659708483 0.02923390571160725 0.04987761217014965 0.05305929659545542 0.3993474358459338 0.008745741844755836
29 261 0.5350255024844353 0 0 0.019069967663710965 0.02124477246182343 0.028101221543842533 0.04109387271151575 0.04667243882783648 0.36843157118773406 0.008471556440358888
27 243 0.5189204561683982 0 0 0.018732218974434826 0.01834215278994825 0.02666524171197313 0.04456724270519818 0.048985480956806576 0.35480346789077055 0.0077516680665754715
30 270 0.5520524585975238 0 0 0.021445470666024084 0.023168841434354458 0.027886123403064733 0.04055565025251529 0.04697871367543716 0.36258420031523114 0.008892858452925024
27 243 0.5189204561683987 0 0 0.018732218974434837 0.018342152789948277 0.026665241711973132 0.04456724270519785 0.0489854809568066 0.3548034678907719 0.0077516680665754515
31 279 0.5530839704948695 0 0 0.021772262331251013 0.02366639986995021 0.02958860213069524 0.04011350580733623 0.044163720761300734 0.3638710457998651 0.0086754930408534
28 252 0.5019721831755403 0 0 0.018151710277692502 0.018248419667697458 0.025775115901531937 0.03963016293930292 0.04572824833238014 0.34074221755299144 0.007742501355871429
30 270 0.552052458597522 0 0 0.021445470666023963 0.023168841434354468 0.02788612340306476 0.04055565025251522 0.0469787136754369 0.36258420031522914 0.008892858452925046
28 252 0.5019721831755407 0 0 0.01815171027769251 0.018248419667697486 0.025775115901531937 0.03963016293930263 0.04572824833238023 0.3407422175529925 0.0077425013558714085
32 288 0.5167993325822237 0 0 0.01976540482841813 0.020871610083381346 0.028066106472831854 0.03762934934921716 0.04070132398326391 0.33316600482843656 0.007844559456798378
29 261 0.5350255024844366 0 0 0.019069967663711034 0.02124477246182339 0.028101221543842595 0.041093872711516 0.04667243882783665 0.3684315711877346 0.00847155644035889
29 261 0.5350255024844369 0 0 0.019069967663711027 0.021244772461823422 0.028101221543842585 0.04109387271151579 0.04667243882783671 0.3684315711877356 0.008471556440358866
31 279 0.5530839704948679 0 0 0.021772262331250906 0.02366639986995024 0.029588602130695283 0.04011350580733612 0.04416372076130044 0.36387104579986346 0.008675493040853419
33 297 0.47306085415864363 0 0 0.018038204877248533 0.01935668104920717 0.025253569153366857 0.03300853365424509 0.03706612345280183 0.31068211387199113 0.007501777928297325
30 270 0.5520524585975235 0 0 0.021445470666024067 0.023168841434354392 0.02788612340306484 0.04055565025251551 0.04697871367543709 0.36258420031522975 0.008892858452925048
30 270 0.5520524585975239 0 0 0.021445470666024077 0.02316884143435444 0.027886123403064858 0.04055565025251516 0.04697871367543714 0.362584200315231 0.00889285845292502
34 306 0.41238482529298404 0 0 0.015637394157934855 0.0167481110755359 0.02200671902459583 0.027194129897276664 0.03184327436387583 0.26720662934452943 0.006484543017446481
31 279 0.5530839704948689 0 0 0.021772262331250996 0.02366639986995013 0.02958860213069533 0.04011350580733652 0.04416372076130065 0.36387104579986373 0.008675493040853417
32 288 0.5167993325822221 0 0 0.01976540482841804 0.020871610083381356 0.02806610647283187 0.03762934934921707 0.04070132398326369 0.33316600482843495 0.00784455945679839
31 279 0.5530839704948695 0 0 0.02177226233125101 0.023666399869950186 0.029588602130695384 0.04011350580733601 0.04416372076130069 0.363871045799865 0.008675493040853393
35 315 0.3754767816769667 0 0 0.013939275307512261 0.015000668537278213 0.019134157159354678 0.02506791158063746 0.029104702506892132 0.2362245192499583 0.005865306212661232
32 288 0.5167993325822231 0 0 0.019765404828418105 0.020871610083381283 0.02806610647283192 0.0376293493492175 0.04070132398326386 0.3331660048284352 0.007844559456798387
33 297 0.47306085415864224 0 0 0.01803820487724846 0.019356681049207188 0.025253569153366892 0.03300853365424501 0.03706612345280163 0.3106821138719895 0.007501777928297338
32 288 0.5167993325822238 0 0 0.019765404828418126 0.020871610083381332 0.02806610647283195 0.03762934934921692 0.040701323983263885 0.3331660048284365 0.007844559456798371
36 324 0.38548911628227306 0 0 0.014073619343185156 0.015096024454451563 0.019607623794513175 0.024485479614107932 0.028916451960054813 0.25311564732437675 0.00653374583394101
33 297 0.4730608541586433 0 0 0.018038204877248536 0.01935668104920713 0.025253569153366927 0.03300853365424531 0.037066123452801795 0.3106821138719898 0.007501777928297335
34 306 0.41238482529298276 0 0 0.015637394157934793 0.016748111075535914 0.02200671902459585 0.02719412989727654 0.03184327436387565 0.267206629344528 0.0064845430174464876
33 297 0.4730608541586438 0 0 0.018038204877248536 0.01935668104920717 0.02525356915336693 0.03300853365424486 0.03706612345280182 0.3106821138719912 0.0075017779282973195
37 333 0.3963325129212552 0 0 0.01422381409228308 0.015342450353177375 0.019908759047232327 0.023808723001060343 0.0287640295115344 0.2581767466844085 0.006942021159705917
34 306 0.4123848252929837 0 0 0.015637394157934855 0.016748111075535865 0.022006719024595882 0.027194129897276865 0.03184327436387577 0.2672066293445284 0.0064845430174464876
35 315 0.37547678167696563 0 0 0.013939275307512213 0.015000668537278227 0.0191341571593547 0.02506791158063736 0.029104702506891955 0.23622451924995716 0.005865306212661242
34 306 0.4123848252929841 0 0 0.01563739415793485 0.016748111075535897 0.022006719024595885 0.02719412989727637 0.03184327436387583 0.2672066293445295 0.006484543017446472
38 342 0.3687518778712532 0 0 0.013115467010544968 0.014665497055163759 0.018157093139116558 0.02101965876282966 0.025410537274487933 0.23341078685539943 0.006455876482486412
35 315 0.375476781676966 0 0 0.013939275307512246 0.015000668537278165 0.0191341571593547 0.025067911580637595 0.029104702506892028 0.2362245192499572 0.005865306212661235
35 315 0.37547678167696663 0 0 0.01399551226059703 0.015005936990231027 0.019053188020124897 0.02506762386700785 0.02912071204490275 0.23827335095447022 0.005784201445230809
36 324 0.385489116282272 0 0 0.014073619343185115 0.01509602445445157 0.01960762379451319 0.024485479614107856 0.028916451960054684 0.2531156473243751 0.006533745833941027
39 351 0.39229293503890234 0 0 0.014425637479442149 0.01585885742450232 0.01948751479719771 0.019966834718958344 0.026410479807290162 0.24500349434388144 0.007214666188019169
36 324 0.3854891162822727 0 0 0.014073619343185148 0.015096024454451521 0.019607623794513206 0.024485479614108196 0.028916451960054792 0.25311564732437586 0.00653374583394102
36 324 0.38569738186115726 0 0 0.014134977132793334 0.015094868490946253 0.019537905856861163 0.02450777298585396 0.02894606929877276 0.2550534546501415 0.006475446403766223
37 333 0.3963325129212541 0 0 0.014223814092283037 0.015342450353177385 0.019908759047232348 0.02380872300106028 0.02876402951153429 0.2581767466844068 0.006942021159705927
40 360 0.35457607153793624 0 0 0.01298566041709809 0.013982387119296356 0.017354602762196886 0.01750825238398048 0.022730944686324916 0.22470084015924066 0.006437546160155444
37 333 0.39633251292125504 0 0 0.014223814092283085 0.015342450353177337 0.01990875904723238 0.02380872300106076 0.028764029511534416 0.25817674668440765 0.0069420211597059234
37 333 0.39671114508863614 0 0 0.014261948304652808 0.01535837394403997 0.019850842137751852 0.02384077765788385 0.028819462384828402 0.26015731992580793 0.006890260702731969
38 342 0.3687518778712521 0 0 0.013115467010544926 0.01466549705516377 0.018157093139116568 0.021019658762829612 0.025410537274487815 0.2334107868553978 0.00645587648248642
41 369 0.3248178884394581 0 0 0.011688786797073324 0.012389611760336306 0.015901655072241026 0.015994966814663152 0.020019713322046242 0.19875520177796016 0.006024204442096383
38 342 0.3687518778712531 0 0 0.013115467010544975 0.014665497055163724 0.018157093139116603 0.02101965876283 0.02541053727448794 0.23341078685539876 0.006455876482486421
38 342 0.36912977595163177 0 0 0.013143791559342591 0.01468402240159966 0.018104965215580845 0.021038477630390424 0.025468089978700256 0.23521517342656462 0.0064095080397753405
42 378 0.2846647502382832 0 0 0.010129567620040572 0.01085675573756491 0.013473420314237896 0.013558753463129696 0.016237050613284135 0.17546046444083765 0.005203870864256125
39 351 0.3922929350389018 0 0 0.014425637479442107 0.015858857424502357 0.019487514797197746 0.01996683471895832 0.02641047980729008 0.24500349434388008 0.007214666188019197
39 351 0.3922929350389028 0 0 0.014425637479442165 0.015858857424502295 0.01948751479719777 0.019966834718958514 0.0264104798072902 0.2450034943438812 0.007214666188019199
39 351 0.39563119892085463 0 0 0.014527603400775505 0.015862475886350424 0.019609700633790864 0.020156089482836627 0.026656933612737153 0.24761214563070624 0.007341862236834129
43 387 0.29525887391416494 0 0 0.010844450376607844 0.011529066590454466 0.014159850439687949 0.013452194901864386 0.01590668447394995 0.19866548755941563 0.00540656806804679
40 360 0.3545760715379367 0 0 0.012985660417098109 0.013982387119296337 0.01735460276219693 0.017508252383980627 0.02273094468632499 0.22470084015924036 0.00643754616015547
40 360 0.35457607153793597 0 0 0.01298566041709806 0.013982387119296398 0.017354602762196924 0.017508252383980467 0.022730944686324913 0.22470084015923952 0.0064375461601554745
40 360 0.35451499500955347 0 0 0.012937160383338158 0.013862397588937567 0.017308185528481672 0.0175233412112644 0.022798119770802896 0.22612382954819085 0.006485651103635677
41 369 0.32481788843945864 0 0 0.011688786797073344 0.012389611760336292 0.015901655072241068 0.015994966814663353 0.020019713322046294 0.19875520177796008 0.00602420444209641
44 396 0.3164069862868964 0 0 0.011770371314382935 0.013497934698549933 0.014685669186248794 0.013753239370219255 0.01606671033805479 0.2245686307787859 0.005750832215392875
41 369 0.324817888439458 0 0 0.011688786797073306 0.012389611760336348 0.015901655072241064 0.01599496681466314 0.020019713322046218 0.19875520177795933 0.006024204442096414
41 369 0.3231805061441328 0 0 0.01159289968848801 0.012186766936097122 0.015725965214999825 0.015930175995457693 0.020049523137364796 0.19963054974592767 0.006038507297835973
42 378 0.2846647502382838 0 0 0.010129567620040598 0.0108567557375649 0.013473420314237951 0.013558753463129939 0.01623705061328419 0.1754604644408376 0.0052038708642561495
42 378 0.284664750238283 0 0 0.010129567620040556 0.01085675573756494 0.013473420314237938 0.013558753463129652 0.016237050613284124 0.17546046444083666 0.005203870864256151
45 405 0.30763900941307387 0 0 0.010952493589279357 0.012724450313382185 0.014398314009341618 0.012959061334757186 0.015500514818667453 0.22420132072473917 0.005675208086443133
42 378 0.2964497424661492 0 0 0.010521550882525259 0.011206097278810424 0.0140212364832466 0.014129205000200132 0.016967257422894053 0.18661316738476344 0.005560865278331095
43 387 0.2952588739141657 0 0 0.010844450376607884 0.011529066590454464 0.014159850439688012 0.013452194901864752 0.015906684473950095 0.19866548755941565 0.0054065680680468135
43 387 0.29525887391416494 0 0 0.010844450376607842 0.01152906659045451 0.014159850439688006 0.013452194901864353 0.015906684473950043 0.1986654875594145 0.005406568068046817
46 414 0.30879392910305725 0 0 0.01094216257315034 0.01212133768020469 0.014749510064308483 0.012396872633677662 0.014921601665792253 0.24334093410191765 0.005670854290897951
43 387 0.26755361786741505 0 0 0.009549307724127497 0.010149200623384182 0.012411248307701767 0.012163246487182465 0.014663520143584498 0.168169922008612 0.005069385352288587
44 396 0.31640698628689734 0 0 0.011770371314382978 0.013497934698549935 0.014685669186248876 0.013753239370219748 0.01606671033805487 0.22456863077878622 0.005750832215392905
44 396 0.31640698628689645 0 0 0.011770371314382926 0.01349793469854999 0.01468566918624887 0.01375323937021927 0.016066710338054808 0.22456863077878453 0.005750832215392909
47 423 0.3136378844993389 0 0 0.010963716292103418 0.012463508851378837 0.014912002453778852 0.011873998080532185 0.014621248536103148 0.2580244974818155 0.005893540230819201
44 396 0.23738642098577184 0 0 0.008349923780343112 0.008974971691544546 0.010953854366309202 0.009998703973730145 0.012248885454487789 0.15205441463883415 0.004476220073437423
45 405 0.30763900941307465 0 0 0.010952493589279397 0.012724450313382183 0.014398314009341686 0.012959061334757585 0.01550051481866748 0.22420132072473942 0.005675208086443158
45 405 0.30763900941307387 0 0 0.010952493589279357 0.012724450313382239 0.014398314009341672 0.012959061334757164 0.01550051481866742 0.2242013207247378 0.005675208086443164
48 432 0.309564078539403 0 0 0.01044984225438959 0.01168441646393968 0.014551309293639583 0.011480375710668221 0.013777696376271477 0.2677024280590327 0.005778609448621581
45 405 0.2370062560288799 0 0 0.008685965068756234 0.009048784078002177 0.010614256436883383 0.009410523956997572 0.011784974263161753 0.1494612203955757 0.0045950564323855095
46 414 0.30879392910305803 0 0 0.010942162573150385 0.012121337680204687 0.014749510064308524 0.012396872633678014 0.014921601665792353 0.2433409341019179 0.0056708542908979745
46 414 0.30879392910305736 0 0 0.01094216257315035 0.012121337680204741 0.014749510064308522 0.01239687263367765 0.01492160166579233 0.24334093410191665 0.005670854290897983
46 414 0.2381886086748617 0 0 0.00924754313447707 0.009144285926004195 0.010493274817028343 0.009263215960421884 0.01165965000957822 0.1471676096452501 0.004808541721432415
49 441 0.2820865514969119 0 0 0.009329264124818671 0.010795774920654685 0.012830089353955883 0.009688156198596821 0.012427642816862738 0.24181769454151159 0.005470110011089396
47 423 0.31363788449933977 0 0 0.010963716292103461 0.012463508851378837 0.014912002453778888 0.011873998080532598 0.014621248536103273 0.258024497481816 0.005893540230819227
47 423 0.31363788449933905 0 0 0.010963716292103421 0.012463508851378893 0.014912002453778885 0.011873998080532201 0.014621248536103257 0.2580244974818147 0.005893540230819233
47 423 0.21021958229989193 0 0 0.008133654172328794 0.0077265094399814275 0.009395025843558764 0.007406538994506278 0.009918244836766423 0.13112968881009357 0.004213060143461223
50 450 0.2674135506853313 0 0 0.00897472912599117 0.010244775710249721 0.012089841289091546 0.008986720083028409 0.011493287645325482 0.2251656466388637 0.004959322302517014
48 432 0.30956407853940393 0 0 0.010449842254389647 0.011684416463939683 0.014551309293639611 0.01148037571066857 0.013777696376271586 0.26770242805903327 0.00577860944862161
48 432 0.30956407853940315 0 0 0.010449842254389602 0.01168441646393974 0.0145513092936396 0.011480375710668275 0.013777696376271575 0.26770242805903205 0.005778609448621611
48 432 0.17561753221792442 0 0 0.006501715629210949 0.006136509737253067 0.0075808787059580916 0.006074351574244628 0.008101865101700714 0.1087199732198685 0.003461458630821248
51 459 0.2384119213777251 0 0 0.008166444976886645 0.009173087554104628 0.01007722848523079 0.008038127557819458 0.009211929887045795 0.19550134662815355 0.004402581219501672
49 441 0.28208655149691286 0 0 0.009329264124818723 0.010795774920654689 0.0128300893539559 0.009688156198597175 0.012427642816862832 0.2418176945415122 0.005470110011089425
49 441 0.2820865514969124 0 0 0.00932926412481869 0.010795774920654748 0.012830089353955904 0.009688156198596868 0.01242764281686284 0.24181769454151128 0.005470110011089431
52 468 0.2095706831867871 0 0 0.007240252638436467 0.0077124608565857814 0.008587900789163055 0.007057312734117549 0.007785394669194704 0.1692163292841867 0.0038155980442509748
49 441 0.1623156920382158 0 0 0.006112490114215938 0.0057608623456018955 0.006859884826367593 0.0052056552671698435 0.007455286285114562 0.10274996415444712 0.0032053404690384466
50 450 0.26741355068533207 0 0 0.008974729125991223 0.01024477571024972 0.012089841289091555 0.008986720083028716 0.01149328764532556 0.22516564663886415 0.004959322302517038
50 450 0.26741355068533196 0 0 0.008974729125991192 0.010244775710249789 0.012089841289091578 0.008986720083028449 0.011493287645325577 0.2251656466388637 0.0049593223025170465
50 450 0.16389956932671915 0 0 0.006225830104680476 0.005717944860566687 0.0070296394846482155 0.0052138009376527916 0.007209156942096016 0.10219984083218227 0.0031298007782829223
53 477 0.17069796304930782 0 0 0.005970733275013002 0.006141353605202204 0.006741185856002586 0.005599858609354556 0.006024170385253205 0.13711929278723592 0.0030995141169450745
51 459 0.23841192137772566 0 0 0.008166444976886688 0.009173087554104623 0.01007722848523079 0.008038127557819685 0.009211929887045825 0.19550134662815385 0.004402581219501691
51 459 0.14662350576232858 0 0 0.005633564800861914 0.005050410849469881 0.006025398413209642 0.0046184457913013306 0.0059691686020004265 0.0925756430140536 0.002762498387860115
51 459 0.2384119213777254 0 0 0.008166444976886655 0.009173087554104682 0.010077228485230811 0.008038127557819501 0.009211929887045837 0.19550134662815333 0.0044025812195016955
54 486 0.1770974423823681 0 0 0.005905966555302175 0.006770815996901319 0.007094205330738684 0.0056133313484906175 0.006132594494872124 0.14970110488211077 0.0032809215588841738
52 468 0.1470311180812042 0 0 0.0056554163610132956 0.004886425586371078 0.005943278840556396 0.004472732502071445 0.005676976244403104 0.0938138898098293 0.0028044106596980378
52 468 0.20957068318678782 0 0 0.0072402526384365146 0.007712460856585783 0.008587900789163065 0.007057312734117787 0.007785394669194724 0.16921632928418717 0.0038155980442509956
52 468 0.2095706831867879 0 0 0.0072402526384364955 0.0077124608565858465 0.008587900789163095 0.007057312734117611 0.007785394669194737 0.16921632928418703 0.0038155980442510047
55 495 0.16842683581062526 0 0 0.005563336390184443 0.0062383540513316375 0.006886307648406243 0.00513715121695671 0.005695367448881039 0.13813545516993403 0.003091730923203773
53 477 0.12497919128943319 0 0 0.004773028453096163 0.003980631732940344 0.004785469839680355 0.003750484539785011 0.004558486629974709 0.0828832164920895 0.0023977612105624637
53 477 0.1702772590487084 0 0 0.005935922656195266 0.0061407600596194885 0.00672517722833449 0.005573557088223461 0.0060173996720555584 0.13681851488920888 0.0031231225296787226
53 477 0.17069796304930848 0 0 0.005970733275013026 0.006141353605202258 0.006741185856002622 0.0055998586093546 0.006024170385253211 0.13711929278723617 0.003099514116945099
56 504 0.17764998460458464 0 0 0.006046369493849915 0.0062541037001516454 0.007329401583263345 0.005133736062701322 0.005838888812610544 0.14410001860623564 0.003355055962110623
54 486 0.13647519328020088 0 0 0.005100169481033059 0.004613670080596637 0.005507641280080378 0.003990817362699153 0.0047155914969096 0.0960732684389655 0.002662766098616526
54 486 0.17645853832229297 0 0 0.005971094768170501 0.006853330082493803 0.007117208769492146 0.0056617738311074695 0.006024198221923689 0.14793647550892122 0.00331470837471817
54 486 0.17709744238236855 0 0 0.0059059665553021995 0.006770815996901366 0.007094205330738712 0.005613331348490642 0.006132594494872125 0.14970110488211075 0.003280921558884194
57 513 0.16391980969637115 0 0 0.0054794595388066155 0.005651204006993364 0.006614726160890259 0.0045367336554574915 0.005256382992422193 0.13455765128003294 0.002974548699137894
55 495 0.1384266159190664 0 0 0.0051028410041395016 0.004657442390304087 0.005668396309402739 0.0038450456705162485 0.0048010144226642085 0.0933176425393539 0.0025861093813467476
55 495 0.16571656402476576 0 0 0.005501600450336718 0.006320989110957221 0.006796523740508633 0.0050812153180577885 0.00553272651786489 0.1333762930669275 0.0031234092716767897
58 522 0.1581304247358848 0 0 0.005279548880503697 0.0053239335927022175 0.006238794953785512 0.00409813532392723 0.00494695761333871 0.13162452483308928 0.002864986059234267
55 495 0.1684268358106258 0 0 0.005563336390184469 0.006238354051331686 0.0068863076484062796 0.0051371512169566995 0.005695367448881056 0.13813545516993406 0.003091730923203795
56 504 0.17375356625555816 0 0 0.006631929212220488 0.005992153647950841 0.00736097891640672 0.0045796574829253985 0.00599416191587265 0.11742212491893723 0.0031426176219689346
56 504 0.16718183767034675 0 0 0.005644001632590734 0.006082451181332814 0.006821173264638319 0.004845621228406541 0.0054137187017151926 0.1339698934718187 0.0032249264550512765
59 531 0.13630612780053547 0 0 0.004401461219434207 0.004586447730210559 0.00537522460937758 0.00330439428900673 0.0041134194254823465 0.11132964132935573 0.002477616486315528
56 504 0.17764998460458528 0 0 0.006046369493849957 0.006254103700151692 0.007329401583263399 0.005133736062701296 0.005838888812610592 0.1441000186062358 0.0033550559621106433
57 513 0.1800663371032691 0 0 0.006801206947885638 0.006170363808903874 0.007690828151868058 0.004565634211005682 0.006182312477629719 0.12242811371324054 0.003152261906067002
60 540 0.13287082907037165 0 0 0.004080068108445319 0.004617996519806933 0.005229174632133854 0.00307697425474803 0.003906636476516366 0.11160064751128677 0.00245232654083754
57 513 0.16085815812857515 0 0 0.005651950757829058 0.005690013979636933 0.006445026308253268 0.0045385730842722434 0.005079951157326193 0.12948344605023654 0.0029930419031124235
57 513 0.16391980969637154 0 0 0.005479459538806642 0.005651204006993402 0.0066147261608903 0.004536733655457452 0.005256382992422232 0.13455765128003302 0.0029745486991379073
58 522 0.17370023372214324 0 0 0.006730654774221554 0.0059363048434891265 0.00725799543433549 0.0043078342843818765 0.005728407544087367 0.11579338242092324 0.0029430350004523136
61 549 0.1630766026782329 0 0 0.005665604399651278 0.005705649531578469 0.0063567096870017084 0.0037813058907440918 0.004706322488592166 0.13598631937631372 0.0029215539320712803
58 522 0.15606257293072695 0 0 0.005744303618271026 0.0053589262594826124 0.006217538814991757 0.004045415569399145 0.004816569662350147 0.13014967611821723 0.002828621401352143
58 522 0.15813042473588498 0 0 0.0052795488805037144 0.005323933592702246 0.0062387949537855624 0.0040981353239271864 0.004946957613338713 0.13162452483308917 0.002864986059234275
62 558 0.18057972739635889 0 0 0.006385484078291807 0.006353886249520034 0.006989783984079769 0.00421888161823554 0.004957703670016541 0.14650156933443684 0.003317919337791709
59 531 0.15950133606317526 0 0 0.006061263499970986 0.005442114200894656 0.006695745220273766 0.003775367811222938 0.005120107191572005 0.10375422784190727 0.0026698217898935626
59 531 0.1329787949146356 0 0 0.00476218564605688 0.004596674942992976 0.005251351937138976 0.003316921987268163 0.0038755515132113264 0.1078959263903236 0.002402316719192604
59 531 0.13630612780053553 0 0 0.004401461219434217 0.0045864477302105825 0.00537522460937762 0.003304394289006691 0.0041134194254823266 0.1113296413293556 0.0024776164863155327
63 567 0.2018162699204907 0 0 0.007216285058198763 0.007006532628544977 0.00785977085480367 0.0047223282190520756 0.0050969760055640115 0.1647911567087586 0.0036139021361126906
60 540 0.1563354416403368 0 0 0.0058412798857361715 0.005278859884222223 0.0065333378908446595 0.0035208249351904625 0.0049259723192328205 0.10895428760715192 0.002610148695957866
60 540 0.13315852878198142 0 0 0.004586235289463205 0.004798732508296346 0.005348332129608442 0.003101314095523449 0.0037753785628650473 0.1079103440846343 0.002429305831306435
60 540 0.1328708290703715 0 0 0.004080068108445322 0.00461799651980695 0.0052291746321338865 0.0030769742547479863 0.003906636476516331 0.11160064751128651 0.0024523265408375404
64 576 0.2032767863715258 0 0 0.007341081165837573 0.007548884549632903 0.007834973149036618 0.004461433241799793 0.0050348955008730585 0.16416120101498366 0.0035343016019360567
61 549 0.16943481958460357 0 0 0.006598980987009446 0.005580478812918485 0.0071864589247517315 0.00381798347862106 0.005104456362648887 0.11536714826085598 0.0031188747627666387
61 549 0.16307660267823262 0 0 0.005665604399651279 0.005705649531578489 0.006356709687001744 0.0037813058907440506 0.004706322488592088 0.13598631937631334 0.0029215539320712786
61 549 0.14234080526450887 0 0 0.005102700106045953 0.005397330586497075 0.005920488805478138 0.00322338835232492 0.003878634162380679 0.12039141139538231 0.00270119312632134
65 585 0.18539737311415144 0 0 0.006722248981130921 0.006663312745158651 0.0071336804874127 0.003816889307725477 0.004582551235863249 0.14869411235243585 0.003148076551077151
62 558 0.19457962375652116 0 0 0.007550165884523709 0.006431780045191035 0.008224792956128662 0.0042740702216356044 0.00560121454809037 0.13457772983775143 0.003968932839239552
66 594 0.171080390424295 0 0 0.006174124899514201 0.005839725459492782 0.00698720270234277 0.003419409924455161 0.004122398439624849 0.12841926851917368 0.0028816118354156365
62 558 0.1805797273963582 0 0 0.006385484078291799 0.0063538862495200405 0.006989783984079796 0.0042188816182355034 0.004957703670016424 0.14650156933443606 0.0033179193377916986
62 558 0.13800045332546332 0 0 0.004962733823769801 0.005376267560996168 0.00568967837629455 0.0030004142580696606 0.003617618567997433 0.11621152362851107 0.00270479445033171
63 567 0.21790527436220247 0 0 0.008439756622309417 0.007479627673594658 0.009369267475558234 0.0047054624311397035 0.0060563716100120535 0.14761283963597793 0.004425015226439279
67 603 0.15808004276410825 0 0 0.005664597869400717 0.005479595053889471 0.00622592998583286 0.003105075424105551 0.003505029080080984 0.1247340435365077 0.0026362156426321566
67 603 0.15808004276410825 0 0 0.005664597869400717 0.005479595053889471 0.00622592998583286 0.003105075424105551 0.003505029080080984 0.1247340435365077 0.0026362156426321566
63 567 0.20181626992048982 0 0 0.007216285058198744 0.00700653262854498 0.007859770854803692 0.004722328219052035 0.005096976005563918 0.1647911567087577 0.0036139021361126767
63 567 0.1345268617314963 0 0 0.004808357886027747 0.0052248508045453276 0.005651864044744347 0.0028124237430249685 0.0032310789445237913 0.11357654323648113 0.002569915653002317
64 576 0.20099099827793837 0 0 0.00759555553797248 0.007055920573910203 0.008776603714905445 0.004036827983226801 0.00541868533177639 0.13283787631534674 0.004108739415665994
64 576 0.20327678637152438 0 0 0.007341081165837528 0.007548884549632885 0.007834973149036624 0.004461433241799743 0.0050348955008729475 0.1641612010149823 0.003534301601936034
65 585 0.19417524748234216 0 0 0.007369138905346203 0.006908972253402915 0.008550355788918607 0.0035647854415578537 0.005156041208032634 0.12885897283021383 0.004011646894455796
64 576 0.13892143247116565 0 0 0.005051791606354775 0.005399907164072272 0.006225989054351373 0.002760339395959654 0.003247371775100524 0.11586870240923045 0.0026761525674113863
66 594 0.20889007699991677 0 0 0.007590082200429716 0.007002817930639821 0.010468909773682237 0.0036255731659337576 0.005420452735721903 0.1441231850951984 0.00403644643403738
65 585 0.13347659420087918 0 0 0.004824613495464452 0.005192513686612973 0.00620849485236845 0.0024525419616648575 0.00307961877800101 0.11128459324489608 0.0025932413566793957
65 585 0.18539737311414978 0 0 0.00672224898113087 0.00666331274515862 0.007133680487412694 0.0038168893077254475 0.004582551235863165 0.14869411235243427 0.0031480765510771233
67 603 0.19684156358202326 0 0 0.007099613873605867 0.006663672904699698 0.01002719240355555 0.003377372211031768 0.004764489857444721 0.13421804401950407 0.003998545721821254
67 603 0.19684156358202326 0 0 0.007099613873605867 0.006663672904699698 0.01002719240355555 0.003377372211031768 0.004764489857444721 0.13421804401950407 0.003998545721821254
66 594 0.14162428681176192 0 0 0.004869810870717414 0.005356180438844622 0.007192314277326131 0.0024321630889271085 0.0031985601720780203 0.11224978593732587 0.002638988470633319
66 594 0.17108039042429346 0 0 0.00617412489951415 0.005839725459492755 0.006987202702342769 0.003419409924455146 0.004122398439624742 0.12841926851917243 0.0028816118354156113
67 603 0.15171932662342 0 0 0.005195196183013229 0.005728541228817634 0.008647944255955612 0.002565846048883732 0.003135457723404074 0.1203553483750086 0.002797623322423343
67 603 0.15171932662342 0 0 0.005195196183013229 0.005728541228817634 0.008647944255955612 0.002565846048883732 0.003135457723404074 0.1203553483750086 0.002797623322423343
67 603 0.1580800427641069 0 0 0.005664597869400672 0.00547959505388945 0.006225929985832857 0.0031050754241055216 0.003505029080080875 0.12473404353650648 0.0026362156426321354
67 603 0.1580800427641069 0 0 0.005664597869400672 0.00547959505388945 0.006225929985832857 0.0031050754241055216 0.003505029080080875 0.12473404353650648 0.0026362156426321354
