% # columns="iteration, evaluation, void, void, void, xmean", seed=2567, Fri Aug 28 18:29:29 2026, <python>{}</python> # scaling_of_variables: 1, typical_x: 0
1 9 0 0 0 0.35136479736889736 -0.08013213841594309 0.1285984716158328 -0.1632939488814534 -0.0818182045581331 0.1410283032001349 0.05750402245208554
1 9 0 0 0 0.47294349075879 0.061143811360229554 0.12859847440980052 -0.1632939488814534 -0.0818182045581331 0.1410283032001349 0.05750402245208554
2 18 0 0 0 0.40475828368470684 0.030167245443640165 0.20186587587613022 -0.5067807274473165 -0.21815766414509694 1.0389919855230578 0.06226752022506968
2 18 0 0 0 0.306986817906356 -0.06186134820085963 0.20186587494480726 -0.5067807274473183 -0.21815766414509538 1.0389919855230598 0.06226752022506975
2 18 0 0 0 0.42856551129624865 0.07941460157531283 0.20186587773877535 -0.5067807274473171 -0.21815766414509627 1.0389919855230587 0.062267520225069754
2 18 0 0 0 0.41343767363832007 0.10420131231444858 0.2018658805327429 -0.506780727447317 -0.21815766414509677 1.0389919855230563 0.062267520225069706
3 27 0 0 0 0.4079264742431409 0.04764266348339908 0.2355232317529719 -0.5502261207345337 -0.33313035947297637 0.494528189063751 0.08268827210364355
3 27 0 0 0 0.416605864196754 0.12167673035420762 0.23552323640958486 -0.550226120734532 -0.3331303594729765 0.4945281890637505 0.08268827210364359
3 27 0 0 0 0.3101550084647898 -0.044385930161100526 0.23552323082164875 -0.5502261207345359 -0.3331303594729762 0.4945281890637465 0.08268827210364343
3 27 0 0 0 0.4317337018546825 0.09689001961507172 0.2355232336156172 -0.5502261207345288 -0.33313035947297664 0.4945281890637609 0.08268827210364375
4 36 0 0 0 0.3824266854162893 0.04944044393818506 0.3382157145686117 -0.5881560775218158 -0.42859575778618136 1.2502730666429056 0.07879966423585406
4 36 0 0 0 0.3911060753699024 0.12347451080899378 0.3382157192252251 -0.5881560775218144 -0.4285957577861809 1.250273066642902 0.07879966423585397
4 36 0 0 0 0.2846552196379384 -0.04258814970631452 0.33821571363728903 -0.5881560775218196 -0.42859575778618064 1.2502730666429027 0.07879966423585394
4 36 0 0 0 0.40623391302783074 0.09868780006985774 0.33821571643125736 -0.5881560775218115 -0.4285957577861806 1.2502730666429143 0.07879966423585413
5 45 0 0 0 0.3472394817125003 0.06007820059175942 0.39755086681748314 -0.5721585944129032 -0.42257033849192804 0.8134240104062987 0.08989502151985045
5 45 0 0 0 0.35591887166611347 0.13411226746256796 0.39755087147409673 -0.5721585944128994 -0.4225703384919269 0.8134240104063014 0.08989502151985058
5 45 0 0 0 0.24946801593414933 -0.03195039305274053 0.39755086588616045 -0.5721585944129044 -0.4225703384919279 0.8134240104063029 0.08989502151985053
5 45 0 0 0 0.3710467093240416 0.1093255567234318 0.39755086868012846 -0.5721585944128964 -0.4225703384919277 0.8134240104063123 0.08989502151985065
6 54 0 0 0 0.34149209885457704 0.06936133848879647 0.4006941944300081 -0.5575520349279762 -0.38692831047500476 1.1856311621359072 0.06038784585087393
6 54 0 0 0 0.35017148880818966 0.14339540535960515 0.40069419908662124 -0.5575520349279756 -0.38692831047500215 1.1856311621358961 0.060387845850874054
6 54 0 0 0 0.24372063307622557 -0.022667255155703458 0.4006941934986854 -0.5575520349279766 -0.38692831047500204 1.1856311621359097 0.06038784585087407
6 54 0 0 0 0.3652993264661182 0.11860869462046898 0.400694196292653 -0.5575520349279771 -0.3869283104750034 1.1856311621359066 0.06038784585087406
7 63 0 0 0 0.35266900223368436 0.06380782929070813 0.3748826635079862 -0.5212770537023058 -0.28308959050364924 1.3327521478580249 0.06555332274492616
7 63 0 0 0 0.36134839218729714 0.13784189616151674 0.3748826681645991 -0.5212770537023054 -0.2830895905036475 1.3327521478580193 0.06555332274492626
7 63 0 0 0 0.2548975364553332 -0.028220764353791818 0.37488266257666353 -0.5212770537023059 -0.28308959050364746 1.3327521478580282 0.06555332274492634
7 63 0 0 0 0.37647622984522544 0.11305518542238062 0.374882665370631 -0.5212770537023055 -0.2830895905036482 1.3327521478580275 0.06555332274492623
8 72 0 0 0 0.3246320128464262 0.07927579136510748 0.4723213124856976 -0.6305533886635366 -0.3325169508300024 1.5059438298134744 0.06819284801748486
8 72 0 0 0 0.33331140280003896 0.15330985823591614 0.4723213171423106 -0.6305533886635364 -0.33251695083000016 1.5059438298134686 0.06819284801748497
9 81 0 0 0 0.33900302439537583 0.05373652682792572 0.46682298932721406 -0.6660519345849176 -0.38644733961611877 0.772398215700019 0.07609928187417064
8 72 0 0 0 0.22686054706807515 -0.012752802279392347 0.4723213115543752 -0.6305533886635374 -0.33251695083000016 1.5059438298134795 0.06819284801748508
8 72 0 0 0 0.3484392404579674 0.1285231474967801 0.47232131434834257 -0.6305533886635372 -0.3325169508300009 1.50594382981348 0.068192848017485
9 81 0 0 0 0.3476824143489889 0.12777059369873434 0.4668229939838278 -0.6660519345849161 -0.3864473396161171 0.7723982157000168 0.07609928187417082
9 81 0 0 0 0.36281025200691747 0.10298388295959819 0.4668229911898598 -0.6660519345849155 -0.3864473396161187 0.7723982157000313 0.07609928187417095
9 81 0 0 0 0.2412315586170248 -0.03829206681657415 0.4668229883958918 -0.6660519345849194 -0.38644733961611744 0.7723982157000242 0.07609928187417078
10 90 0 0 0 0.3035588814811589 0.06625687353827459 0.46589063803211983 -0.5746573304605522 -0.30359261802891013 1.2349628054172432 0.057481516715772465
10 90 0 0 0 0.3122382714347716 0.14029094040908296 0.4658906426887328 -0.5746573304605518 -0.30359261802890747 1.2349628054172357 0.05748151671577271
10 90 0 0 0 0.3273661090927003 0.11550422966994676 0.46589063989476537 -0.5746573304605578 -0.3035926180289085 1.2349628054172423 0.057481516715772576
10 90 0 0 0 0.20578741570280776 -0.02577172010622572 0.46589063710079837 -0.5746573304605517 -0.3035926180289068 1.2349628054172543 0.0574815167157728
11 99 0 0 0 0.3051905281823335 0.04792025080580067 0.4512798538350886 -0.46424756809476747 -0.3648392318124667 0.4631588156506195 0.06115382143121912
11 99 0 0 0 0.3138699181359465 0.12195431767660903 0.45127985849170155 -0.4642475680947636 -0.3648392318124637 0.4631588156506147 0.0611538214312195
12 108 0 0 0 0.2758890382553424 0.09457006887434997 0.4644954170470524 -0.5357789102541843 -0.371424013400492 1.0927595848296048 0.05382484784315569
11 99 0 0 0 0.20741906240398247 -0.04410834283869985 0.4512798529037672 -0.4642475680947654 -0.364839231812464 0.46315881565063355 0.06115382143121943
11 99 0 0 0 0.32899775579387525 0.09716760693747255 0.4512798556977346 -0.4642475680947708 -0.364839231812466 0.463158815650622 0.061153821431219245
12 108 0 0 0 0.284568428208955 0.16860413574515834 0.46449542170366503 -0.5357789102541827 -0.371424013400488 1.0927595848295928 0.05382484784315614
13 117 0 0 0 0.27597263480707845 0.11178068717674625 0.4839174062814657 -0.5681864036087326 -0.3309247674453235 0.900936688112236 0.047174967436990504
12 108 0 0 0 0.29969626586688364 0.14381742500602193 0.4644954189096978 -0.5357789102541917 -0.3714240134004903 1.0927595848295963 0.053824847843155804
12 108 0 0 0 0.17811757247699087 0.0025414752298494265 0.4644954161157311 -0.5357789102541813 -0.3714240134004878 1.0927595848296174 0.05382484784315612
13 117 0 0 0 0.2846520247606907 0.1858147540475545 0.4839174109380782 -0.5681864036087309 -0.330924767445318 0.9009366881122192 0.04717496743699104
14 126 0 0 0 0.27813289816630593 0.10663295555556801 0.4768642016362088 -0.5518847430892394 -0.28623139943500525 0.19671556771875337 0.0497619372802731
13 117 0 0 0 0.2997798624186196 0.16102804330841822 0.48391740814411105 -0.5681864036087416 -0.3309247674453215 0.9009366881122222 0.04717496743699073
13 117 0 0 0 0.1782011690287266 0.019752093532245715 0.48391740535014427 -0.5681864036087283 -0.33092476744531835 0.900936688112246 0.04717496743699099
14 126 0 0 0 0.2868122881199181 0.18066702242637592 0.4768642062928214 -0.5518847430892359 -0.2862313994349991 0.19671556771873908 0.04976193728027382
15 135 0 0 0 0.27118920414652264 0.07697063303894926 0.4418614283747377 -0.5551385839062871 -0.3430731833067745 0.31859163212143754 0.056144930639804545
14 126 0 0 0 0.30194012577784723 0.15588031168723965 0.47686420349885444 -0.5518847430892478 -0.2862313994350043 0.19671556771873824 0.04976193728027342
15 135 0 0 0 0.27986859410013537 0.1510046999097573 0.4418614330313502 -0.5551385839062829 -0.34307318330677 0.318591632121429 0.05614493063980523
14 126 0 0 0 0.18036143238795393 0.014604361911067192 0.4768642007048874 -0.5518847430892332 -0.28623139943500053 0.19671556771876322 0.0497619372802736
16 144 0 0 0 0.27532218342067977 0.08360485759453043 0.4891051330473273 -0.5397238653476011 -0.3826029981764535 0.003869186207523211 0.05672216144599418
15 135 0 0 0 0.2949964317580644 0.1262179891706208 0.44186143023738356 -0.5551385839062947 -0.34307318330677455 0.3185916321214283 0.05614493063980479
17 153 0 0 0 0.25003015880020957 0.08674016229107666 0.5328083596920622 -0.5609309961757407 -0.3719475875445269 0.37195116666233924 0.05056143442670812
16 144 0 0 0 0.2840015733742924 0.15763892446533848 0.4891051377039398 -0.5397238653475956 -0.38260299817644833 0.003869186207512275 0.05672216144599487
15 135 0 0 0 0.17341773836817112 -0.015057960605551663 0.4418614274434164 -0.555138583906282 -0.34307318330677056 0.3185916321214518 0.056144930639804996
18 162 0 0 0 0.2582837987275784 0.09019237811685883 0.5483422598983738 -0.5398937121094156 -0.35685748125156 0.7107511977208673 0.05508394164135339
17 153 0 0 0 0.25870954875382207 0.16077422916188458 0.5328083643486744 -0.560930996175736 -0.3719475875445222 0.37195116666232664 0.050561434426708844
16 144 0 0 0 0.2991294110322215 0.13285221372620204 0.4891051349099733 -0.5397238653476071 -0.3826029981764535 0.003869186207515185 0.05672216144599449
16 144 0 0 0 0.17755071764232816 -0.008423736049970421 0.48910513211600587 -0.5397238653475956 -0.38260299817644977 0.003869186207536164 0.05672216144599463
19 171 0 0 0 0.2767506280242574 0.08987647217356506 0.5486048935235989 -0.5443528725976118 -0.39621959558623915 0.21472975716965922 0.06487703280060922
18 162 0 0 0 0.266963188681191 0.16422644498766684 0.5483422645549861 -0.5398937121094118 -0.3568574812515558 0.7107511977208567 0.05508394164135397
20 180 0 0 0 0.2854683666238737 0.10593264550632363 0.5209528492056819 -0.596443738528394 -0.371927430516588 0.26922839953981603 0.056779428813795475
17 153 0 0 0 0.27383738641175126 0.13598751842274814 0.5328083615547083 -0.5609309961757503 -0.3719475875445267 0.37195116666232786 0.05056143442670839
17 153 0 0 0 0.15225869302185804 -0.005288431353424327 0.5328083587607413 -0.5609309961757352 -0.3719475875445225 0.37195116666235434 0.05056143442670868
19 171 0 0 0 0.28543001797787015 0.16391053904437317 0.5486048981802114 -0.5443528725976065 -0.3962195955862344 0.2147297571696505 0.06487703280060977
21 189 0 0 0 0.27752974394201907 0.11761453082199474 0.5247817181085986 -0.5691460743431371 -0.39212022057566454 0.08139944735471767 0.050784419649878794
20 180 0 0 0 0.29414775657748615 0.17996671237713177 0.5209528538622945 -0.5964437385283896 -0.371927430516582 0.26922839953980143 0.05677942881379604
18 162 0 0 0 0.2820910263391199 0.13943973424853057 0.5483422617610196 -0.5398937121094236 -0.3568574812515591 0.7107511977208584 0.05508394164135361
18 162 0 0 0 0.16051233294922707 -0.0018362155276419804 0.5483422589670528 -0.5398937121094114 -0.3568574812515561 0.7107511977208816 0.055083941641353926
22 198 0 0 0 0.26564214493200966 0.11856687195730325 0.5498482650708947 -0.5431787876555907 -0.3462758308032584 -0.15597365389815976 0.04988569869221759
21 189 0 0 0 0.28620913389563135 0.19164859769280285 0.5247817227652111 -0.5691460743431322 -0.39212022057565754 0.08139944735469945 0.050784419649879446
19 171 0 0 0 0.30055785563579906 0.13912382830523687 0.5486048953862446 -0.544352872597615 -0.39621959558623837 0.21472975716965506 0.06487703280060954
19 171 0 0 0 0.17897916224590613 -0.002152121470935616 0.5486048925922773 -0.5443528725976077 -0.39621959558623615 0.2147297571696713 0.06487703280060965
23 207 0 0 0 0.28701217515437516 0.11606961432616691 0.5372765429251192 -0.5552506373712953 -0.35095131619331155 -0.44365539037406077 0.05306922782679831
22 198 0 0 0 0.27432153488562194 0.19260093882811108 0.549848269727507 -0.5431787876555852 -0.34627583080325114 -0.15597365389817644 0.04988569869221835
20 180 0 0 0 0.3092755942354152 0.15518000163799556 0.5209528510683276 -0.596443738528399 -0.37192743051658655 0.2692283995398058 0.05677942881379583
23 207 0 0 0 0.2956915651079875 0.1901036811969748 0.5372765475817315 -0.555250637371289 -0.35095131619330366 -0.44365539037407653 0.05306922782679903
24 216 0 0 0 0.30983363919743834 0.10681559303014625 0.5344254464544617 -0.5587694863713264 -0.362625319042255 -0.545528045095052 0.05431789942898402
20 180 0 0 0 0.18769690084552204 0.013904051861823112 0.5209528482743601 -0.5964437385283895 -0.37192743051658383 0.26922839953982447 0.05677942881379588
21 189 0 0 0 0.30133697155356043 0.16686188695366655 0.5247817199712443 -0.5691460743431437 -0.39212022057566315 0.0813994473547028 0.05078441964987915
24 216 0 0 0 0.3185130291510507 0.18084965990095422 0.534425451111074 -0.5587694863713197 -0.36262531904224715 -0.5455280450950672 0.054317899428984635
25 225 0 0 0 0.30095608627693005 0.09726882043579338 0.5213789902748128 -0.5245439200250649 -0.35241913516584067 0.11963616316310745 0.04992295535451101
21 189 0 0 0 0.17975827816366713 0.025585937177494144 0.5247817171772768 -0.5691460743431314 -0.3921202205756598 0.08139944735472616 0.05078441964987922
25 225 0 0 0 0.30963547623054244 0.17130288730660148 0.5213789949314251 -0.5245439200250603 -0.35241913516583434 0.11963616316309296 0.04992295535451154
22 198 0 0 0 0.2894493725435511 0.16781422808897475 0.5498482669335405 -0.5431787876555987 -0.3462758308032573 -0.15597365389817758 0.04988569869221797
22 198 0 0 0 0.16787067915365772 0.026538278312802446 0.5498482641395732 -0.5431787876555838 -0.3462758308032536 -0.1559736538981503 0.049885698692218115
26 234 0 0 0 0.31554985148397097 0.07704372721228529 0.510069669293123 -0.561498057655474 -0.3653750264341996 -0.12096566762861027 0.05238976552024097
26 234 0 0 0 0.32422924143758347 0.1510777940830934 0.5100696739497353 -0.5614980576554687 -0.36537502643419373 -0.12096566762862307 0.05238976552024147
23 207 0 0 0 0.31081940276591663 0.16531697045783858 0.5372765447877649 -0.5552506373713005 -0.3509513161933103 -0.4436553903740755 0.05306922782679874
23 207 0 0 0 0.18924070937602316 0.02404102068166625 0.5372765419937972 -0.5552506373712887 -0.35095131619330694 -0.4436553903740534 0.05306922782679876
27 243 0 0 0 0.3110514057129336 0.14793664479716978 0.5131374171299313 -0.5551546156704302 -0.3685428018003837 0.045020660924943515 0.058316161857012
24 216 0 0 0 0.3336408668089799 0.15606294916181815 0.5344254483171073 -0.5587694863713293 -0.3626253190422537 -0.5455280450950618 0.05431789942898447
27 243 0 0 0 0.3023720157593209 0.07390257792636169 0.5131374124733188 -0.5551546156704356 -0.36854280180038873 0.04502066092495268 0.058316161857011474
24 216 0 0 0 0.2120621734190864 0.01478699938564578 0.5344254455231392 -0.5587694863713207 -0.36262531904225076 -0.5455280450950462 0.054317899428984365
25 225 0 0 0 0.3247633138884715 0.14651617656746543 0.5213789921374584 -0.5245439200250704 -0.35241913516583917 0.11963616316309789 0.04992295535451131
28 252 0 0 0 0.30849243152076605 0.13902244815393375 0.5125257304221864 -0.5546050037760205 -0.3637968586762062 0.08375583449111364 0.06501709875705683
28 252 0 0 0 0.2998130415671531 0.0649883812831257 0.5125257257655735 -0.5546050037760261 -0.36379685867621037 0.0837558344911187 0.0650170987570563
25 225 0 0 0 0.2031846204985783 0.005240226791292967 0.5213789893434908 -0.5245439200250606 -0.3524191351658364 0.11963616316311583 0.04992295535451135
29 261 0 0 0 0.3129240696764318 0.1170098694934606 0.4884817499133457 -0.5634205058040814 -0.37670215084208125 0.3729126219589304 0.06720446812374807
26 234 0 0 0 0.3393570790955128 0.12629108334395742 0.5100696711557687 -0.561498057655478 -0.3653750264341987 -0.12096566762861406 0.05238976552024134
26 234 0 0 0 0.21777838570561933 -0.014984866432215062 0.5100696683618007 -0.5614980576554705 -0.3653750264341958 -0.12096566762860161 0.05238976552024124
29 261 0 0 0 0.30424467972281866 0.04297580262265245 0.4884817452567328 -0.5634205058040864 -0.3767021508420838 0.37291262195893193 0.06720446812374763
27 243 0 0 0 0.32617924337086274 0.12314993405803369 0.5131374143359646 -0.555154615670439 -0.36854280180038795 0.045020660924950266 0.058316161857011814
30 270 0 0 0 0.33974487164456224 0.10636407685040425 0.4893812039144264 -0.5461241841791741 -0.35826695081407406 0.1744276399480914 0.06892346734115304
27 243 0 0 0 0.20460054998096944 -0.0181260157181388 0.5131374115419968 -0.555154615670432 -0.36854280180038534 0.04502066092496413 0.05831616185701178
31 279 0 0 0 0.34014319178161806 0.10730947363908613 0.4629773186043515 -0.5711244733941868 -0.36096301905587697 0.36409712253273857 0.06460258696188763
28 252 0 0 0 0.3236202691786951 0.11423573741479764 0.5125257276282195 -0.5546050037760283 -0.3637968586762098 0.08375583449111931 0.06501709875705663
30 270 0 0 0 0.33106548169094896 0.032330009979596105 0.4893811992578135 -0.5461241841791795 -0.3582669508140767 0.17442763994809132 0.06892346734115268
28 252 0 0 0 0.2020415757888019 -0.027040212361374865 0.5125257248342517 -0.554605003776023 -0.36379685867620765 0.08375583449113191 0.06501709875705662
32 288 0 0 0 0.33564667167537654 0.13249343625036544 0.4964275101085908 -0.5443668360488314 -0.3966886303060631 0.24145248113094395 0.062018062327972925
29 261 0 0 0 0.3280519073343608 0.09222315875432452 0.48848174711937875 -0.5634205058040883 -0.37670215084208364 0.37291262195893826 0.0672044681237479
29 261 0 0 0 0.20647321394446774 -0.04905279102184805 0.488481744325411 -0.5634205058040849 -0.3767021508420816 0.3729126219589478 0.06720446812374788
31 279 0 0 0 0.33146380182800494 0.033275406768277886 0.4629773139477386 -0.5711244733941915 -0.3609630190558795 0.3640971225327398 0.06460258696188728
33 297 0 0 0 0.31775190447926954 0.11750953219183989 0.47973939516277797 -0.533965932989979 -0.391340115699353 0.48345971434968593 0.06683690279840315
30 270 0 0 0 0.3548727093024912 0.08157736611126838 0.4893812011204593 -0.5461241841791789 -0.3582669508140764 0.17442763994810295 0.06892346734115298
30 270 0 0 0 0.23329401591259816 -0.059698583664904215 0.4893811983264912 -0.5461241841791787 -0.358266950814075 0.17442763994810562 0.06892346734115286
34 306 0 0 0 0.31871444871539756 0.12192438633781584 0.47563762285775096 -0.5387907060160013 -0.38835124651351144 0.5991932349059996 0.06386241430004937
31 279 0 0 0 0.355271029439547 0.08252276289995025 0.4629773158103845 -0.571124473394192 -0.3609630190558792 0.36409712253275056 0.06460258696188757
32 288 0 0 0 0.32696728172176354 0.05845936937955709 0.4964275054519779 -0.5443668360488365 -0.3966886303060672 0.2414524811309505 0.06201806232797258
31 279 0 0 0 0.23369233604965395 -0.058753186876222364 0.46297731301641637 -0.5711244733941907 -0.36096301905587735 0.36409712253275406 0.06460258696188745
35 315 0 0 0 0.3202183909846286 0.12289792702660425 0.49068613041798553 -0.5653653756308035 -0.3634142066634648 0.4069635058596761 0.06574120247483585
32 288 0 0 0 0.35077450933330545 0.10770672551122948 0.49642750731462365 -0.5443668360488371 -0.3966886303060663 0.24145248113095613 0.062018062327972884
33 297 0 0 0 0.3090725145256563 0.0434754653210316 0.47973939050616504 -0.5339659329899837 -0.39134011569935534 0.48345971434968715 0.06683690279840275
32 288 0 0 0 0.22919581594341237 -0.03356922426494311 0.49642750452065554 -0.5443668360488347 -0.39668863030606466 0.2414524811309618 0.062018062327972766
36 324 0 0 0 0.31961694279954933 0.11428400254890919 0.48660648184512006 -0.5534970362992097 -0.3686650141596378 0.6334681652808466 0.07365820149376805
33 297 0 0 0 0.3328797421371983 0.09272282145270377 0.479739392368811 -0.5339659329899851 -0.3913401156993552 0.48345971434969454 0.06683690279840297
34 306 0 0 0 0.31003505876178433 0.04789031946700749 0.47563761820113803 -0.5387907060160058 -0.388351246513514 0.5991932349060021 0.06386241430004899
33 297 0 0 0 0.21130104874730538 -0.04855312832346881 0.47973938957484313 -0.5339659329899822 -0.39134011569935334 0.4834597143497029 0.06683690279840297
37 333 0 0 0 0.30805867977298246 0.12520429556017204 0.4895554792351402 -0.5542941996977782 -0.3623725381509548 0.6184392696648217 0.07537625251505266
34 306 0 0 0 0.3338422863733263 0.09713767559867974 0.475637620063784 -0.5387907060160076 -0.3883512465135136 0.5991932349060082 0.06386241430004921
35 315 0 0 0 0.3115390010310154 0.04886386015579603 0.4906861257613726 -0.5653653756308082 -0.3634142066634677 0.4069635058596788 0.06574120247483545
34 306 0 0 0 0.21226359298343336 -0.04413827417749286 0.4756376172698161 -0.5387907060160041 -0.3883512465135117 0.5991932349060171 0.06386241430004921
38 342 0 0 0 0.3078844782884715 0.1309071038391058 0.49146088543762506 -0.5430194842314028 -0.3623623132518031 0.5747687693041683 0.07294188549538386
35 315 0 0 0 0.3353462286425574 0.0981112162874682 0.4906861276240186 -0.5653653756308095 -0.3634142066634674 0.4069635058596842 0.06574120247483571
35 315 0 0 0 0.21376753525266443 -0.04316473348870436 0.49068612483005064 -0.5653653756308064 -0.3634142066634655 0.40696350585969243 0.06574120247483568
36 324 0 0 0 0.3109375528459358 0.04024993567810096 0.48660647718850686 -0.5534970362992142 -0.3686650141596397 0.6334681652808439 0.0736582014937677
39 351 0 0 0 0.3236588183096581 0.11887743978697302 0.5018087400986225 -0.549949311710121 -0.3590381397292796 0.6377506007470236 0.0802826543812827
36 324 0 0 0 0.33474478045747785 0.08949729180977317 0.4866064790511529 -0.5534970362992135 -0.3686650141596392 0.6334681652808538 0.07365820149376792
36 324 0 0 0 0.21341630864462863 -0.051687284297713514 0.4870287494665545 -0.5533684276836148 -0.36865061255472453 0.6304747929131964 0.07374784408196038
37 333 0 0 0 0.29937928981936895 0.05117022868936386 0.4895554745785271 -0.5542941996977829 -0.362372538150957 0.618439269664819 0.07537625251505221
40 360 0 0 0 0.32681525072614603 0.1209189290033078 0.4984346878225373 -0.5443200529222658 -0.35996980847230153 0.6122472050291085 0.07403855788501214
37 333 0 0 0 0.32318651743091087 0.10041758482103592 0.4895554764411731 -0.5542941996977826 -0.36237253815095644 0.6184392696648259 0.07537625251505245
37 333 0 0 0 0.20210753062130105 -0.04066696089412978 0.4902017411705568 -0.5541584619787739 -0.3621563135243219 0.612288950726954 0.07551902234831964
38 342 0 0 0 0.2992050883348581 0.056873036968297624 0.4914608807810121 -0.5430194842314077 -0.3623623132518057 0.5747687693041671 0.07294188549538341
41 369 0 0 0 0.3181781126392051 0.11812891715920486 0.5050617383167255 -0.5572377609659502 -0.36195572277042637 0.670862610339472 0.07742439889318149
38 342 0 0 0 0.3230123159464 0.10612039309996966 0.491460882643658 -0.5430194842314078 -0.362362313251805 0.5747687693041723 0.07294188549538365
38 342 0 0 0 0.20191230716675138 -0.0349772389189849 0.4921022784162789 -0.5428931870199534 -0.3622010031669047 0.5677054817944445 0.07308309561516937
42 378 0 0 0 0.31818379306111777 0.11292168587003588 0.49789222560558594 -0.55344639219337 -0.3626202340437961 0.7699189550778859 0.07838886472322452
39 351 0 0 0 0.3149794283560445 0.044843372916164796 0.5018087354420093 -0.5499493117101261 -0.35903813972928084 0.6377506007470186 0.08028265438128236
39 351 0 0 0 0.33878665596758645 0.09409072904783705 0.5018087373046551 -0.5499493117101232 -0.3590381397292801 0.6377506007470306 0.08028265438128261
39 351 0 0 0 0.21721768902245667 -0.04405992098672029 0.5027600410319063 -0.5491535239039645 -0.35624141905267526 0.577140590549786 0.08137838005264651
43 387 0 0 0 0.32117161524705984 0.10613681801503244 0.4947181892291449 -0.5524815103997098 -0.35334870575003385 1.0082313074749585 0.07708928632972688
40 360 0 0 0 0.3419430883840745 0.09613221826417181 0.4984346850285701 -0.5443200529222691 -0.3599698084723026 0.6122472050291168 0.07403855788501207
40 360 0 0 0 0.3181358607725326 0.046884862132499545 0.49843468316592426 -0.5443200529222707 -0.3599698084723033 0.6122472050291063 0.07403855788501182
40 360 0 0 0 0.2205458976087353 -0.04232279845326321 0.4997429112291295 -0.5435816975512188 -0.35800712059562584 0.539195893348618 0.07510289790709346
41 369 0 0 0 0.33330595029713356 0.09334220642006887 0.5050617355227583 -0.5572377609659535 -0.36195572277042704 0.6708626103394787 0.0774243988931814
44 396 0 0 0 0.324229818035186 0.09169134471335987 0.4937967099569689 -0.5455509727859389 -0.35815456036923066 1.1312250544444633 0.08045779726745962
41 369 0 0 0 0.3094987226855916 0.04409485028839665 0.5050617336601124 -0.5572377609659552 -0.36195572277042753 0.6708626103394677 0.07742439889318116
41 369 0 0 0 0.21180226647559042 -0.04511609301530729 0.5057813878307734 -0.5564872130301561 -0.3592466513203992 0.6093097232970555 0.07842307729259942
42 378 0 0 0 0.3333116307190462 0.0881349751308999 0.4978922228116188 -0.553446392193373 -0.36262023404379645 0.7699189550778929 0.07838886472322443
42 378 0 0 0 0.3095044031075042 0.03888761899922766 0.49789222094897284 -0.5534463921933747 -0.36262023404379684 0.7699189550778804 0.0783888647232242
45 405 0 0 0 0.31874116367065747 0.10157934936000232 0.4847617005159184 -0.5578017315011434 -0.36525945604881255 1.1749909675905197 0.07843815900562488
42 378 0 0 0 0.21371845365623662 -0.051213050654475435 0.4976720728048024 -0.5524724078391814 -0.3617952798442851 0.7428437093025001 0.08199733571968647
43 387 0 0 0 0.3362994529049882 0.08135010727589648 0.4947181864351778 -0.5524815103997127 -0.35334870575003324 1.0082313074749665 0.0770892863297268
43 387 0 0 0 0.3124922252934462 0.03210275114422412 0.4947181845725318 -0.5524815103997139 -0.35334870575003363 1.0082313074749523 0.0770892863297266
46 414 0 0 0 0.32035860610536193 0.09893442144696286 0.47558218121060974 -0.5530019698401442 -0.36937018719616577 1.3270519591027048 0.07749894487865457
43 387 0 0 0 0.2200657535264055 -0.05188132883096861 0.5023642136033418 -0.5551179612184473 -0.35190584263871505 0.6978771308613634 0.08165420945678944
44 396 0 0 0 0.3393576556931143 0.06690463397422387 0.4937967071630018 -0.5455509727859407 -0.35815456036922916 1.1312250544444726 0.0804577972674596
44 396 0 0 0 0.31555042808157224 0.01765727784255146 0.49379670530035563 -0.5455509727859429 -0.3581545603692293 1.1312250544444544 0.08045779726745941
47 423 0 0 0 0.3186790891557106 0.09507913437341031 0.4701271477085309 -0.5508454823123713 -0.36977122034478527 1.4631950790491144 0.07398040369706442
44 396 0 0 0 0.22220643130056406 -0.049100163619371764 0.5088110723807165 -0.5492758808079544 -0.3586293106808151 0.58515922127553 0.0786725280962016
45 405 0 0 0 0.33386900132858577 0.07679263862086633 0.4847616977219514 -0.5578017315011456 -0.3652594560488115 1.174990967590529 0.07843815900562483
45 405 0 0 0 0.31006177371704374 0.027545282489193926 0.4847616958593053 -0.557801731501147 -0.3652594560488119 1.1749909675905137 0.07843815900562466
48 432 0 0 0 0.31394589667173417 0.09781056089385709 0.46858223426917445 -0.5491074658738052 -0.3648532678561141 1.6251528885102464 0.07367148312269657
45 405 0 0 0 0.22946982498566143 -0.05618168252422935 0.5127053265702659 -0.5529356348607791 -0.3591914321312931 0.5209404030382789 0.08328284989386309
46 414 0 0 0 0.3354864437632902 0.07414771070782687 0.47558217841664285 -0.5530019698401463 -0.36937018719616443 1.3270519591027155 0.07749894487865452
46 414 0 0 0 0.3116792161517482 0.02490035457615441 0.4755821765539968 -0.5530019698401474 -0.3693701871961649 1.3270519591026995 0.07749894487865439
46 414 0 0 0 0.23524040260098794 -0.05987925494346532 0.5065659380105153 -0.5485899907873681 -0.36334234139361604 0.41328606275561736 0.08477624525447032
49 441 0 0 0 0.31891247970609216 0.09105864645757174 0.47699830062012266 -0.5498276963751098 -0.3668088091340844 1.6160687511469616 0.0775377084970645
47 423 0 0 0 0.3338069268136389 0.07029242363427429 0.47012714491456414 -0.550845482312374 -0.3697712203447838 1.4631950790491262 0.07398040369706436
47 423 0 0 0 0.3099996992020969 0.02104506750260181 0.47012714305191805 -0.5508454823123738 -0.3697712203447841 1.4631950790491104 0.07398040369706425
47 423 0 0 0 0.2316808864520832 -0.061566639417981066 0.5019752549128315 -0.5518927026137593 -0.3599929625741446 0.5100576037726403 0.08264924521474112
50 450 0 0 0 0.3259812382117965 0.08432909733255861 0.482723739406943 -0.5500670597213041 -0.35903543019680473 1.4966458715880169 0.07874831244323567
48 432 0 0 0 0.32907373432966236 0.07302385015472107 0.4685822314752077 -0.549107465873808 -0.3648532678561122 1.6251528885102573 0.07367148312269647
48 432 0 0 0 0.3052665067181205 0.023776494023048583 0.4685822296125617 -0.5491074658738073 -0.36485326785611266 1.6251528885102426 0.0736714831226964
48 432 0 0 0 0.22844199069036533 -0.05961905240556431 0.5022563805557327 -0.5509889833285042 -0.36294627791748235 0.5737241553300148 0.08386832927185311
51 459 0 0 0 0.320260300389775 0.08556881156091943 0.4780857833518895 -0.5462088017683625 -0.35844818344000673 1.5539927972151382 0.07598503820329242
49 441 0 0 0 0.33404031736402034 0.06627193571843576 0.4769982978261558 -0.5498276963751113 -0.366808809134082 1.6160687511469736 0.07753770849706447
49 441 0 0 0 0.31023308975247843 0.017024579586763195 0.47699829596350984 -0.5498276963751122 -0.3668088091340823 1.616068751146956 0.07753770849706437
52 468 0 0 0 0.32265922878502684 0.09178239113441038 0.4866844546950186 -0.5513950291559099 -0.3607088937570173 1.4255456629789538 0.07476105837146238
49 441 0 0 0 0.2351464343367719 -0.06361390185049672 0.5070643058154276 -0.5512861340839199 -0.36389592263092113 0.5202916385930827 0.08441581937937223
50 450 0 0 0 0.3411090758697247 0.05954238659342263 0.4827237366129761 -0.5500670597213052 -0.3590354301968023 1.496645871588029 0.0787483124432357
50 450 0 0 0 0.3173018482581827 0.010295030461750032 0.4827237347503301 -0.5500670597213069 -0.3590354301968024 1.4966458715880098 0.07874831244323557
50 450 0 0 0 0.2393071277427454 -0.06448770033468959 0.5103284890804494 -0.5522448350781339 -0.3652850772916784 0.44049648028662824 0.0826063775751017
53 477 0 0 0 0.3202702235250641 0.09157255195854407 0.4795515020451237 -0.5516996837972674 -0.36217868982858714 1.4981845753357574 0.07552206556983562
51 459 0 0 0 0.3353881380477033 0.06078210082178343 0.4780857805579227 -0.5462088017683646 -0.3584481834400045 1.5539927972151495 0.07598503820329239
51 459 0 0 0 0.23448635797553902 -0.06578715513841736 0.5067076764902073 -0.5513598897408616 -0.3656865182660556 0.5498735140213068 0.08276561512935503
51 459 0 0 0 0.31158091043616126 0.011534744690110886 0.47808577869527663 -0.5462088017683651 -0.3584481834400045 1.553992797215132 0.07598503820329229
54 486 0 0 0 0.3156921359473808 0.08247234004023175 0.47844299035627585 -0.553536003625321 -0.361487992668657 1.6650866922790684 0.07739086436403661
52 468 0 0 0 0.22953155006757367 -0.06423594626543724 0.5079798904471112 -0.5530084281519786 -0.36534164724498813 0.6215652959463362 0.08025510173482428
52 468 0 0 0 0.33778706644295525 0.06699568039527438 0.48668445190105186 -0.5513950291559122 -0.3607088937570154 1.4255456629789653 0.07476105837146237
52 468 0 0 0 0.3139798388314132 0.017748324263601838 0.48668445003840594 -0.551395029155913 -0.3607088937570156 1.4255456629789487 0.07476105837146224
55 495 0 0 0 0.3185683553067933 0.08542431951949082 0.483843151490954 -0.5537274198136293 -0.3626400786926297 1.6582190418485414 0.07770650023960246
53 477 0 0 0 0.23186838102572743 -0.06602902580559764 0.5058036044520182 -0.552679780161079 -0.3641644491100679 0.5549299183071672 0.08244932941457296
53 477 0 0 0 0.33653380036811575 0.06472383324980896 0.4790206293360158 -0.5506850348418365 -0.36262599987295013 1.4957527277363079 0.07631056032073812
53 477 0 0 0 0.31159083357145045 0.01753848508773553 0.479551497388511 -0.5516996837972703 -0.36217868982858537 1.4981845753357523 0.07552206556983548
56 504 0 0 0 0.32452797898314545 0.08866736295664845 0.48820278460988187 -0.5519352422717541 -0.36368732050878905 1.6345327320637701 0.0736790013274096
54 486 0 0 0 0.23291036077970995 -0.07118641125992504 0.5111543317957897 -0.5532161125199195 -0.36646863445569794 0.638093427859985 0.08327530980549523
54 486 0 0 0 0.33132895614396835 0.056504135280629295 0.476896795591735 -0.5529371978394689 -0.3623982404524737 1.6467488350667454 0.07882509107271324
54 486 0 0 0 0.30701274599376704 0.008438273169423152 0.4784429856996631 -0.5535360036253234 -0.36148799266865417 1.6650866922790621 0.0773908643640365
57 513 0 0 0 0.3229997848485974 0.08669524850122255 0.4866547132016013 -0.5518375935831228 -0.3626008334221592 1.6970169063170992 0.07495614729877055
55 495 0 0 0 0.2370935224880574 -0.07004447163269963 0.5125541151246991 -0.5533981156382779 -0.36460897186949204 0.6280676914629437 0.0837766701624186
55 495 0 0 0 0.3341464588073178 0.059546905871173596 0.48226114488447064 -0.5532350650177825 -0.36346091727111357 1.640229317902133 0.07903875547192464
58 522 0 0 0 0.32373481707546903 0.08724918086417197 0.4901054138813303 -0.5519923265416931 -0.3645242183942478 1.717878024820224 0.07300945971519839
55 495 0 0 0 0.3098889653531795 0.0113902526486822 0.4838431468343414 -0.5537274198136318 -0.3626400786926269 1.6582190418485359 0.07770650023960236
56 504 0 0 0 0.24465727849497088 -0.07743349779176378 0.5183621003845371 -0.5540391476740534 -0.3626915023793593 0.6674415055632064 0.08352061415073163
56 504 0 0 0 0.3391960334678151 0.06311289058285961 0.4852520903370984 -0.551462940084971 -0.3639078932749472 1.6217084720309658 0.07492414169339155
59 531 0 0 0 0.322459211260794 0.08582136861514318 0.4864170691069695 -0.5521535695889024 -0.3644087989678543 1.7606613345420605 0.07363706866650928
56 504 0 0 0 0.31584858902953183 0.014633296085839784 0.48820277995326944 -0.5519352422717566 -0.3636873205087865 1.6345327320637664 0.07367900132740951
57 513 0 0 0 0.2419292954782536 -0.07306068948901143 0.5191881808967777 -0.5535084349084207 -0.3643796819497205 0.6819559612272837 0.081596969652279
60 540 0 0 0 0.32358602143532444 0.08530124057047471 0.4880888258226717 -0.5521019662247316 -0.36609393881193547 1.8504678643842452 0.07290958927687932
57 513 0 0 0 0.3427491578254923 0.06025393445375347 0.4861210523351119 -0.5528813214665438 -0.3644962349781187 1.5340009398358858 0.07497893838194908
57 513 0 0 0 0.3143203948949837 0.01266118163041386 0.48665470854498877 -0.5518375935831253 -0.36260083342215643 1.697016906317095 0.07495614729877048
58 522 0 0 0 0.2471269794155726 -0.07359681431916819 0.520910000117186 -0.5527010870814035 -0.3643540867220184 0.5784283772658523 0.08207167707520846
61 549 0 0 0 0.33415722832446154 0.08533238201111436 0.48477428862001415 -0.5546254389160237 -0.3641046684420902 1.7902029495871015 0.07264139905344813
58 522 0 0 0 0.34691344755411474 0.06096902674359826 0.4882128875862878 -0.5521688364978684 -0.36350073099307867 1.4464645095653934 0.07438760771512451
58 522 0 0 0 0.31505542712185525 0.013215113993363245 0.4901054092247179 -0.5519923265416955 -0.364524218394245 1.7178780248202206 0.07300945971519833
62 558 0 0 0 0.3370435619551516 0.08822212043259536 0.4888604243976889 -0.5495092999841854 -0.3639490170068016 1.6954742233085056 0.07039540459568935
59 531 0 0 0 0.24387068327204353 -0.07422078164855282 0.5237983342472933 -0.5531185108715689 -0.3638180227514325 0.646091961442526 0.08265442364373699
59 531 0 0 0 0.34528033145810266 0.05994034429419854 0.4846237371556017 -0.5522786846585812 -0.36341828307932866 1.4864797732185009 0.07519869200193346
59 531 0 0 0 0.3137798213071802 0.011787301744334441 0.48641706445035715 -0.5521535695889049 -0.3644087989678513 1.760661334542057 0.07363706866650922
63 567 0 0 0 0.34046142688697995 0.08714814871623974 0.48522983472120795 -0.553888375675675 -0.3627746237289152 1.8144062520386472 0.07167858855694914
60 540 0 0 0 0.240422948100469 -0.07736555142518535 0.5199827264679271 -0.5529116809516085 -0.36207336615916524 0.7780571516286556 0.08475244067866633
60 540 0 0 0 0.34719598927363077 0.06382565378758069 0.4815618418240029 -0.5531481839502114 -0.36221594625601833 1.477755588392155 0.07491403182573575
60 540 0 0 0 0.3149066314817106 0.011267173699665919 0.4880888211660594 -0.552101966224734 -0.3660939388119322 1.8504678643842418 0.0729095892768793
64 576 0 0 0 0.33969785766956995 0.09291520686982302 0.48749947727595955 -0.5508992167555552 -0.36324626607060534 1.7478791448212858 0.07104938994020177
61 549 0 0 0 0.24721698527649172 -0.07910890104531035 0.5164885743135091 -0.554600344069014 -0.3641908367008773 0.7730115587821469 0.08842335077008451
61 549 0 0 0 0.3254778383708477 0.011298315140305519 0.48477428396340183 -0.5546254389160262 -0.3641046684420872 1.7902029495870992 0.07264139905344814
61 549 0 0 0 0.3513013220844173 0.0679653751564988 0.4873335288676402 -0.552337536214631 -0.3662879228086106 1.3564554465506127 0.07245453780197604
65 585 0 0 0 0.3404688868911513 0.09255927820510079 0.48668452638118004 -0.5529181827775279 -0.3640475095133056 1.7554806188148586 0.07066365203412375
62 558 0 0 0 0.2519984414413241 -0.08080270735070318 0.5155072726463981 -0.5507523956507786 -0.36349240529743426 0.7840212810658967 0.09135675780860289
66 594 0 0 0 0.3369673021955747 0.08944403704000761 0.4946413451297075 -0.5521264915054405 -0.3644500513424565 1.7747965768646097 0.06965167152522425
62 558 0 0 0 0.32836417200153784 0.014188053561786516 0.4888604197410766 -0.5495092999841882 -0.363949017006799 1.6954742233085047 0.07039540459568938
62 558 0 0 0 0.35202740688130657 0.06908969665613118 0.48866397775423015 -0.5532876666566591 -0.36400416617366926 1.346118276108083 0.07162355056165373
63 567 0 0 0 0.24980074294199991 -0.07308588908478134 0.5078147526126173 -0.5524118991264931 -0.3671505446431525 0.821669370767669 0.09005183641739488
67 603 0 0 0 0.33637248348221566 0.08588802009479195 0.49109276110154915 -0.5533911439171055 -0.3648247117509841 1.898195761337001 0.07199598700985055
67 603 0 0 0 0.33637248348221566 0.08588802009479195 0.49109276110154915 -0.5533911439171055 -0.3648247117509841 1.898195761337001 0.07199598700985055
63 567 0 0 0 0.3317820369333661 0.013114081845430838 0.4852298300645957 -0.5538883756756777 -0.36277462372891234 1.8144062520386461 0.07167858855694918
63 567 0 0 0 0.3531711605129251 0.0671509757880093 0.49208981886056335 -0.5536043255805313 -0.3661360145950368 1.3911685980524817 0.07243233186931758
64 576 0 0 0 0.24767300996325736 -0.0737688915566249 0.5084545472485512 -0.5514924926372754 -0.3635990994657043 0.8320453605865339 0.08977367729026234
64 576 0 0 0 0.3310184677159561 0.01888113999901411 0.4874994726193473 -0.550899216755558 -0.36324626607060295 1.7478791448212854 0.07104938994020181
65 585 0 0 0 0.250852268377897 -0.07460693272107974 0.50342406404971 -0.5518966018597773 -0.36374634638064607 0.8880720879460151 0.0913874301920413
64 576 0 0 0 0.3543769415490154 0.06283687118786789 0.4972792964742212 -0.5524838420640971 -0.3647798037698264 1.4076963970268772 0.07432193832332433
66 594 0 0 0 0.24978064785246035 -0.07357123468730258 0.49064470403078025 -0.5527609016307973 -0.36222324103467796 0.9423576182227824 0.09025850554729169
65 585 0 0 0 0.3544880075317894 0.0638471996219069 0.49947127117024614 -0.5524155496695803 -0.3638732473405232 1.3667913088851036 0.07462273891535752
65 585 0 0 0 0.33178949693753745 0.01852521133429186 0.4866845217245679 -0.5529181827775306 -0.3640475095133032 1.7554806188148584 0.0706636520341238
67 603 0 0 0 0.25198492599602473 -0.0780674078065469 0.49412059640018 -0.5525050808385983 -0.36311610650210757 0.941104556171748 0.09466779242746602
67 603 0 0 0 0.25198492599602473 -0.0780674078065469 0.49412059640018 -0.5525050808385983 -0.36311610650210757 0.941104556171748 0.09466779242746602
66 594 0 0 0 0.35379881424571985 0.06435161623450816 0.5058177666309668 -0.5529720606308836 -0.3645239325347181 1.3956412853462858 0.07551783882165752
66 594 0 0 0 0.3282879122419609 0.015409970169198732 0.49464134047309527 -0.5521264915054431 -0.36445005134245373 1.774796576864609 0.06965167152522429
67 603 0 0 0 0.3556439174549309 0.06512696171178826 0.513796568615353 -0.5521001398887485 -0.3646355945857655 1.3376929298311475 0.07468711998755981
67 603 0 0 0 0.3556439174549309 0.06512696171178826 0.513796568615353 -0.5521001398887485 -0.3646355945857655 1.3376929298311475 0.07468711998755981
67 603 0 0 0 0.3276930935286018 0.011853953223983062 0.49109275644493694 -0.553391143917108 -0.3648247117509808 1.8981957613369989 0.07199598700985058
67 603 0 0 0 0.3276930935286018 0.011853953223983062 0.49109275644493694 -0.553391143917108 -0.3648247117509808 1.8981957613369989 0.07199598700985058
