% # columns="iter, evals, sigma, 0, fitness, xbest" seed=2567, Fri Aug 28 18:29:29 2026, <python>{}</python>
1 9 0.940977190652212 0 44.99326681314576 0.46280151675457026 0.10222248661028598 0.10596790697157764 -0.4095941834087019 -0.19535956063559926 0.68547248421146 0.059895911604224916
1 9 0.940977190652212 0 44.9932734844169 0.3412228233646777 -0.039053463165886676 0.10596790417760991 -0.4095941834087019 -0.19535956063559926 0.68547248421146 0.059895911604224916
2 18 1.1403966876785345 0 41.956774761115845 0.4012055241776516 0.04511188872553086 0.2655347664921343 -0.5012429444791464 -0.30103633480206793 1.3354322275676658 0.0543450100454065
2 18 1.140396687678535 0 41.956795708944384 0.30343405839930077 -0.046916704918968946 0.26553476556081174 -0.5012429444791469 -0.3010363348020671 1.3354322275676802 0.05434501004540658
2 18 1.1403966876785347 0 41.95679235554261 0.4098849141312649 0.1191459555963393 0.2655347711487472 -0.5012429444791465 -0.30103633480206765 1.33543222756767 0.05434501004540656
2 18 1.1403966876785345 0 41.95681190504549 0.42501275178919334 0.09435924485720348 0.26553476835477946 -0.5012429444791466 -0.30103633480206754 1.335432227567671 0.05434501004540658
3 27 1.2800398004380782 0 42.22852319715793 0.40620693449107187 0.04920730338434362 0.26154657800893766 -0.4975955937057645 -0.3088897972779131 0.1986656519267892 0.07866086674387414
3 27 1.2800398004380786 0 42.22853392676708 0.4148863244446851 0.12324137025515224 0.2615465826655506 -0.4975955937057633 -0.30888979727791305 0.19866565192679053 0.07866086674387414
3 27 1.2800398004380793 0 42.228534475054786 0.308435468712721 -0.04282129026015602 0.2615465770776149 -0.4975955937057651 -0.30888979727791266 0.19866565192678176 0.0786608667438741
3 27 1.2800398004380784 0 42.22855390613288 0.4300141621026135 0.09845465951601627 0.26154657987158275 -0.49759559370576173 -0.30888979727791266 0.19866565192680607 0.07866086674387417
4 36 1.4027438750181573 0 42.02824081140006 0.40345131867009276 -0.015406281347107621 0.2616720352427796 -0.4958570502326732 -0.30923411864603434 1.5386084159097266 0.07645181320518717
4 36 1.402743875018158 0 42.028263063866106 0.41213070862370615 0.05862778552370089 0.2616720398993928 -0.49585705023267207 -0.3092341186460338 1.5386084159097273 0.0764518132051871
4 36 1.4027438750181587 0 42.02823273392135 0.30567985289174215 -0.10743487499160732 0.2616720343114571 -0.4958570502326749 -0.3092341186460339 1.538608415909727 0.07645181320518715
4 36 1.402743875018158 0 42.02824464937356 0.42725854628163457 0.03384107478456476 0.26167203710542497 -0.4958570502326714 -0.3092341186460342 1.538608415909728 0.07645181320518711
5 45 1.4634365355213057 0 43.79720089243218 0.4011861521322549 0.01882651840084451 0.2575280636189592 -0.47745001733939557 -0.21481428380254564 0.5206839768875525 0.07794413580906166
5 45 1.4634365355213073 0 43.79722507261554 0.4098655420858682 0.09286058527165292 0.25752806827557134 -0.47745001733939896 -0.21481428380254597 0.5206839768875583 0.07794413580906168
5 45 1.4634365355213077 0 43.7972005801412 0.30341468635390406 -0.07320207524365549 0.25752806268763656 -0.4774500173393931 -0.21481428380254552 0.5206839768875605 0.07794413580906165
5 45 1.4634365355213073 0 43.797213770132046 0.42499337974379664 0.0680738745325168 0.2575280654816039 -0.47745001733940173 -0.21481428380254508 0.520683976887573 0.0779441358090617
6 54 1.4308075992636164 0 42.043463723232094 0.4189087683001572 0.0668583283763107 0.22233613298482363 -0.5016841167831663 -0.2874634753422333 1.0207003916465476 0.035054035944522284
6 54 1.4308075992636184 0 42.04346086726318 0.42758815825377144 0.1408923952471193 0.22233613764143684 -0.5016841167831663 -0.28746347534223754 1.0207003916465194 0.03505403594452264
6 54 1.4308075992636187 0 42.04350339976492 0.3211373025218075 -0.025170265268189072 0.22233613205350117 -0.5016841167831669 -0.28746347534223815 1.0207003916465522 0.0350540359445226
6 54 1.4308075992636184 0 42.04352146544905 0.4427159959116996 0.11610568450798357 0.2223361348474695 -0.501684116783165 -0.28746347534223554 1.020700391646529 0.035054035944522506
7 63 1.227517295724345 0 42.027458162005736 0.40230006727814116 0.06451751947585505 0.2614031986628649 -0.5013455135967511 -0.2912118016977758 1.4438334273148876 0.05289789170402136
7 63 1.2275172957243468 0 42.02746457570747 0.41097945723175433 0.1385515863466637 0.26140320331947803 -0.5013455135967512 -0.2912118016977744 1.4438334273149034 0.05289789170402136
7 63 1.227517295724347 0 42.02749181451027 0.3045286014997902 -0.02751107416864472 0.26140319773154247 -0.501345513596751 -0.29121180169777394 1.443833427314892 0.052897891704021455
7 63 1.227517295724347 0 42.02750777919747 0.4261072948896828 0.11376487560752788 0.2614032005255102 -0.5013455135967513 -0.2912118016977747 1.4438334273148945 0.05289789170402136
8 72 1.16806336972026 0 42.58605434503113 0.41358220615048163 0.06638793538266333 0.09190715250653059 -0.4619340996144173 -0.31305502236091315 1.5276886161061558 0.06104300888211774
8 72 1.1680633697202623 0 42.58604848547178 0.4222615961040953 0.14042200225347193 0.09190715716314346 -0.4619340996144176 -0.31305502236091265 1.5276886161061523 0.061043008882117875
9 81 1.0575439740009096 0 44.326938617311065 0.40114396275696595 0.03158280323648828 0.15136702401270496 -0.4244010049892877 -0.23380129864926286 -0.14062465819436798 0.07824493642435633
8 72 1.1680633697202623 0 42.58617497233324 0.315810740372131 -0.025640658261836452 0.09190715157520779 -0.46193409961441767 -0.31305502236091265 1.527688616106158 0.06104300888211798
8 72 1.1680633697202627 0 42.58615849404646 0.43738943376202377 0.11563529151433617 0.09190715436917596 -0.461934099614415 -0.3130550223609128 1.5276886161061567 0.061043008882117875
9 81 1.057543974000912 0 44.32695545869914 0.40982335271057924 0.10561687010729676 0.1513670286693169 -0.42440100498929223 -0.2338012986492623 -0.14062465819435577 0.07824493642435644
9 81 1.0575439740009125 0 44.3269550467589 0.4249511903685077 0.08083015936816063 0.1513670258753494 -0.42440100498929534 -0.2338012986492644 -0.14062465819434733 0.07824493642435647
9 81 1.0575439740009118 0 44.3269617336167 0.3033724969786151 -0.06044579040801162 0.15136702308138245 -0.42440100498928757 -0.2338012986492639 -0.1406246581943611 0.0782449364243564
10 90 1.0185093567113166 0 42.3696203292783 0.43755915737802226 0.06266820168348236 0.21374484534206614 -0.4909796285387246 -0.2808304641078786 1.0307388403421192 0.058080371537370695
10 90 1.0185093567113188 0 42.36961341752262 0.446238547331636 0.1367022685542909 0.21374484999867918 -0.4909796285387242 -0.2808304641078762 1.0307388403421258 0.05808037153737089
10 90 1.0185093567113195 0 42.36968534909718 0.46136638498956467 0.111915557815155 0.2137448472047118 -0.4909796285387208 -0.2808304641078762 1.0307388403421267 0.05808037153737064
10 90 1.0185093567113193 0 42.36967431266216 0.33978769159967165 -0.02936039196101766 0.21374484441074212 -0.49097962853872523 -0.2808304641078752 1.030738840342104 0.05808037153737104
11 99 1.003896963133257 0 42.35022455737118 0.42821127823303473 0.02411524743280518 0.16656303189588456 -0.47324181495954765 -0.31260285262134274 0.47594920107866534 0.05967719837369788
11 99 1.0038969631332588 0 42.35024065209411 0.4368906681866482 0.09814931430361332 0.16656303655249793 -0.4732418149595442 -0.31260285262134246 0.4759492010786647 0.059677198373698254
12 108 0.9698129948321937 0 41.70054998056194 0.43729078872491345 0.06650111263718067 0.165141009347004 -0.5016634765842996 -0.3138338620207298 1.054366681349015 0.058981334844938865
11 99 1.0038969631332595 0 42.350245931709615 0.3304398124546839 -0.06791334621169559 0.16656303096456032 -0.47324181495954604 -0.3126028526213423 0.47594920107868355 0.05967719837369819
11 99 1.0038969631332595 0 42.35025098039399 0.4520185058445763 0.07336260356447685 0.16656303375852877 -0.4732418149595524 -0.3126028526213427 0.47594920107866623 0.05967719837369796
12 108 0.9698129948321951 0 41.700545829804945 0.4459701786785273 0.14053517950798924 0.1651410140036168 -0.5016634765842998 -0.3138338620207295 1.0543666813490056 0.05898133484493928
13 117 0.9270647800751467 0 42.12092802396068 0.43301902186625846 0.06686663866288278 0.13623606904283747 -0.500367883919303 -0.28351988405046147 0.6669007579117764 0.03890598254728779
12 108 0.9698129948321959 0 41.700647028946975 0.46109801633645575 0.11574846876885345 0.1651410112096489 -0.5016634765842987 -0.3138338620207297 1.0543666813490056 0.05898133484493899
12 108 0.9698129948321962 0 41.700646285518225 0.3395193229465633 -0.02552748100731918 0.16514100841568014 -0.5016634765843 -0.3138338620207295 1.0543666813490273 0.05898133484493924
13 117 0.927064780075148 0 42.12092396242414 0.4416984118198728 0.14090070553369138 0.13623607369945095 -0.5003678839193034 -0.2835198840504567 0.6669007579117563 0.03890598254728837
14 126 0.8995488288194536 0 41.90189945139291 0.41595807662161655 0.06367903764834591 0.06553324579692454 -0.5024857273394367 -0.3077580279333809 -0.31980141341094037 0.05470908211154846
13 117 0.9270647800751488 0 42.121028089023135 0.4568262494778006 0.11611399479455563 0.13623607090548223 -0.5003678839193004 -0.28351988405046 0.6669007579117571 0.03890598254728804
13 117 0.9270647800751491 0 42.12102219279729 0.33524755608790857 -0.025161954981617014 0.1362360681115135 -0.5003678839193042 -0.2835198840504569 0.666900757911786 0.03890598254728827
14 126 0.899548828819455 0 41.90191036799214 0.4246374665752304 0.1377131045191544 0.06553325045353775 -0.5024857273394371 -0.307758027933383 -0.31980141341095614 0.05470908211154899
15 135 0.8157890821845064 0 41.75174762806612 0.45199871131615066 0.0458493976094372 0.18203319520499184 -0.5018834261815784 -0.30965260184963805 0.2227238422097918 0.05913147620999941
14 126 0.8995488288194556 0 41.90196902175774 0.43976530423315824 0.11292639378001854 0.0655332476595688 -0.5024857273394365 -0.307758027933381 -0.31980141341094337 0.05470908211154889
15 135 0.8157890821845072 0 41.751763970745216 0.4606781012697642 0.1198834644802453 0.18203319986160532 -0.5018834261815791 -0.3096526018496371 0.2227238422097903 0.05913147621000002
14 126 0.8995488288194561 0 41.90199351503121 0.3181866108432661 -0.02834955599615404 0.06553324486560119 -0.5024857273394371 -0.3077580279333821 -0.31980141341093127 0.05470908211154882
16 144 0.7354967205723852 0 42.00927432150301 0.4231390866355771 0.062001086064817384 0.16981529093892905 -0.4928857185653532 -0.3056720454407035 0.014839604357354708 0.04617585011545915
15 135 0.8157890821845079 0 41.751815668764245 0.4758059389276921 0.09509675374110896 0.18203319706763604 -0.5018834261815774 -0.30965260184963844 0.2227238422097844 0.059131476209999576
17 153 0.7156164036751645 0 41.709321751759454 0.4611717773467775 0.06117137145737447 0.0885413129962489 -0.5010713388268458 -0.31409149251148455 0.7474087181939777 0.04366058633643998
16 144 0.735496720572386 0 42.00927451841015 0.431818476589191 0.13603515293562582 0.16981529559554243 -0.49288571856535124 -0.3056720454407011 0.014839604357340275 0.04617585011545983
15 135 0.8157890821845083 0 41.751801408140416 0.35422724553780016 -0.04617919603506353 0.18203319427366754 -0.5018834261815791 -0.30965260184963705 0.2227238422098115 0.05913147620999981
18 162 0.68606750016212 0 41.77498870959735 0.4546643643070225 0.059495072589444295 0.09291917403453454 -0.4982377380362665 -0.31402272227950895 1.1358775557402745 0.05778272852097966
17 153 0.7156164036751652 0 41.70931688757683 0.46985116730039167 0.13520543832818285 0.08854131765286255 -0.5010713388268464 -0.3140914925114847 0.7474087181939628 0.04366058633644065
16 144 0.7354967205723869 0 42.009334807864775 0.4469463142471189 0.11124844219648988 0.16981529280157337 -0.492885718565357 -0.30567204544070337 0.014839604357341607 0.04617585011545942
16 144 0.735496720572387 0 42.0093196503724 0.32536762085722687 -0.030027507579682713 0.16981529000760526 -0.4928857185653506 -0.3056720454407016 0.014839604357365921 0.04617585011545958
19 171 0.6485368146589023 0 41.91768423368774 0.40965006341146876 0.06277082822599708 0.07820659150107101 -0.5013723617349072 -0.30258692681118826 -0.15273278142077906 0.06556637126202133
18 162 0.6860675001621206 0 41.77498176765096 0.4633437542606362 0.1335291394602527 0.09291917869114785 -0.49823773803626564 -0.3140227222795088 1.1358775557402687 0.05778272852098007
20 180 0.6038656896428437 0 41.93542203851524 0.4267576780559028 0.0638576803946048 0.12098344666212235 -0.49366676605170523 -0.309830097619321 0.5553714917878954 0.04418602012938957
17 153 0.7156164036751664 0 41.730410101678665 0.4849790049583193 0.11041872758904689 0.08854131485889294 -0.5010713388268436 -0.31409149251148455 0.7474087181939648 0.04366058633644018
17 153 0.7156164036751662 0 41.7094459949677 0.36340031156842734 -0.030857222187125714 0.08854131206492433 -0.5010713388268467 -0.3140914925114847 0.7474087181939939 0.04366058633644056
19 171 0.6485368146589027 0 41.91770168903475 0.41832945336508226 0.1368048950968056 0.07820659615768388 -0.5013723617349062 -0.3025869268111908 -0.15273278142078783 0.06556637126202161
21 189 0.5652188821780618 0 41.82303906839669 0.432983368399557 0.06688141654288694 0.09173183416822894 -0.49953185410936746 -0.3082496995650054 0.0520697555125518 0.0462360028301435
20 180 0.603865689642844 0 41.93542278667081 0.4354370680095171 0.13789174726541348 0.12098345131873567 -0.49366676605170656 -0.3098300976193233 0.5553714917878707 0.044186020129390165
18 162 0.6860675001621218 0 41.78780316015861 0.4784715919185645 0.10874242872111671 0.09291917589717913 -0.4982377380362689 -0.3140227222795089 1.1358775557402687 0.05778272852097975
18 162 0.6860675001621217 0 41.77512317124667 0.3568928985286718 -0.03253352105505591 0.09291917310321018 -0.49823773803626553 -0.3140227222795087 1.135877555740292 0.057782728520980105
22 198 0.5627067554384215 0 41.76771940953208 0.43798051403275196 0.06687474625454425 0.08748265884590911 -0.5003668713703411 -0.31097888061505996 -0.00538454494732403 0.05100900170567843
21 189 0.5652188821780622 0 41.82304804400607 0.4416627583531712 0.14091548341369556 0.09173183882484248 -0.49953185410936873 -0.3082496995650078 0.052069755512531235 0.046236002830144146
19 171 0.648536814658904 0 41.917749948957955 0.4334572910230105 0.11201818435766973 0.07820659336371583 -0.501372361734907 -0.3025869268111887 -0.15273278142077795 0.0655663712620216
19 171 0.6485368146589039 0 41.91777768251911 0.3118785976331181 -0.029257765418502855 0.0782065905697481 -0.5013723617349066 -0.3025869268111893 -0.15273278142077096 0.06556637126202151
23 207 0.5428242331131021 0 41.75284958783035 0.4116534683279304 0.06688206633193317 0.1175433855991811 -0.49944050266894613 -0.3136736636415526 -0.5508044727636346 0.050412948678536844
22 198 0.5627067554384217 0 41.767728878008406 0.44665990398636607 0.14090881312535286 0.08748266350252243 -0.50036687137034 -0.3109788806150582 -0.005384544947339379 0.05100900170567908
20 180 0.6038656896428453 0 41.93551443660506 0.4505649056674452 0.11310503652627783 0.12098344852476728 -0.4936667660517019 -0.30983009761932173 0.5553714917878746 0.04418602012938992
23 207 0.5428242331131025 0 41.75286890169881 0.42033285828154415 0.14091613320274177 0.11754339025579452 -0.4994405026689445 -0.31367366364155175 -0.550804472763651 0.05041294867853745
24 216 0.5559295065282636 0 41.68675731232138 0.4059362864515782 0.06674517155926721 0.08125944524997464 -0.5025487509620468 -0.3141128083557015 -0.6311891348449147 0.05114084928149776
20 180 0.6038656896428456 0 41.935516294889226 0.3289862122775531 -0.028170913249894822 0.12098344573079911 -0.4936667660517077 -0.3098300976193227 0.5553714917879007 0.044186020129390005
21 189 0.5652188821780633 0 41.82313262050771 0.456790596011099 0.1161287726745598 0.09173183603087331 -0.49953185410936546 -0.3082496995650058 0.05206975551253509 0.046236002830143855
24 216 0.5559295065282639 0 41.68677018889275 0.4146156764051918 0.14077923843007578 0.08125944990658818 -0.5025487509620464 -0.31411280835570177 -0.6311891348449322 0.05114084928149826
25 225 0.5369590117770535 0 41.76761558161931 0.40958099104078743 0.06526983274958678 0.11872958186232263 -0.4996003601077792 -0.3123065677448723 0.28583998620335116 0.041290527431562196
21 189 0.5652188821780638 0 41.823135006045746 0.33521190262120715 -0.025147177101612832 0.09173183323690537 -0.499531854109369 -0.30824969956500714 0.05206975551256052 0.04623600283014393
25 225 0.536959011777054 0 41.767626386493376 0.4182603809944012 0.1393038996203953 0.11872958651893628 -0.4996003601077783 -0.31230656774487103 0.2858399862033325 0.041290527431562626
22 198 0.5627067554384229 0 41.76781240718303 0.4617877416442941 0.11612210238621712 0.08748266070855348 -0.5003668713703427 -0.3109788806150596 -0.005384544947341113 0.051009001705678736
22 198 0.5627067554384234 0 41.76780648536038 0.340209048254402 -0.025153847389955523 0.08748265791458532 -0.5003668713703396 -0.31097888061505874 -0.005384544947313746 0.051009001705678916
26 234 0.5601250477960896 0 41.680819550918294 0.4049237986921346 0.05436091269082887 0.13760603315608444 -0.5024678758506226 -0.31390058475170246 -0.1753412900918449 0.05202102832225694
26 234 0.5601250477960903 0 41.68083218448427 0.4136031886457481 0.12839497956163723 0.13760603781269798 -0.5024678758506229 -0.313900584751702 -0.17534129009185617 0.05202102832225738
23 207 0.5428242331131033 0 41.752921570089754 0.4354606959394723 0.11612942246360602 0.11754338746182591 -0.49944050266894724 -0.31367366364155247 -0.5508044727636483 0.05041294867853721
23 207 0.5428242331131037 0 41.752952419242796 0.31388200254958015 -0.025146527312566617 0.11754338466785841 -0.49944050266894446 -0.31367366364155214 -0.5508044727636285 0.05041294867853717
27 243 0.5189204561683981 0 41.684048016237924 0.4226020291449508 0.12805303156404282 0.133982439945878 -0.5026544100645107 -0.3133355897111847 -0.022324766591080653 0.05970047137630895
24 216 0.5559295065282644 0 41.68681640473965 0.42974351406312006 0.11599252769094003 0.08125944711261945 -0.5025487509620469 -0.31411280835570154 -0.6311891348449247 0.05114084928149819
27 243 0.5189204561683972 0 41.68403987380368 0.4139226391913373 0.05401896469323448 0.1339824352892648 -0.5026544100645106 -0.3133355897111841 -0.02232476659107402 0.05970047137630852
24 216 0.5559295065282647 0 41.686850178231936 0.30816482067322776 -0.0252834220852326 0.08125944431865217 -0.5025487509620465 -0.3141128083557016 -0.6311891348449107 0.05114084928149804
25 225 0.5369590117770544 0 41.76768609235843 0.43338821865232935 0.11451718888125953 0.11872958372496745 -0.49960036010778097 -0.312306567744872 0.2858399862033393 0.04129052743156245
28 252 0.5019721831755403 0 41.69479964248068 0.4295211750336393 0.13128647907255608 0.09841180030462993 -0.502583306359241 -0.3126233781439316 -0.14896508462986052 0.0594515285695728
28 252 0.5019721831755392 0 41.69478201468748 0.4208417850800257 0.057252412201747774 0.09841179564801683 -0.5025833063592408 -0.3126233781439325 -0.14896508462985306 0.05945152856957231
25 225 0.5369590117770546 0 41.767707956457215 0.31180952526243705 -0.02675876089491308 0.11872958093099961 -0.4996003601077782 -0.31230656774487137 0.28583998620335715 0.041290527431562474
29 261 0.5350255024844365 0 41.725296264055814 0.4171256245322295 0.10350011911990072 0.15857130596952657 -0.5006530469862255 -0.31369273905176964 0.29227657881239266 0.06229131557059678
26 234 0.5601250477960906 0 41.680867152854994 0.42873102630367627 0.10360826882250136 0.13760603501872903 -0.5024678758506224 -0.3139005847517024 -0.1753412900918464 0.05202102832225727
26 234 0.560125047796091 0 41.68087930432437 0.30715233291378397 -0.037667680953671186 0.1376060322247618 -0.5024678758506227 -0.3139005847517022 -0.17534129009183563 0.05202102832225715
29 261 0.5350255024844353 0 41.72527973447487 0.4084462345786162 0.02946605224909247 0.15857130131291358 -0.5006530469862245 -0.3136927390517694 0.29227657881239405 0.06229131557059647
27 243 0.5189204561683982 0 41.68409564818455 0.43772986680287895 0.10326632082490687 0.13398243715190927 -0.5026544100645106 -0.31333558971118414 -0.022324766591074283 0.05970047137630878
30 270 0.5520524585975238 0 41.889941126777444 0.40982319711974413 0.08885907066620231 0.13936762480506332 -0.49946293994620933 -0.3141573350694605 0.03896362757253252 0.06303159522843634
27 243 0.5189204561683987 0 41.68410189471536 0.3161511734129867 -0.038009628951265695 0.13398243435794166 -0.5026544100645106 -0.31333558971118447 -0.02232476659106082 0.05970047137630876
31 279 0.5530839704948695 0 41.936400155840865 0.41205224955287145 0.11172908305752308 0.1866149085237157 -0.49306382932984716 -0.3108466451268875 0.4462962260977284 0.061860625535197875
28 252 0.5019721831755403 0 41.69485446719259 0.44464901269156726 0.10649976833342015 0.09841179751066109 -0.5025833063592406 -0.31262337814393243 -0.14896508462985683 0.05945152856957259
30 270 0.552052458597522 0 41.8899076031791 0.40114380716613085 0.014825003795394122 0.13936762014845033 -0.49946293994621077 -0.3141573350694604 0.03896362757253263 0.06303159522843617
28 252 0.5019721831755407 0 41.69487036905672 0.3230703193016752 -0.034776181442752414 0.09841179471669337 -0.502583306359241 -0.31262337814393193 -0.14896508462984034 0.05945152856957261
32 288 0.5167993325822237 0 41.77488309587979 0.41269776309301975 0.12433962040943837 0.11203567129202907 -0.5014099454157944 -0.3086707492587396 0.19446594877130516 0.0620239232361532
29 261 0.5350255024844366 0 41.7253000297741 0.4322534621901577 0.07871340838076468 0.1585713031755579 -0.500653046986224 -0.3136927390517694 0.2922765788124023 0.062291315570596674
29 261 0.5350255024844369 0 41.72529887099715 0.3106747688002654 -0.0625625413954079 0.15857130038159034 -0.5006530469862247 -0.31369273905176964 0.29227657881241015 0.06229131557059661
31 279 0.5530839704948679 0 41.93638263212492 0.4033728595992581 0.037695016186714767 0.18661490386710283 -0.4930638293298453 -0.3108466451268882 0.44629622609772923 0.06186062553519761
33 297 0.47306085415864363 0 41.740852726155744 0.41714637435535307 0.10270650921889565 0.16217039452159415 -0.5014450826700615 -0.311200507711102 0.4361125488412592 0.06953351277405774
30 270 0.5520524585975235 0 41.889907094341254 0.4249510347776726 0.06407235992706659 0.13936762201109482 -0.4994629399462104 -0.3141573350694604 0.03896362757254951 0.06303159522843636
30 270 0.5520524585975239 0 41.88991649685733 0.30337234138778 -0.07720358984910604 0.13936761921712776 -0.4994629399462108 -0.3141573350694605 0.03896362757254668 0.06303159522843621
34 306 0.41238482529298404 0 41.676135163324886 0.41936514265538694 0.11106372555744043 0.1599210430981668 -0.5025454857327963 -0.314130272703224 0.6166084851139751 0.06197131155830754
31 279 0.5530839704948689 0 41.936412722448864 0.4271800872107998 0.08694237231838724 0.18661490572974743 -0.49306382932984494 -0.31084664512688803 0.446296226097738 0.06186062553519782
32 288 0.5167993325822221 0 41.774870385973195 0.40401837313940636 0.050305553538629935 0.11203566663541642 -0.5014099454157953 -0.3086707492587382 0.1944659487713113 0.06202392323615297
31 279 0.5530839704948695 0 41.936406356282376 0.30560139382090734 -0.05433357745778537 0.18661490293578004 -0.4930638293298458 -0.3108466451268876 0.4462962260977428 0.061860625535197736
35 315 0.3754767816769667 0 41.7065349494595 0.41856354123006556 0.11779387619717217 0.12119529412726937 -0.5011748212546958 -0.31415878634884503 0.2719844506564146 0.059685386111720536
32 288 0.5167993325822231 0 41.774919026285566 0.4278256007509481 0.09955290967030253 0.11203566849806101 -0.5014099454157952 -0.3086707492587385 0.19446594877131798 0.0620239232361532
33 297 0.47306085415864224 0 41.740832235963786 0.4084669844017399 0.02867244234808737 0.16217038986498167 -0.5014450826700624 -0.3112005077111017 0.4361125488412549 0.06953351277405752
32 288 0.5167993325822238 0 41.77493820577358 0.3062469073610556 -0.041723040105870086 0.11203566570409362 -0.501409945415795 -0.30867074925873894 0.19446594877132237 0.062023923236153106
36 324 0.38548911628227306 0 41.696540192954714 0.41477948007451265 0.09963816604504061 0.13680162799304407 -0.5023201337412727 -0.31297545257663545 0.9209572259315078 0.0709824528727653
33 297 0.4730608541586433 0 41.74085504895776 0.43227421201328153 0.0779197984797596 0.16217039172762598 -0.5014450826700622 -0.3112005077111017 0.4361125488412676 0.06953351277405764
34 306 0.41238482529298276 0 41.67611365388752 0.41068575270177365 0.03702965868663208 0.1599210384415538 -0.5025454857327964 -0.314130272703224 0.6166084851139761 0.06197131155830726
33 297 0.4730608541586438 0 41.74085787491879 0.310695518623389 -0.063356151296413 0.16217038893365843 -0.5014450826700622 -0.31120050771110197 0.4361125488412726 0.06953351277405763
37 333 0.3963325129212552 0 41.6730983450622 0.4229311876715629 0.11916998644389913 0.1450194347234522 -0.5026521159477407 -0.31415912832177906 0.7733616009750457 0.06779229158082326
34 306 0.4123848252929837 0 41.676152293609526 0.4344929803133153 0.08627701481830441 0.15992104030419818 -0.5025454857327966 -0.314130272703224 0.6166084851139827 0.0619713115583074
35 315 0.37547678167696563 0 41.70652518609512 0.40988415127645217 0.043759809326363835 0.12119528947065639 -0.5011748212546949 -0.31415878634884503 0.27198445065641996 0.05968538611172021
34 306 0.4123848252929841 0 41.67615588119254 0.3129142869234228 -0.054998934957868194 0.1599210375102305 -0.5025454857327964 -0.3141302727032241 0.6166084851139922 0.061971311558307415
38 342 0.3687518778712532 0 41.674976692954196 0.4310228081410889 0.13317786371934634 0.13884362498059227 -0.502639550117108 -0.3140374001267964 0.6482584203485671 0.06412954870206433
35 315 0.375476781676966 0 41.70656911318623 0.4336913788879938 0.09300716545803621 0.12119529133330065 -0.5011748212546945 -0.31415878634884503 0.2719844506564238 0.059685386111720445
35 315 0.37547678167696663 0 41.70658179485943 0.31211268549810145 -0.04826878431813636 0.12119528853933315 -0.5011748212546953 -0.31415878634884503 0.271984450656433 0.059685386111720404
36 324 0.385489116282272 0 41.69651265258424 0.4061000901208995 0.02560409917423235 0.13680162333643175 -0.5023201337412729 -0.3129754525766356 0.9209572259315005 0.07098245287276518
39 351 0.39229293503890234 0 41.673872980082315 0.4151455674750417 0.10975676271226048 0.12678459527169295 -0.5026334041318122 -0.3141130782488005 0.7522725892613622 0.07119967888829123
36 324 0.3854891162822727 0 41.69654646738897 0.4299073177324412 0.07485145530590478 0.13680162519907607 -0.5023201337412728 -0.31297545257663545 0.9209572259315157 0.07098245287276525
36 324 0.38569738186115726 0 41.69696683728943 0.30824421567014776 -0.06632858847867724 0.13588157282795726 -0.5022982214847561 -0.3129817189985548 0.9165957193804111 0.07105462104305801
37 333 0.3963325129212541 0 41.67307787865166 0.41425179771794973 0.04513591957309079 0.1450194300668397 -0.5026521159477406 -0.31415912832177906 0.7733616009750433 0.06779229158082302
40 360 0.35457607153793624 0 41.67784095850239 0.4178938024098904 0.1150273647640075 0.13403751794261126 -0.5024759385833237 -0.31409621841672025 0.9666720569156393 0.06777519112240406
37 333 0.39633251292125504 0 41.67313254422807 0.43805902532949137 0.09438327570476318 0.14501943192948397 -0.5026521159477406 -0.31415912832177906 0.7733616009750501 0.06779229158082314
37 333 0.39671114508863614 0 41.67312857514487 0.3163302120062149 -0.04668492153129846 0.14419784113133105 -0.5026525387123378 -0.314158794214496 0.7684424544239297 0.06792896506049281
38 342 0.3687518778712521 0 41.67496475791392 0.4223434181874755 0.059143796848537905 0.1388436203239795 -0.5026395501171079 -0.31403740012679654 0.6482584203485692 0.06412954870206397
41 369 0.3248178884394581 0 41.68263743853635 0.4161409464399757 0.11539187437775936 0.11274889662385212 -0.5022202239903004 -0.31415182470097464 0.5802501047071239 0.07321926271934269
38 342 0.3687518778712531 0 41.67504159155937 0.44615064579901736 0.1083911529802104 0.13884362218662388 -0.5026395501171079 -0.3140374001267965 0.6482584203485676 0.06412954870206414
38 342 0.36912977595163177 0 41.67529394250889 0.3242691149056613 -0.03273579738171269 0.13792150196777608 -0.5026388222776709 -0.31401958047570966 0.639684840454189 0.06430628723245835
42 378 0.2846647502382832 0 41.67358693239077 0.41983313127521366 0.11234605875618764 0.13311278818168376 -0.5026401527932594 -0.3141277659114658 0.765822714684722 0.06746561136746522
39 351 0.3922929350389018 0 41.67385667064295 0.40646617752142855 0.03572269584145214 0.1267845906150804 -0.5026334041318121 -0.3141130782488006 0.7522725892613569 0.0711996788882911
39 351 0.3922929350389028 0 41.67389794546125 0.4302734051329702 0.0849700519731246 0.1267845924777249 -0.5026334041318122 -0.3141130782488005 0.7522725892613711 0.0711996788882912
39 351 0.39563119892085463 0 41.6746926524169 0.30931520597069684 -0.04547204666613461 0.1250503601383538 -0.5025989135365626 -0.3141171895636154 0.5042729305992557 0.07355723004860719
43 387 0.29525887391416494 0 41.687070036549066 0.4119982588491794 0.10641365792261434 0.12544497555203238 -0.5024638297264429 -0.31342425524406986 0.9327165392780221 0.06883744437586652
40 360 0.3545760715379367 0 41.677877796669 0.4330216400678189 0.0902406540248716 0.13403751514864293 -0.502475938583324 -0.31409621841672025 0.9666720569156473 0.06777519112240399
40 360 0.35457607153793597 0 41.677823458341855 0.4092144124562772 0.04099329789319908 0.1340375132859985 -0.502475938583324 -0.31409621841672025 0.9666720569156368 0.06777519112240388
40 360 0.35451499500955347 0 41.68164892154743 0.3112114102883298 -0.04955556611001624 0.13357009133935843 -0.5024044296892318 -0.31393953362430177 0.9009162553033037 0.06821558681474228
41 369 0.32481788843945864 0 41.68267158584149 0.4312687840979042 0.09060516363862346 0.11274889382988418 -0.5022202239903003 -0.31415182470097464 0.5802501047071309 0.07321926271934268
44 396 0.3164069862868964 0 41.674046569686155 0.4190080174341886 0.09652230505719685 0.13377293258786416 -0.5026135801338963 -0.31413797513638103 1.2659727149058129 0.07141183854451819
41 369 0.324817888439458 0 41.68262807674147 0.40746155648636256 0.04135780750695102 0.1127488919672397 -0.5022202239902999 -0.31415182470097464 0.5802501047071175 0.07321926271934256
41 369 0.3231805061441328 0 41.68170874495978 0.3097759498405118 -0.0482308379700484 0.1118171485476056 -0.5022965004474123 -0.3140953357482583 0.529439441391159 0.07368562566161027
42 378 0.2846647502382838 0 41.673614416883744 0.43496096893314207 0.08755934801705167 0.13311278538771532 -0.5026401527932592 -0.3141277659114658 0.765822714684729 0.06746561136746515
42 378 0.284664750238283 0 41.673567092907234 0.41115374132160043 0.038311991885379294 0.133112783525071 -0.5026401527932592 -0.3141277659114658 0.7658227146847189 0.06746561136746501
45 405 0.30763900941307387 0 41.67380862791828 0.41547109100367763 0.11132241183472182 0.16954739950937647 -0.5026453889156198 -0.31414995526111267 1.0552204003046612 0.06641858282062443
42 378 0.2964497424661492 0 41.6737076904661 0.30995675418767854 -0.0548338959426669 0.13629108405630946 -0.5026541784278443 -0.3141047030753404 0.8716991189608757 0.07423376311286699
43 387 0.2952588739141657 0 41.687093077500826 0.42712609650710787 0.08162694718347852 0.1254449727580641 -0.502463829726443 -0.31342425524406975 0.9327165392780334 0.06883744437586653
43 387 0.29525887391416494 0 41.687051295014356 0.4033188688955662 0.03237959105180588 0.12544497089541962 -0.5024638297264431 -0.31342425524406986 0.9327165392780175 0.06883744437586642
46 414 0.30879392910305725 0 41.67687905226812 0.4222818141262146 0.09300064370277694 0.1691031452581926 -0.5026471564429649 -0.3139137468873976 1.5222367550724913 0.06951219412866608
43 387 0.26755361786741505 0 41.687981837295574 0.3093577712574874 -0.048010388042466934 0.12868029557849636 -0.5024917612426503 -0.313317790071002 0.4785827500631681 0.07125606318085055
44 396 0.31640698628689734 0 41.67406143040076 0.4341358550921172 0.07173559431806087 0.13377292979389577 -0.5026135801338963 -0.314137975136381 1.2659727149058213 0.07141183854451814
44 396 0.31640698628689645 0 41.67401909502915 0.4103286274805755 0.022488238186388426 0.13377292793125156 -0.5026135801338965 -0.314137975136381 1.2659727149058047 0.07141183854451807
47 423 0.3136378844993389 0 41.680112009057645 0.420566950698095 0.10311770329075948 0.14801691859424593 -0.502649210635764 -0.3136483600919598 1.4073566679272143 0.06497819643510795
44 396 0.23738642098577184 0 41.67389205468241 0.31025039579959574 -0.04786227934246051 0.11219979800732716 -0.502616567713917 -0.31413086390315187 0.4974262362243028 0.06928869956990187
45 405 0.30763900941307465 0 41.67382578114671 0.4305989286616061 0.08653570109558589 0.16954739671540808 -0.5026453889156198 -0.31414995526111267 1.0552204003046728 0.06641858282062438
45 405 0.30763900941307387 0 41.67378175973744 0.4067917010500644 0.03728834496391337 0.16954739485276366 -0.5026453889156198 -0.31414995526111267 1.0552204003046612 0.06641858282062427
48 432 0.309564078539403 0 41.678787577498866 0.42126368386825824 0.10462246445076293 0.15098454394051697 -0.5024111194322702 -0.3141534732997239 1.431968004844791 0.06491461469090601
45 405 0.2370062560288799 0 41.6763505151836 0.3074787094908306 -0.059089411558093635 0.11195179933298205 -0.5025545271437507 -0.31405046260125996 0.5346406171142614 0.07385118252698412
46 414 0.30879392910305803 0 41.676892566708084 0.4374096517841433 0.06821393296364092 0.16910314246422387 -0.5026471564429649 -0.31391374688739776 1.5222367550724865 0.06951219412866604
46 414 0.30879392910305736 0 41.67685226232914 0.4136024241726016 0.01896657683196843 0.16910314060157977 -0.5026471564429649 -0.31391374688739776 1.522236755072494 0.06951219412866598
46 414 0.2381886086748617 0 41.67525682761848 0.30385766930662983 -0.0701035935784081 0.13576509545065046 -0.5025565527368512 -0.3141512963764868 0.4004842312226384 0.07580734046715315
49 441 0.2820865514969119 0 41.67350944061785 0.41928434996409214 0.08484852597655934 0.14553817148287962 -0.5026319614082534 -0.3141592166169962 1.5313592908292386 0.07355511262743362
47 423 0.31363788449933977 0 41.68014177820197 0.43569478835602354 0.07833099255162349 0.14801691580027698 -0.502649210635764 -0.3136483600919599 1.4073566679272251 0.06497819643510788
47 423 0.31363788449933905 0 41.680088891712415 0.41188756074448185 0.029083636419950994 0.14801691393763278 -0.502649210635764 -0.31364836009195984 1.407356667927213 0.0649781964351078
47 423 0.21021958229989193 0 41.6743863497471 0.3075819391729587 -0.06095208213658087 0.12066310003593128 -0.502621159859112 -0.31409039108566117 0.5894629458093409 0.07210441394559951
50 450 0.2674135506853313 0 41.67486124865817 0.41349827933270744 0.07844290472541751 0.14924030926380893 -0.5026002101415395 -0.31411741293991563 1.2670718426517205 0.07210731327555761
48 432 0.30956407853940393 0 41.67882040350165 0.43639152152618677 0.07983575371162693 0.15098454114654813 -0.5024111194322705 -0.31415347329972393 1.431968004844801 0.06491461469090593
48 432 0.30956407853940315 0 41.678765570011855 0.412584293914645 0.030588397579954428 0.15098453928390393 -0.5024111194322703 -0.3141534732997239 1.4319680048447894 0.06491461469090586
48 432 0.17561753221792442 0 41.67767251666897 0.30772814145163846 -0.058117019192594335 0.12362459436382012 -0.5024405497852525 -0.31415748123249015 0.5926634021196213 0.0716307219572823
51 459 0.2384119213777251 0 41.682897618517266 0.4146196371163602 0.08103485975848826 0.146653723576731 -0.5024011338271281 -0.31385858322044874 1.537252516369355 0.06773686361988637
49 441 0.28208655149691286 0 41.67351266015745 0.43441218762202083 0.06006181523742336 0.14553816868891123 -0.5026319614082534 -0.3141592166169962 1.5313592908292422 0.07355511262743361
49 441 0.2820865514969124 0 41.67347814845703 0.4106049600104792 0.010814459105750854 0.14553816682626708 -0.5026319614082533 -0.3141592166169962 1.5313592908292357 0.07355511262743357
52 468 0.2095706831867871 0 41.67530508308467 0.4166654000388551 0.09499689055967483 0.14033346532048085 -0.5026333675852046 -0.31402071829480876 1.3708109665491144 0.06990557342032398
49 441 0.1623156920382158 0 41.67271956005991 0.30463189628398846 -0.06308909094807091 0.11712807349155718 -0.5026526655778968 -0.3141583995859506 0.3756292676176739 0.07394316240427408
50 450 0.26741355068533207 0 41.67484300900658 0.42862611699063596 0.05365619398628155 0.14924030646984054 -0.5026002101415395 -0.3141174129399156 1.2670718426517331 0.07210731327555764
50 450 0.26741355068533196 0 41.67482444841528 0.4048188893790943 0.004408837854608955 0.14924030460719628 -0.5026002101415397 -0.3141174129399156 1.2670718426517116 0.07210731327555757
50 450 0.16389956932671915 0 41.67393337862565 0.30390543801984354 -0.06764586907878004 0.11749664257286285 -0.5025985821779043 -0.31415913151468516 0.3562150259714139 0.07175071075836141
53 477 0.17069796304930782 0 41.6735701566989 0.4196332681771079 0.09021265165428656 0.15546187452122728 -0.5026530169547893 -0.31413193993650323 1.5363500620680908 0.06931702792047109
51 459 0.23841192137772566 0 41.68289377909834 0.4297474747742887 0.05624814901935229 0.14665372078276234 -0.5024011338271284 -0.3138585832204486 1.5372525163693573 0.06773686361988639
51 459 0.14662350576232858 0 41.673535397928866 0.30463728547074553 -0.06860343105922329 0.12062456147091416 -0.5026189769137964 -0.3141557461546435 0.5448926760620704 0.07213415415280924
51 459 0.2384119213777254 0 41.68286484457974 0.405940247162747 0.007000792887679618 0.14665371892011797 -0.5024011338271284 -0.3138585832204486 1.537252516369354 0.06773686361988633
54 486 0.1770974423823681 0 41.67367213928162 0.4198200411656211 0.07464830145056017 0.14589643861851403 -0.5026464868374707 -0.3141199657660705 1.513944668376065 0.07081770905846727
52 468 0.1470311180812042 0 41.67270885785518 0.30694119716231005 -0.06507007614389879 0.12230688771615417 -0.5026547293095 -0.3141577936372391 0.646030133573054 0.07159656538329282
52 468 0.20957068318678782 0 41.67531818102126 0.43179323769678357 0.07021017982053887 0.1403334625265123 -0.5026333675852046 -0.31402071829480865 1.370810966549125 0.06990557342032398
52 468 0.2095706831867879 0 41.6752761808936 0.40798601008524193 0.020962823688866303 0.14033346066386793 -0.5026333675852045 -0.31402071829480865 1.3708109665491084 0.06990557342032391
55 495 0.16842683581062526 0 41.67329500829282 0.41840739657115167 0.08916059996229382 0.1461683526325137 -0.5026449908033935 -0.31415500795875617 1.5233658169926196 0.07022604715591556
53 477 0.12497919128943319 0 41.67299314035868 0.30640921804444843 -0.06584452673506477 0.1278305666953078 -0.502645624431033 -0.31415838817225433 0.6289750982937917 0.07305695017160273
53 477 0.1702772590487084 0 41.67358078792193 0.43476110583503647 0.06542594091515054 0.15546187172725856 -0.5026530169547893 -0.3141319399365032 1.536350062068093 0.06931702792047106
53 477 0.17069796304930848 0 41.67354073833622 0.41095387822349483 0.016178584783478032 0.1554618698646143 -0.5026530169547893 -0.3141319399365032 1.5363500620680897 0.06931702792047101
56 504 0.17764998460458464 0 41.6734242583347 0.4150361779522172 0.08785195853076405 0.14075219786653453 -0.502647753115075 -0.3141355989513145 1.5337350165277692 0.06628511705237324
54 486 0.13647519328020088 0 41.673063309562444 0.305709682340514 -0.07009720642438419 0.11826466543021097 -0.5026545936160542 -0.31412641270520386 0.766304712849694 0.07121016144440395
54 486 0.17645853832229297 0 41.6732958311508 0.4343355266467212 0.047631847204402555 0.14636419647790427 -0.5026545411640941 -0.3141337868292664 1.5205537719982596 0.07132937683749953
54 486 0.17709744238236855 0 41.67363877694638 0.41114065121200816 0.0006142345797515297 0.14589643396190116 -0.5026464868374706 -0.31411996576607043 1.5139446683760691 0.07081770905846721
57 513 0.16391980969637115 0 41.673101627206684 0.4169513070517869 0.08134403489952037 0.14835095942642096 -0.502653336063194 -0.31415558127858695 1.4181934043694049 0.0699260928493338
55 495 0.1384266159190664 0 41.673043124969226 0.30468646421557355 -0.06853782476432493 0.1171976593995937 -0.5026538059128745 -0.3141297130441595 0.6740228672269993 0.07337503382844571
55 495 0.16571656402476576 0 41.67357125220972 0.43338510060592894 0.063239445695525 0.14770540408054772 -0.502639446872489 -0.3141462423549797 1.5301678453567493 0.07093867887311861
58 522 0.1581304247358848 0 41.67330299886661 0.4181357973463817 0.08870751315149528 0.1378031312765733 -0.502654662043373 -0.3141269231579168 1.4513821285196569 0.06599108333210335
55 495 0.1684268358106258 0 41.673264876949546 0.4097280066175386 0.01512653309148521 0.14616834797590061 -0.5026449908033936 -0.3141550079587562 1.523365816992622 0.07022604715591552
56 504 0.17375356625555816 0 41.67261912976609 0.3036748470872428 -0.08015107771398289 0.11360153893808955 -0.5026508884022978 -0.3141592069535912 0.7074543553776088 0.07292399198967671
56 504 0.16718183767034675 0 41.67349526241396 0.43037026361095837 0.06245852892035101 0.14350666065065032 -0.5026385652142954 -0.3141493730506361 1.5352867002952608 0.06683215246869965
59 531 0.13630612780053547 0 41.673083634442854 0.41621848108527765 0.08304641981539873 0.14399180294542607 -0.502650378268461 -0.31415813355639255 1.5104687811764828 0.06867475234482864
56 504 0.17764998460458528 0 41.67339456145871 0.406356787998604 0.013817891659955362 0.14075219320992116 -0.502647753115075 -0.31413559895131443 1.5337350165277686 0.06628511705237318
57 513 0.1800663371032691 0 41.67262175437847 0.3047621038743483 -0.06956618652810599 0.115325608076982 -0.5026531003959059 -0.3141592653502958 0.7097096795927504 0.07124857349784665
60 540 0.13287082907037165 0 41.67393501024846 0.4165250042804419 0.07844778711486586 0.14526326721252492 -0.5026131030150955 -0.3141567804177564 1.2688369122034946 0.06706159676484227
57 513 0.16085815812857515 0 41.67305678442122 0.4301425802259379 0.06115496267942508 0.1480183594058529 -0.5026548148432028 -0.31415801593994924 1.4230802962823628 0.06934947878717192
57 513 0.16391980969637154 0 41.673066908257304 0.4082719170981738 0.007309968028711654 0.14835095476980775 -0.5026533360631938 -0.3141555812785869 1.41819340436941 0.06992609284933379
58 522 0.17370023372214324 0 41.67272130729385 0.30342187627673434 -0.07762282573146956 0.10806487306323165 -0.5026441467679836 -0.314158732719527 0.559705380150215 0.07223340810158255
61 549 0.1630766026782329 0 41.674360839198464 0.4119079675933554 0.0802283690195281 0.15080362331972091 -0.5026055168479922 -0.31414915334436555 1.445180970876308 0.06776837725097758
58 522 0.15606257293072695 0 41.67324521000016 0.42890070022355753 0.06308583672689407 0.14091458824985842 -0.5026445607968375 -0.31415361831192956 1.3507697978371427 0.06824711054693981
58 522 0.15813042473588498 0 41.673272701789 0.40945640739276856 0.014673446280686555 0.1378031266199598 -0.502654662043373 -0.31412692315791685 1.4513821285196593 0.0659910833321033
62 558 0.18057972739635889 0 41.674059138490364 0.4132181900627739 0.09012661588653517 0.13716029241491873 -0.5026109545393972 -0.3141482481720477 1.5173358992232469 0.06422053250885541
59 531 0.15950133606317526 0 41.67257239102204 0.3043636136161381 -0.07575330596299164 0.1079641517774309 -0.5026500939930224 -0.3141588502705316 0.7591909959288526 0.07233042309244077
59 531 0.1329787949146356 0 41.67310112245091 0.4287102291589474 0.056394215831139224 0.14558472857593352 -0.5026530413397975 -0.3141544517829847 1.4570758453043264 0.06933987661999501
59 531 0.13630612780053553 0 41.67305109374069 0.4075390911316646 0.009012352944590005 0.1439917982888128 -0.502650378268461 -0.31415813355639255 1.5104687811764856 0.06867475234482862
63 567 0.2018162699204907 0 41.673592131347185 0.41246785322666796 0.08738076508733153 0.15313710687570342 -0.5026545566077129 -0.31412671293138106 1.4116210294202776 0.06685157454422663
60 540 0.1563354416403368 0 41.67406317278707 0.30511322141839403 -0.07939915718928216 0.10936445241877757 -0.5026467557212324 -0.3140542201902053 0.8732158584716847 0.07268408207690154
60 540 0.13315852878198142 0 41.67360613839346 0.42857555714431933 0.060965042420740585 0.15333580404866226 -0.502639081726008 -0.3141522509196235 1.5003707925790053 0.07028773678089774
60 540 0.1328708290703715 0 41.6738989746709 0.40784561432682886 0.004413720244057037 0.14526326255591143 -0.5026131030150957 -0.3141567804177564 1.2688369122034984 0.06706159676484227
64 576 0.2032767863715258 0 41.67323573774127 0.4137209034601775 0.10351786984750819 0.13809927062750604 -0.5026441107118945 -0.31415880354322456 1.4920216738556373 0.0642049167707246
61 549 0.16943481958460357 0 41.67336389417206 0.3035459867368388 -0.07649996550146558 0.12255336614854762 -0.502652898659524 -0.31411168259746997 0.8053287540549398 0.0752528698896929
61 549 0.16307660267823262 0 41.67432627002793 0.40322857763974224 0.006194302148719205 0.15080361866310754 -0.5026055168479922 -0.3141491533443656 1.4451809708763101 0.06776837725097759
61 549 0.14234080526450887 0 41.673307282470766 0.42833197709110293 0.07222654144879007 0.13739432189172845 -0.502651739538811 -0.3141364726676619 1.3053692968957986 0.06586526650014678
65 585 0.18539737311415144 0 41.673181726858246 0.41081799303678596 0.09769175914005851 0.1429107556506623 -0.5026547741322545 -0.31414975427576863 1.5069722518201953 0.06420548700978032
62 558 0.19457962375652116 0 41.67316493075391 0.3033751250510001 -0.08174090898592509 0.11554526289499067 -0.5026523110541146 -0.3141189262904533 0.8879988211883301 0.07659475346637938
66 594 0.171080390424295 0 41.67297071421234 0.4130210464804557 0.08977474746471242 0.13352905264390957 -0.502649308536659 -0.3141582295705711 1.4163231560526897 0.06220318961270698
62 558 0.1805797273963582 0 41.674031465845445 0.4045388001091607 0.016092549015726345 0.13716028775830513 -0.5026109545393973 -0.3141482481720476 1.517335899223247 0.06422053250885541
62 558 0.13800045332546332 0 41.67440124463503 0.42741263658691 0.07596921830991218 0.1384296129814096 -0.502598692618907 -0.3141491936375044 1.3212595302245371 0.06472124133194924
63 567 0.21790527436220247 0 41.67362618566158 0.303635273064482 -0.0699667214653926 0.13118888633755638 -0.5026347939234346 -0.31413444432412907 0.8003564084489542 0.07513856328158763
67 603 0.15808004276410825 0 41.67354338186021 0.41318082694122993 0.08625405939196443 0.1373333220333951 -0.5026261559146926 -0.31415759656599096 1.2288730425874463 0.06748290217511492
67 603 0.15808004276410825 0 41.67354338186021 0.41318082694122993 0.08625405939196443 0.1373333220333951 -0.5026261559146926 -0.31415759656599096 1.2288730425874463 0.06748290217511492
63 567 0.20181626992048982 0 41.67355876496552 0.4037884632730548 0.013346698216522663 0.15313710221909 -0.5026545566077129 -0.31412671293138095 1.4116210294202793 0.06685157454422665
63 567 0.1345268617314963 0 41.67332603909753 0.4277441305988704 0.06856099344811478 0.14065661117008238 -0.5026516445661485 -0.31413992717489575 1.4646499386757093 0.0677420844780051
64 576 0.20099099827793837 0 41.673860384199166 0.3035118666738848 -0.06698296439066309 0.12163901842182312 -0.5026107478508647 -0.3141485141570488 0.7608612162856441 0.07451983603240393
64 576 0.20327678637152438 0 41.673216090930495 0.4050415135065643 0.029483802976699308 0.13809926597089245 -0.5026441107118946 -0.31415880354322456 1.4920216738556364 0.06420491677072461
65 585 0.19417524748234216 0 41.672867799890945 0.30337242920287394 -0.08333579188272158 0.12803433049661261 -0.5026504964613561 -0.31415710209211267 0.9371610455541154 0.07654012052085582
64 576 0.13892143247116565 0 41.67304166721835 0.4277449451923709 0.06077380032134582 0.13027492146260833 -0.5026488642143571 -0.31415083972183994 1.4763399441146725 0.06869413614412873
66 594 0.20889007699991677 0 41.673131286216794 0.303463717623012 -0.07758835407594904 0.14663530777050782 -0.50265421313362 -0.31415488828196514 1.152156371360266 0.07576833388367799
65 585 0.13347659420087918 0 41.672969204324424 0.42791614524641153 0.060267786842992846 0.13606963902171487 -0.5026513773156228 -0.31415741869504205 1.416076543625749 0.06966986088591409
65 585 0.18539737311414978 0 41.673156645172185 0.40213860308317273 0.023657692269249526 0.14291075099404865 -0.5026547741322545 -0.31414975427576863 1.5069722518201945 0.06420548700978038
67 603 0.19684156358202326 0 41.67314135625626 0.30340347685271296 -0.07753321240420359 0.13626281930148554 -0.5026541630080736 -0.3141413939017775 0.8943060645023257 0.07697861072771704
67 603 0.19684156358202326 0 41.67314135625626 0.30340347685271296 -0.07753321240420359 0.13626281930148554 -0.5026541630080736 -0.3141413939017775 0.8943060645023257 0.07697861072771704
66 594 0.14162428681176192 0 41.672702295750916 0.4271445240987509 0.06276373741774895 0.11985102806329928 -0.5026534765221657 -0.31415599130578087 1.3223838973086535 0.06856290342382595
66 594 0.17108039042429346 0 41.67294236379998 0.4043416565268425 0.01574068059390353 0.1335290479872958 -0.502649308536659 -0.31415822957057116 1.4163231560526897 0.062203189612707044
67 603 0.15171932662342 0 41.67286058319337 0.42671735855876947 0.06746304426843268 0.11297231841069855 -0.5026422978235503 -0.3141590410867349 1.348609079683547 0.06829919091967318
67 603 0.15171932662342 0 41.67286058319337 0.42671735855876947 0.06746304426843268 0.11297231841069855 -0.5026422978235503 -0.3141590410867349 1.348609079683547 0.06829919091967318
67 603 0.1580800427641069 0 41.673509170902065 0.4045014369876168 0.01221999252115555 0.13733331737678162 -0.5026261559146926 -0.31415759656599096 1.22887304258745 0.06748290217511493
67 603 0.1580800427641069 0 41.673509170902065 0.4045014369876168 0.01221999252115555 0.13733331737678162 -0.5026261559146926 -0.31415759656599096 1.22887304258745 0.06748290217511493
